chromosome	start.pos	end.pos	Bf	N.BAF	sd.BAF	depth.ratio	N.ratio	sd.ratio	CNt	A	B	LPP
chr1	87190	124514261	0.34221759272743	5584	0.110571625843925	0.673413677089247	242809	0.230157562002498	3	2	1	-6.9394233338488
chr1	125065988	143352108	0.125329065793578	15	0.178152502889278	0.574319558759575	399	0.335480002429092	3	3	0	-9.02622574107436
chr1	143542957	143885035	0.499050456348475	14	0.0937721109456793	1.01642642337356	546	0.471767644187077	4	2	2	-6.74459863081828
chr1	144104296	145608293	0.0581092831258482	26	0.0895912083598866	5.61461615810675	2120	4.35899954897351	18	17	1	-6.73828034106184
chr1	145654369	146530152	0.161963887386547	28	0.0968947227747069	0.874224534776414	2878	0.306486620907233	5	4	1	-7.18553297591158
chr1	146641310	150853154	0.003627728161812	131	0.0986532775535072	0.451574453100673	7066	0.17027532634566	2	2	0	-6.73735026054428
chr1	150859632	151557442	0.198611205353667	70	0.122491009515018	2.04519845243094	10491	1.12118595146197	10	8	2	-6.73679593400022
chr1	151561666	152309604	0.338948210361812	68	0.104338186678213	1.25186476282127	5139	3.87327595069081	6	4	2	-6.73498449583082
chr1	152909659	159713648	0.00122405499247236	379	0.00469599314687161	0.435201145849288	23350	0.132764180989112	2	2	0	-7.17870386039516
chr1	159744970	160185888	0.124171008653382	94	0.0567277612170787	3.14169765331212	6560	1.16072662189478	16	14	2	-6.73734110243225
chr1	160231932	161566138	0.0539527422037416	415	0.0514346573251684	7.73480238566645	33941	4.47670014988369	19	18	1	-6.74697658615244
chr1	161572445	161599553	0.498828707191859	11	0.197551926430404	8.93348204489616	606	3.5567062261017	20	10	10	-6.73363811710177
chr1	161599565	161642620	0.498211478770158	54	0.172107060638004	10.6660612766837	1944	4.48966934807397	20	10	10	-6.73402719031397
chr1	161645605	161650475	0.449432907023266	9	0.185643999214746	13.427761185009	71	8.13289247641932	20	11	9	-6.73308717504365
chr1	161653235	161798259	0.0357927527679438	68	0.0370148482415153	10.6215035538594	3662	5.66356830021056	20	19	1	-6.82210034084618
chr1	161829119	163180946	0.0781600795155273	191	0.0653129309353701	5.1145939316853	9587	4.02707165785416	13	12	1	-6.74827955363102
chr1	163281094	166428857	-2.19610474061493e-06	41	0.0156173761888606	0.418202184573878	1722	0.164686848952739	2	2	0	-7.17927238840217
chr1	166472365	166849329	0.0956294711821051	33	0.0786817645694196	3.96932724743489	1004	2.37648978513597	20	18	2	-6.73561368137179
chr1	166857536	179382377	0.00122102042919287	350	0.00904835058909277	0.437501186132127	15394	0.145779701661086	2	2	0	-7.21565906244094
chr1	179776241	182734194	0.498740496671531	175	0.110416395643624	0.992109892321341	6880	0.413439875376527	4	2	2	-6.81174259841596
chr1	182768837	184047759	0.168757876257249	102	0.0930444024277718	2.16063142713113	7558	0.935349685530365	11	9	2	-6.76338485942572
chr1	184174980	184251122	0.0513911943189982	20	0.0435744976116221	6.81018348915124	379	5.69688048264033	19	18	1	-6.73380829509229
chr1	184374385	185175522	0.208742978170778	47	0.11621509452784	2.14372450636913	3171	1.00572520711667	10	8	2	-6.73803429418165
chr1	185190720	188812904	0.498808611698526	112	0.11312817719537	1.11903544503316	5790	0.679434959254802	6	3	3	-6.91129239862641
chr1	189000692	195739869	0.172655273558895	262	0.109456662008854	2.16721401822556	8086	1.36798194513866	10	8	2	-6.77508056036959
chr1	195838736	196690107	0.082222583219958	14	0.0284258240430682	0.75266013200303	502	0.875778725213042	11	10	1	-7.62099056042858
chr1	196700451	197177401	0.142844127865897	78	0.103137866052771	3.22977802578459	3681	1.40954484413436	14	12	2	-6.73306288453919
chr1	197199495	197840964	0.0033635767457395	20	0.0203482185952481	0.425176292005647	657	0.132657495033651	2	2	0	-6.84480669360583
chr1	197914666	199787871	0.0829579919471074	129	0.0682688164424257	4.91381738236985	5819	3.10629005449398	13	12	1	-6.76773202283618
chr1	199794034	200434532	0.210956806580893	102	0.109211915454262	1.99133356344156	3040	1.17576242089257	9	7	2	-6.73960389001334
chr1	200445073	201305403	0.140261768584955	187	0.0858890628298766	2.96197169455277	9851	1.36286627537298	14	12	2	-6.73499348809293
chr1	201314230	201350166	0.270905085482691	18	0.0977350192455504	1.53622954453707	310	0.504817321868104	7	5	2	-6.74687615428301
chr1	201359696	201979617	0.123248335296433	191	0.0816744480165252	3.49622929381536	8447	1.97537432003197	16	14	2	-6.73345133247002
chr1	201980122	204415772	0.0541664323825127	943	0.0430580316535073	7.08335367013561	50329	3.97914767330369	19	18	1	-6.75633339974951
chr1	204417137	205382575	0.0664618866833044	361	0.0465598804600251	5.89493140309013	17175	3.06484159825656	15	14	1	-6.75149398526784
chr1	205384087	205702320	0.20277466125091	62	0.0945441511135574	2.08803407731118	2238	1.36670238183507	10	8	2	-6.73427707630743
chr1	205720679	206781221	0.00234607548215426	51	0	0.440012513315465	2142	0.137615242323494	1	1	0	-Inf
chr1	206867269	207071712	0.499346180998343	15	0.0555498060516952	0.828031255616034	1042	0.218130947889959	4	2	2	-6.75541533131766
chr1	207096574	207580276	0.00386191943060332	25	0.118589375578085	0.474828858617132	782	0.165548586522731	2	2	0	-6.75397474910134
chr1	207609511	207761504	0.179461858862415	15	0.0757230542990769	2.76888332375482	1242	1.29806849812314	11	9	2	-6.73417771614932
chr1	207785725	213495555	0.00299679736715114	163	0.0115091288531767	0.456545678230927	6457	0.483616687236345	2	2	0	-6.77374650968368
chr1	213594149	214436479	0.498604831369115	20	0.13122760460561	0.854084996860376	988	0.586034354759712	4	2	2	-6.73878620673623
chr1	214449302	218670253	0.00298761251066759	116	0.0408011045798093	0.449380771527138	3216	0.56114963080033	2	2	0	-6.7372567818872
chr1	218686214	219409303	0.110280024557863	14	0.100741454522657	1.22934079780222	405	1.34384070493477	8	7	1	-6.78234529416294
chr1	219410449	220053197	0.0435456653739313	137	0.0427789358807348	8.53228061879082	6283	4.84175354952221	20	19	1	-6.75317792089207
chr1	220055316	220333616	0.114887291037199	81	0.0918406597870652	3.37772605258981	3359	1.57931045430362	17	15	2	-6.73477682391152
chr1	220416741	220881139	-0.000844488821657441	18	0	0.432088370299491	592	0.141471453375194	1	1	0	-Inf
chr1	220977350	221978907	0.155759762459579	40	0.0977393151088584	2.1477036427424	1151	1.39246880092147	12	10	2	-6.75809796728185
chr1	222133747	223029947	0.0621781181429358	52	0.0380772563478567	3.45072732062231	2509	3.14383860714752	16	15	1	-6.73322077495032
chr1	223029990	223676881	0.0028823102333928	24	0	0.416497378575018	755	0.142416614897212	1	1	0	-Inf
chr1	223708711	223965184	0.194873081971385	55	0.0873762443734456	2.11870408571932	2062	1.12912959791581	10	8	2	-6.73568554528244
chr1	223969920	224175668	0.0796680658796203	94	0.086011984209126	5.51085106971234	1995	4.25441496425162	13	12	1	-6.73629174356119
chr1	224176106	224236771	0.304445062146854	17	0.129088205138511	1.83623068892339	532	0.767974739455065	10	7	3	-6.73654119287305
chr1	224244691	224991453	0.148498051294816	114	0.0922865147642279	2.61034514630478	3922	2.04087574950549	13	11	2	-6.73668834900834
chr1	225042906	227507643	0.00336516599415271	159	0.0410360229399464	0.470595316640537	4681	0.203882128505479	2	2	0	-6.78011174085949
chr1	227563411	227882409	0.106914280698532	55	0.0639316659602885	3.86463802673509	2453	1.80362544596206	19	17	2	-6.73415155012386
chr1	227892840	228100545	0.0522918072336866	119	0.0547687867051243	7.61387306306332	3095	4.82929320962259	19	18	1	-6.73477232959338
chr1	228106599	230747753	0.00423646988251641	163	0.033179303289555	0.518491122844291	5314	0.487548660370295	2	2	0	-6.85648482370462
chr1	230755502	231721935	0.297721657554525	94	0.114720485812341	1.15697813683964	3596	0.530972047901914	6	4	2	-6.8451987836992
chr1	231767264	233376616	0.00766151860153852	60	0.116055173903754	0.446425291132101	1679	0.232609574367661	2	2	0	-6.74130228212208
chr1	233559124	236811820	0.498831520092037	325	0.0859812948142195	0.961554936611354	8813	0.418917704753667	4	2	2	-6.76820583074763
chr1	236852328	237660167	0.145877679958328	167	0.0819372737610756	2.76282228728374	4705	1.88999836812854	14	12	2	-6.73654106085311
chr1	237678090	242110553	0.498763278450561	234	0.108863064841852	0.894721892458945	6741	0.68334365721818	4	2	2	-6.7345145401766
chr1	242183623	242300392	0.196094898608024	36	0.0852823880662691	2.22401220356937	399	1.22884759892864	10	8	2	-6.73430886911635
chr1	242405870	242813119	0.441446768349466	14	0.0813573382278236	0.801247145391129	353	0.352468859023392	4	2	2	-7.05984466135027
chr1	242865351	243119950	0.089852747084151	83	0.0690166180314706	3.86127264525282	1501	2.86790858623674	11	10	1	-6.73668131315045
chr1	243139170	243854641	0.0548779046184199	89	0.0416286019523924	8.37764074659915	6833	5.8445692661088	18	17	1	-6.73964259514627
chr1	243860660	245575390	0.0871662356013013	394	0.0926860982590042	4.25650822272157	12536	2.98499661361773	20	18	2	-6.74500608960138
chr1	245600280	247123549	0.498811498665033	147	0.0931865990478369	0.844960656634854	3657	0.294739383862902	4	2	2	-6.78859193248099
chr1	247123958	247244310	0.130787280291049	62	0.0638380337506293	3.69808464516884	1152	2.01690816461473	15	13	2	-6.73410210276413
chr1	247248927	247775278	0.473010612421756	70	0.066833813239501	0.82415650833464	1521	0.252170944293112	4	2	2	-6.87651536426669
chr1	247840994	248453582	0.162636148991083	75	0.0813550709394784	2.16158254948606	3866	0.705041752353103	12	10	2	-6.77412381603433
chr1	248471992	248945592	0.10976259870827	91	0.0902865185587274	3.45493443435455	3702	2.45141401355544	18	16	2	-6.73450985261664
chr2	39356	92075691	0.196959030401567	4724	0.0995677472440512	1.13897087811853	189170	0.434293962724493	5	4	1	-6.73542198118948
chr2	94194584	95939023	0.49842206825467	46	0.121787311635335	1.02323548339522	3744	0.369209020160142	4	2	2	-6.83904111875958
chr2	95939037	95957270	0.0910814148562483	68	0.134740490501219	0.824838446911354	208	0.377966857967535	9	8	1	-6.80873652739282
chr2	96032437	160265623	0.194516099804173	2581	0.103943275238713	1.13221002326833	111008	0.425442698438816	5	4	1	-6.73723461870334
chr2	160940818	170135808	0.000368505286426846	133	0.00962492066171773	0.247408726228939	8190	0.131662145412885	1	1	0	-8.44397427142949
chr2	170214299	241897463	0.336794688052662	2627	0.104930424083149	0.676848775739297	120135	0.22545406285479	3	2	1	-6.77609200940857
chr3	186960	90232259	0.332095436059262	3199	0.106945773887851	0.690054004084436	136497	0.232096523978219	3	2	1	-6.87919725850528
chr3	91429061	101060966	0.00218585509764058	137	0.0655215779651773	0.469530545757379	6019	0.165285264723187	2	2	0	-6.95107973614533
chr3	101103874	103433201	0.360228552469659	35	0.122918754338251	0.71487474371529	2559	0.234969234589373	3	2	1	-6.81832557468708
chr3	103691661	178980172	-6.47064632424699e-05	1766	0.0178397737006344	0.461990969150895	72715	0.163480430829261	2	2	0	-7.15911997801322
chr3	179115214	195770250	0.498888713693101	999	0.0898585136552125	0.886511852448376	34403	0.312754637680219	4	2	2	-6.7960034082565
chr3	195778965	195788578	0.471501466377169	65	0.120496822093429	0.645812536713171	300	0.182921589253261	4	2	2	-6.78646750832555
chr3	195788723	198120733	0.498807925440124	343	0.097523999731286	0.932714502465497	9441	0.342447050006563	4	2	2	-6.74109065252531
chr4	46210	48907340	0.342363614701535	1753	0.111291605646452	0.678916046115454	60224	0.234255257598648	3	2	1	-6.74574924413642
chr4	49102515	49154222	0.497665955223574	10	0.141519531435692	0.117144742879233	53	0.097706303638415	2	1	1	-10.0199033266454
chr4	49157790	49709723	0.498451737671731	72	0.150681144527505	0.613888634464488	335	0.400121522049025	2	1	1	-6.91455894845615
chr4	52072077	164196914	0.338176161184767	2741	0.110343875274717	0.67545006231414	109903	0.239264967819978	3	2	1	-6.8314785641231
chr4	164254666	190179679	0.000878394076968936	615	0.0631173620984595	0.449038242860388	18455	0.165702950950113	2	2	0	-6.81336115770723
chr5	44595	257077	0.410878189320767	93	0.0737396405985642	1.17441361111076	1108	0.371617274906718	5	3	2	-6.74707304438587
chr5	263571	636729	0.0763794565115183	104	0.0517657869185333	5.67539145610184	5321	2.47901771392179	13	12	1	-6.74859105070312
chr5	688456	878410	0.498498181241345	149	0.163549049750295	6.41666809918419	5247	2.96737668462768	20	10	10	-6.73462036749182
chr5	966706	1632826	0.208865555873942	81	0.0985018910014635	1.77204800217252	4095	1.07855861296343	9	7	2	-6.75108590080333
chr5	1801575	8792737	0.498806589038874	244	0.107382627027515	0.90407850429061	6162	0.522806690381494	4	2	2	-6.73353788735373
chr5	8816896	9379998	0.0865620222289057	62	0.0623207869535925	4.43307718920974	1998	2.96131151547716	12	11	1	-6.74372604805357
chr5	9524219	46381441	0.498879892442981	1268	0.0935527790344806	0.858242599073861	42157	0.316582712012901	4	2	2	-7.38301013245176
chr5	49599598	49661585	0.0188877011201747	12	0.144337567297406	0.0291884793236616	43	0.0372912573367291	1	1	0	-17.6986948538648
chr5	50491599	181281936	0.498921372509452	4657	0.0918072337153045	0.876953455753587	205528	0.310605489371108	4	2	2	-7.62702762968756
chr6	178170	20391092	0.321484409572079	1245	0.108525174741176	1.35246012466901	47193	0.5795525183522	6	4	2	-6.7424946024073
chr6	20486523	24697987	-0.00105511779928957	103	0	0.43459800509343	2966	0.188030937512292	1	1	0	-Inf
chr6	24768159	29927786	0.498864907637358	292	0.0975203620480414	0.873338650609777	15966	0.286363493874842	4	2	2	-6.79265072995088
chr6	29927827	29928343	0.123709999075925	12	0.107487842864374	0.29378620843898	25	0.140006571274351	8	7	1	-6.78512570482212
chr6	29928491	29934517	0.483982668765922	16	0.0463333932853329	0.690258153571809	60	0.22041474196291	4	2	2	-6.8095199870316
chr6	29938797	29945749	0.281587902921385	44	0.120712516450892	0.743313645431488	134	0.408580132971387	7	5	2	-6.74815607767912
chr6	29957350	32485632	0.480349780524103	516	0.0847060866000618	0.888870784704995	21822	0.259829439466678	4	2	2	-6.77628237307975
chr6	32521862	32662112	0.208469243142075	35	0.151631242207684	0.306245649563496	89	0.297847207712246	3	2	1	-7.66763767278191
chr6	32664914	32666452	0.0147283547208286	9	0.0833333333333333	0.0828832848983391	14	0.0470122733565805	1	1	0	-7.14888461159051
chr6	32666484	33085905	0.498816109574652	168	0.110751218050576	0.882483243697119	1918	0.249158129969646	4	2	2	-6.73662269502542
chr6	33086191	33086775	0.169351294871467	9	0.108065952084826	0.720998191116119	24	0.124025761407675	6	5	1	-6.74263073730096
chr6	33092287	60964215	0.498902462316228	1150	0.0822328227244751	0.887768050202381	66792	0.293156579226231	4	2	2	-6.83893134075255
chr6	61134729	111180907	0.498878645727046	1295	0.0901926289058035	0.899383777666759	56754	0.333999556022437	4	2	2	-6.76279156833177
chr6	111612017	170587747	-0.000651822224061016	1571	0.0308720121300053	0.444824985364556	55440	0.153570900488976	2	2	0	-7.35233858117188
chr7	119306	58091518	0.498868991707945	1847	0.114362445308773	0.463032377019438	63530	0.164294274329491	2	1	1	-7.15331379788981
chr7	61725387	63758699	0.244921800122793	28	0.15868200539437	0.425094674748085	747	0.161610044019803	2	2	0	-8.10334895584719
chr7	63758762	67014610	0.454520653002636	141	0.0987811484995265	0.473252602648796	5624	0.169989801932561	2	1	1	-6.96669923283238
chr7	67019024	67020892	0.0678067167852116	13	0.050150542600025	0.610490849624328	28	0.157978868053049	14	13	1	-6.85610018905583
chr7	67027989	100952148	0.498853300551175	1132	0.103699067750516	0.470516046956229	46153	0.163174958723094	2	1	1	-7.53763761810281
chr7	100952233	100958510	0.131790524847459	42	0.143094920293157	0.299602775163594	222	0.135049934977497	6	5	1	-7.20863922312011
chr7	100958568	100976343	0.498566659179583	108	0.145316034903241	0.371453709278854	419	0.104769334087581	2	1	1	-6.77234364913117
chr7	100981437	142286380	0.49885722996993	1274	0.110055514628483	0.466013916598386	50263	0.159113576437342	2	1	1	-7.29510364889744
chr7	142308529	142309136	0.0415014050809747	10	0.0471847432969599	0.401468571714265	28	0.119112569583584	20	19	1	-6.8998944123683
chr7	142313561	142752462	0.498655661806139	71	0.156644547577355	0.39896577287514	1194	0.105160117100786	2	1	1	-7.11187334509708
chr7	142752700	142773810	0.063367245069442	15	0.154391432034664	0.369250795755364	179	0.110707365760345	2	2	0	-6.87665372891616
chr7	142773841	152380007	0.498838511808109	409	0.0984961782787994	0.45739654480823	16144	0.148761780828285	2	1	1	-6.7439735152368
chr7	152380104	152406906	0.384943033698035	51	0.173624496780705	0.326960671754391	137	0.192570627416491	3	2	1	-7.01098207096265
chr7	152407365	159260906	0.498791340018378	236	0.125083319292527	0.468650167959604	6853	0.16976076051405	2	1	1	-6.86522257960676
chr8	242991	43618035	0.39874480431698	2740	0.0990072154814543	1.12760358695208	92865	0.436018345363472	5	3	2	-6.74087438634308
chr8	45952323	145003654	0.39296536329943	3715	0.0976176132791825	1.13457373786791	162585	0.43659412372856	5	3	2	-6.73672555146314
chr9	117877	43268253	0.338627675176108	1580	0.119244018026273	0.663768704736014	50112	0.232529400570136	3	2	1	-7.05563924014058
chr9	61180650	65385796	0.340621810192447	94	0.154264954045536	0.606786004299899	1191	0.233340463268356	3	2	1	-7.30424402798161
chr9	65390897	138199123	0.329986469172064	3246	0.10383237513693	0.670314436770091	138363	0.228742430126308	3	2	1	-6.96064602231194
chr10	47876	38527682	-1.76532155191644e-05	1342	0.03832352997786	0.458656201837335	40735	0.171004524250417	2	2	0	-6.79931443516525
chr10	38527690	39967657	0.453201379961829	47	0.173437240553264	0.462656030359414	215	0.269960241383508	2	1	1	-6.78019432431385
chr10	41860304	42283185	0.498172825036718	29	0.168875693928996	0.43015647210482	222	0.186831537975808	2	1	1	-6.7549593207513
chr10	42286966	125835318	0.00197325348396116	2415	0.0339516419437844	0.457835654167554	102519	0.159726205902229	2	2	0	-6.84141151719928
chr10	125896691	125917965	0.384169497665423	12	0.136240735019993	0.417937479671505	47	0.183594186078664	3	2	1	-6.90471762247885
chr10	126004910	133787106	-0.000252597099805407	330	0.0366677074550637	0.448569537060385	8981	0.147560027958839	2	2	0	-6.76921287274431
chr11	223868	50553261	0.326809450927352	2630	0.103972799022458	0.672579525419804	90039	0.220621395195339	3	2	1	-6.84528908839772
chr11	54591585	56700450	0.327242165690936	145	0.0994255733501966	0.63477954954313	3429	0.177301879043333	3	2	1	-6.93309070177468
chr11	56700544	56740376	0.107282083533675	23	0.0692639734906641	0.425404651361449	74	0.161687817115664	2	2	0	-7.91275660174134
chr11	56740404	135003763	0.323315827746334	3252	0.103706605141845	0.677234892339167	159782	0.219527557321973	3	2	1	-6.7799409575007
chr12	13488	34309801	0.333081872188181	1911	0.111200365714372	0.675841205908992	63513	0.229241286049705	3	2	1	-6.76181707972869
chr12	37433302	133219447	0.32415465041751	3732	0.106229046253575	0.68058398756289	188073	0.229929058544875	3	2	1	-6.74029194316678
chr13	18177561	114324544	0.498907452049366	3110	0.0943013097278037	0.895057751886617	117854	0.326683487803674	4	2	2	-6.85778730810741
chr14	16098225	16402034	0.107486078314446	3	0.0593548650070068	0.725618473160273	9	0.295477485511916	7	6	1	-8.00912249916622
chr14	18289867	19936715	0.49862811558942	100	0.126912795559659	0.593712965684485	1839	0.236277177963868	2	1	1	-7.7883774270865
chr14	19976331	105644656	0.0340791345017848	2796	0.0553877592310971	0.464304802831954	116591	0.158579895365592	2	2	0	-7.77027961311045
chr14	105646403	105707021	0.267261232993525	10	0.138301964314804	0.472011894712592	66	0.204953635668882	3	2	1	-6.98168262961777
chr14	105707453	106257711	0.0328632940951106	68	0.092592909465201	0.41952921811898	1559	0.152568626574869	2	2	0	-6.8970033656049
chr14	106264721	106349318	0.498922082248053	11	0.122198497238193	0.385853803021807	266	0.118690536194088	2	1	1	-6.82802813167622
chr14	106349354	106349626	0.158715180015329	14	0.057686963122405	0.470174902339424	20	0.0849420080810555	6	5	1	-6.76993451052151
chr14	106369427	106874951	0.0212139146393673	113	0.0303319420199297	0.433392441907929	1622	0.170097651517057	2	2	0	-7.03654026346674
chr15	19876408	65023623	0.31552553312864	1866	0.117463924925973	0.669790258885766	91609	0.230625378210364	3	2	1	-6.90033262490691
chr15	65024048	101980754	0.253848389702082	1812	0.108492230590098	0.900424292979485	88231	0.322345762507506	4	3	1	-6.75245644606525
chr16	11641	33520050	0.498906504557573	2984	0.0975122268386944	0.918147488494456	125235	0.308135867038557	4	2	2	-6.75472798616161
chr16	33593415	35301693	0.431319323536258	95	0.13222418523997	0.792035836425611	2099	0.258718772781747	4	2	2	-7.1675630692606
chr16	46386234	55823586	0.49657144612269	450	0.0921341276125358	0.88722129837282	18513	0.317195364767418	4	2	2	-6.76647899470117
chr16	55828671	55849500	0.116685892060138	12	0.0517747891147689	0.677884152119679	80	0.192719034929222	8	7	1	-7.05920051002241
chr16	55849706	90075679	0.498915175199078	2750	0.0900164769356776	0.911415210029025	98716	0.311833605983861	4	2	2	-6.73472979377709
chr16	90092111	90173575	0.393558553920658	13	0.170471104401589	0.854667446037778	91	0.368481661414153	5	3	2	-6.76291664267237
chr17	137637	999629	0.000464511810468249	61	0.0702102424299796	0.475925285243632	1758	0.188461717947516	2	2	0	-6.76394157103533
chr17	1006211	21290834	0.421165900543149	1939	0.0977479071239247	0.773990189519587	82265	0.251676888902757	3	2	1	-9.31088121371289
chr17	21290899	22131432	0.338935337315728	295	0.146613792341283	0.631596270819108	1462	0.246795059162977	3	2	1	-6.78172894639063
chr17	22132510	22147092	0.490217026041292	36	0.149237200668908	0.387115104820946	70	0.207307333287519	2	1	1	-6.74083790695099
chr17	22153619	22375560	0.499120924800468	22	0.0767498466515664	0.728498286074996	331	0.312114875113103	4	2	2	-6.79928811501047
chr17	24421439	31958476	0.498777015375199	351	0.106925161447576	0.797218940316121	20398	0.269940007112174	4	2	2	-7.64579442207486
chr17	31962157	31969426	0.0922420594726415	20	0.117002237945308	0.713096352862836	60	0.25905220772594	9	8	1	-6.81987796017552
chr17	31969448	45590568	0.429389837778516	821	0.0902563655249879	0.782777362549211	59228	0.252140732556267	4	2	2	-9.0925687874939
chr17	45590615	47195475	0.482603180342867	173	0.122430040981791	0.769044314878774	4160	0.309854253739469	4	2	2	-7.01281084927038
chr17	47213714	47673230	-0.000844488821657441	18	0	0.495966877075544	1338	0.178143577435308	1	1	0	-Inf
chr17	47678444	72160713	0.401668485303758	1213	0.0932454571723259	0.782666784178076	62583	0.27147565029323	3	2	1	-9.49592834806602
chr17	72216445	82150316	0.498909903140833	1440	0.0798762023757305	0.925875613853686	52224	0.298053009947293	4	2	2	-6.75603000424092
chr17	82150323	82160363	0.270400085166869	18	0.124794209686355	0.800743054600477	100	0.338050402523743	4	3	1	-6.74986646820086
chr17	82163399	83214512	0.12342723747772	173	0.0948518945839786	0.947021350602915	4980	0.339033289565487	5	4	1	-7.27714965501653
chr18	48121	94288	0.498455593302205	12	0.152681387407261	0.876309632919287	126	0.363903131712055	4	2	2	-6.73337000568656
chr18	107892	110648	0.0613061123201557	14	0.172283500067779	0.180251466844689	97	0.101916316490591	1	1	0	-6.81658494813933
chr18	139489	15350708	0.498871445750833	789	0.101867381412324	0.904543212338914	27395	0.339545317246213	4	2	2	-6.73493013907919
chr18	20946254	80219567	0.498895991712258	1927	0.0910740874705022	0.897377840935484	73154	0.326069628395851	4	2	2	-6.78707087223817
chr19	273592	24394059	0.498929038089149	4066	0.0915458977767523	0.924900127030406	167401	0.314142323545153	4	2	2	-6.77744418014933
chr19	28298228	54573653	0.498926605389067	3571	0.0899842746390871	0.910024716005976	156371	0.298469031172291	4	2	2	-6.73338595922925
chr19	54573977	54632735	0.172481723200954	47	0.145790962083892	0.812458697019411	561	0.193641992904016	5	4	1	-6.8582213631374
chr19	54636791	58548099	0.498874422943883	660	0.0971781248062824	0.903994231737216	27422	0.283176314682892	4	2	2	-6.73396715490053
chr20	96321	26230416	0.251570826938282	1242	0.105360347859221	0.889978011412119	45848	0.317394659969779	4	3	1	-6.80127480945617
chr20	28513663	30757223	0.338290404138252	475	0.154217277468433	0.726590603787338	2322	0.323457075819088	3	2	1	-6.78558666449233
chr20	30760746	30881278	0.21058400256044	65	0.177720511726873	0.469346153651315	169	0.24513640675698	3	2	1	-7.16952861754288
chr20	30892125	64327831	0.245320102813889	1849	0.103154094518483	0.905705421520658	99742	0.328630117683978	4	3	1	-6.73656577209005
chr21	5218123	13036544	0.231894250909378	637	0.145041284147668	0.629249954523233	3906	0.257461633695168	3	2	1	-7.43509009039822
chr21	13238671	46692843	0.319959778329124	1501	0.110756582630772	0.681644823066816	47897	0.236114341860875	3	2	1	-6.74176562596074
chr22	10684424	12801469	0.276713063410377	588	0.147606181754183	0.576797867345101	2539	0.238173021179653	3	2	1	-7.38772402404964
chr22	15541395	50780661	0.408978462002256	4226	0.0996005745581805	1.13956947909802	157369	0.423268404753193	5	3	2	-6.73898306099709
chrX	256771	52862789	0.0103765249659911	245	0.085538404640553	0.885793562093713	39179	0.326764339958871	4	4	0	-6.93172551881659
chrX	65956689	155996516	0.49827627140605	48	0.16876966000528	0.910200282988897	57914	0.307592998300284	4	2	2	-6.73425984992979
chrY	11113628	11295719	0.498246889857243	20	0.18167799015088	0.137775868124787	69	0.206131697322588	2	1	1	-9.12668631045431
chrY	11351253	11563238	0.0416492356540699	15	0.0413619332697291	0.174593155165401	35	0.145200875058131	1	1	0	-7.67899897915516
chrY	19413653	56837148	0.0219518531954553	56	0.183303491864913	0.136849118752505	153	0.114556062333116	1	1	0	-21.7259979295338
chrY	56854908	56887153	0.495723203326059	98	0.143894165718541	0.469774304816572	303	0.188308431380673	2	1	1	-6.73415976239537
