chromosome	start.pos	end.pos	Bf	N.BAF	sd.BAF	depth.ratio	N.ratio	sd.ratio	CNt	A	B	LPP
chr1	13273	16509896	0.498904725073704	2601	0.0947618237127789	0.955823547802707	82969	0.319168500814165	2	1	1	-6.83081543094625
chr1	16510071	16947199	0.367137518093567	239	0.115814061794721	0.93269495411296	2997	0.294793759388517	3	2	1	-7.04757146311586
chr1	16948559	123177111	0.498926860697231	7902	0.091504485810923	0.933251064066886	312843	0.367312811419668	2	1	1	-6.76373366739316
chr1	123755777	248945592	0.459767745982003	9965	0.0930556806936801	1.21347704074646	381896	0.426453276342942	3	2	1	-8.78988578680871
chr2	116488	89244608	0.498910168945682	5407	0.0969630169548911	0.988491101686045	211088	0.351709544568364	2	1	1	-8.17982386252029
chr2	89538544	92075324	0.49864460394227	229	0.141383042116714	0.927129264855231	3522	0.319217573469711	2	1	1	-6.73311804416717
chr2	94190317	242183364	0.498925003347439	9073	0.0943133849228607	0.973528887395558	345008	0.391666465083698	2	1	1	-7.92673048155109
chr3	10374	90303819	0.498913921168483	5579	0.0939170949955194	0.984402275089535	224523	0.333478673195146	2	1	1	-8.16707988473229
chr3	91404436	198113542	0.498919301137999	6664	0.0942215212830717	0.976940031579235	229293	0.341935947217169	2	1	1	-8.0065117885492
chr4	46210	49092872	0.498909968804928	3477	0.0968821253765342	0.910442547813699	99157	0.320699543133618	2	1	1	-6.81159963148503
chr4	49096832	49711644	0.373105620429828	199	0.127602849830673	0.873052984449151	1807	0.312135158569937	3	2	1	-7.28184601606103
chr4	51819050	190179679	0.498913952002042	5587	0.0962649577189003	0.897038025471525	212647	0.341616568879299	2	1	1	-7.36715854394309
chr5	44595	488195	0.366015045083055	22	0.0870446966838257	1.36337384183575	3092	0.439126146414629	3	2	1	-6.74279458655458
chr5	491711	1225561	0.249142934086524	159	0.13332929259063	0.555305372645395	2847	0.172219080492226	1	1	0	-6.95426195331572
chr5	1253629	3383787	0.32488117122788	158	0.126463192140556	1.23833127567799	4026	0.630684831508251	3	2	1	-6.7784864152975
chr5	3384089	4095539	0.0957546150066695	21	0.141768170918984	0.56167302405591	448	0.414577233038481	1	1	0	-6.87982131969971
chr5	4143885	12439481	0.325892471197926	511	0.107885155922865	1.37036248518407	14210	0.605348012691984	3	2	1	-6.82488531733369
chr5	12439592	13638374	0.175662040852203	40	0.106556160706997	2.11375705002162	1347	1.01211887338498	6	5	1	-6.759459177482
chr5	13650357	16214692	0.338872865341011	231	0.0973306978647916	1.29814559760528	7234	0.450769898187412	3	2	1	-6.75411651828908
chr5	16259179	17729178	0.208698281929767	287	0.105716055238441	2.30339595770933	8217	1.11923427511107	6	5	1	-6.74877946825186
chr5	17736184	30480452	0.449131704254919	441	0.110524119230902	1.15258875451081	10729	0.485767947425252	3	2	1	-7.53802826557914
chr5	30495188	34551654	0.265494056053237	499	0.106635960154936	1.61219330173453	14718	0.655902514720803	4	3	1	-6.74714982118353
chr5	34554324	37286075	0.30297700005473	192	0.107907991230191	1.34850859787492	10718	0.475892390132559	3	2	1	-6.89189744466481
chr5	37292137	37656989	0.498888612806623	59	0.100488337149048	0.922515560292265	1456	0.365136799412785	2	1	1	-6.73312321016776
chr5	37712150	45816754	0.271170452677487	441	0.108925164283289	1.5996605659536	20029	0.61985405901349	4	3	1	-6.75627472177831
chr5	49599598	50273863	0.489389634085352	64	0.14671410133236	0.848124477599766	533	0.219222194927054	2	1	1	-6.80004302959229
chr5	50322722	181288546	0.49892354954111	6654	0.0953929888876602	0.913950176616432	271553	0.325951388032304	2	1	1	-6.85238452453794
chr6	160049	58414703	0.357182539122884	7442	0.098992411032873	1.2920666335804	240616	0.446267492447517	3	2	1	-6.73469060429135
chr6	60281479	170640200	0.172181882169309	3919	0.121819407378721	0.548669019901247	138506	0.201762425387729	1	1	0	-6.9700931978769
chr7	37991	413634	0.498992966925559	73	0.0850229756753671	1.61600318268478	1232	0.526456009232886	4	2	2	-6.73387914405506
chr7	430570	639732	0.267683785672365	67	0.0963497229316227	2.85650693361532	1664	1.41574810918218	8	6	2	-6.73419217008331
chr7	639839	1773040	0.329615964510305	476	0.112606016055251	2.42634514199422	13955	0.992149652860477	6	4	2	-6.74598799305242
chr7	1773083	3424032	0.498816985528293	426	0.0957260771697952	1.84422425977192	13016	0.837628882956651	4	2	2	-6.74760975143036
chr7	3586416	5231042	0.0947407968779306	278	0.0874170762931625	0.934389979633149	7119	0.358666558973833	2	2	0	-6.73586275480119
chr7	5235906	5367749	0.499291233943723	72	0.0600373840239412	1.71953712354125	1738	0.71526714029769	4	2	2	-6.73326599587705
chr7	5377790	5771669	0.0933628580037287	102	0.0785707783482539	1.00771795690771	2889	0.448953737260505	2	2	0	-6.74573588563454
chr7	5772014	6120458	0.30835931106376	239	0.11863055230101	2.76705664451421	5808	1.41217170210724	7	5	2	-6.73600885793033
chr7	6120764	6258056	0.237610287670445	78	0.0940157958189466	3.5193997659436	2537	1.43449595584322	9	7	2	-6.73306978825093
chr7	6261390	6295555	0.392648321191846	26	0.0807986290820486	2.25516724133424	388	1.18059958354569	13	8	5	-6.74363311496961
chr7	6296610	6337402	0.11018495525975	13	0.0754448346603204	0.981821345507118	378	0.348874995301825	2	2	0	-6.74463996375122
chr7	6339547	6624672	0.499061616265321	143	0.0819840467769994	1.74453090332571	4430	0.791768091246138	4	2	2	-6.73368199509362
chr7	6628948	6814881	0.291700299306016	80	0.110667765280374	2.56515709586681	2496	1.33771362648363	7	5	2	-6.73679591305291
chr7	6816709	8078014	0.0948080065984626	125	0.121687637138117	0.933498640210183	2844	0.366027094108488	2	2	0	-6.73451436276855
chr7	8086564	11736422	0.498948553514251	211	0.091384871637277	1.63697869414954	5179	0.730894879672807	4	2	2	-6.73440505058429
chr7	11769292	20161772	0.104257682627495	384	0.0988812417640598	0.939629111778837	9933	0.422651858598232	2	2	0	-6.74037904438454
chr7	20263698	25568319	0.498870310278057	575	0.0928229504828573	1.60269123357008	18410	0.650483863059983	4	2	2	-6.74450843366694
chr7	25689798	34085808	0.105085228185394	577	0.0901939428172023	0.920079547800576	18750	0.332478496046295	2	2	0	-6.73665535335424
chr7	34121765	34450837	0.49863589870851	9	0.124389285890885	1.56773692035992	304	0.592666719095258	4	2	2	-6.73519282156236
chr7	34450849	38242565	0.0939765087695028	192	0.0857567789209113	0.886985821533282	6831	0.331009220549747	2	2	0	-6.77373897221555
chr7	38244952	38253289	0.400797349771135	11	0.119251224502957	0.908136138366231	70	0.166426964688927	3	2	1	-6.83513686246475
chr7	38256529	51348465	0.0992589982205812	818	0.0942071656586638	0.928702414839886	30557	0.323929987682633	2	2	0	-6.7338265027147
chr7	51359789	58091618	0.498857993033699	770	0.101390121348887	1.5839610330238	19563	0.649084651014125	4	2	2	-6.75765352846202
chr7	60958177	159316177	0.355570240822343	10040	0.105222516991959	1.28080260199873	341461	0.473778457457267	3	2	1	-6.76975054392318
chr8	213654	43500515	0.315128208804859	3051	0.118410043792377	0.666979076462425	81867	0.242957440597739	1	1	0	-12.8834462262645
chr8	45952307	145003393	0.393280523635853	5246	0.100868405698524	1.15765026067604	209205	0.421538344019104	3	2	1	-9.46249878053501
chr9	10368	33677434	0.166626633620051	1491	0.12380548089392	0.54291013719328	37332	0.201496816079721	1	1	0	-6.98181302062691
chr9	33737204	38655156	0.498867206671103	580	0.0981783629144102	0.918617912748612	25904	0.297691211446513	2	1	1	-6.73509973338402
chr9	38665086	42975633	0.498727599707639	468	0.123296511302965	0.87571303680843	4523	0.334161556312397	2	1	1	-6.80376360256457
chr9	43110489	66031171	0.297922081495854	158	0.139471630539073	0.86330971070013	2429	0.323280645669259	2	2	0	-8.32982249664131
chr9	66182385	96727038	0.498886973798215	1825	0.0969068256341219	0.905858388577874	64682	0.331199149756202	2	1	1	-6.81090706296945
chr9	96740970	98371236	0.269895206927431	240	0.105413661403351	1.64185527562843	10248	0.594591994418406	4	3	1	-6.73698940914377
chr9	98447306	138131300	0.498912281764603	3861	0.0921075208597039	0.924919552263311	150294	0.311047216389693	2	1	1	-6.73331090174863
chr9	138148979	138176464	0.264730921901325	15	0.0915169513311735	0.757154444686079	118	0.283649270513605	4	3	1	-6.87010146056237
chr10	47588	39131354	0.498902164770144	3322	0.0955893090387333	0.913643194889618	92452	0.34983894350554	2	1	1	-6.76612273753014
chr10	41859953	42273157	0.498418229207187	57	0.153753586668844	0.820423398085997	709	0.280290593837497	2	1	1	-6.77878021602658
chr10	42273169	75431683	0.498899898341124	2257	0.0968098318579023	0.912970989289506	77896	0.321682649043881	2	1	1	-6.77001799784533
chr10	75456969	133787106	0.355300487606828	4660	0.100984740773326	1.28411162397264	191851	0.465357370586859	3	2	1	-6.74703276703551
chr11	198665	50553118	0.49891910589104	4164	0.0945502177847536	0.908794525487933	137571	0.300975504382549	2	1	1	-6.84494364198094
chr11	54591430	135028117	0.498926307167501	5274	0.0938228805339648	0.916364120973433	248869	0.300238781558216	2	1	1	-6.78817987940908
chr12	22477	14106692	0.498849747367439	1787	0.103778136935483	0.800087624598898	54133	0.267140395414117	2	1	1	-8.56241238446015
chr12	14159788	34523014	0.498880424611776	1439	0.0988165785495827	1.02505660121896	44313	0.370279737783198	2	1	1	-7.53961112210204
chr12	37418138	133224747	0.32602940169749	8502	0.102688455202023	1.44549020930383	414023	0.524905051683769	3	2	1	-8.59763385784664
chr13	18177561	114325598	0.498895976032074	4889	0.100059116009114	0.898798150887707	155381	0.325260471254428	2	1	1	-7.17487920115832
chr14	16057734	16402218	0.179037733371577	4	0.179937720707286	0.921548086510785	29	0.329378908731633	2	2	0	-6.8466559968246
chr14	18289828	19865981	0.318569999991123	157	0.121453983317528	0.842746582772926	2245	0.295413448007076	2	1	1	-7.93418006604771
chr14	19866069	106874913	0.498922610196988	6344	0.092778307187914	0.928716825622956	244610	0.322476301574465	2	1	1	-6.73825092345108
chr15	19841981	22608045	0.498690612508855	333	0.133242396197976	0.854290296558242	4559	0.289115106469314	2	1	1	-6.85855509724197
chr15	22630270	101980762	0.498919487888643	5431	0.0991052949125355	0.928948165573369	252819	0.318451494407701	2	1	1	-6.73868483376407
chr16	11641	5293949	0.498909289763977	1545	0.08466055620328	0.953219845143521	52523	0.291304020472343	2	1	1	-6.76489970115629
chr16	5308082	32934685	0.498893688086469	3192	0.100390292662704	0.935369779411378	112086	0.330756264171489	2	1	1	-6.74925645497758
chr16	32942452	36104316	0.498647795905625	112	0.138791947292358	0.869313646326189	3189	0.298440964674966	2	1	1	-6.81619235224329
chr16	46386256	69431593	0.498890235100098	1540	0.0923574338573743	0.936616634253792	75452	0.323585590406838	2	1	1	-6.7510515333959
chr16	69443814	70680681	0.333686632069254	95	0.125845571835992	0.92087111701198	9176	0.351101758369774	3	2	1	-7.38550284328376
chr16	70692892	90106232	0.166020919704635	2186	0.118934206117137	0.567453714821787	49973	0.203599705099816	1	1	0	-6.85884270558636
chr17	138189	9982025	0.498899307832712	2203	0.0951718792450117	0.961494988215322	76146	0.314580509846473	2	1	1	-6.81757907730876
chr17	10004738	25074523	0.498846083215615	1461	0.109272929447289	0.923756701377471	50094	0.320650135376064	2	1	1	-6.73350458748248
chr17	25920162	34665744	0.498835260537252	676	0.0957633503383493	0.95972042362919	38057	0.331254954991542	2	1	1	-6.79459549470393
chr17	34666820	83135542	0.390365339096292	8666	0.0986870740719814	1.20199717178	306078	0.413730139414432	3	2	1	-7.63635386261881
chr18	47858	2718267	0.313617093589028	224	0.125126804356548	0.665943860821209	4727	0.255639562663076	1	1	0	-8.1785665304216
chr18	2719670	15350708	0.498872136919356	1202	0.0963837723478303	0.929484732360772	31295	0.34230015551418	2	1	1	-6.73416100757699
chr18	20941007	80250865	0.498890284342216	2799	0.0942548327534265	0.903405803626833	95343	0.332907102007787	2	1	1	-6.91888910563715
chr19	107329	24394239	0.498925209625817	5843	0.0907300367681127	0.93627980647582	216898	0.316136411676041	2	1	1	-6.75171281480126
chr19	27392072	58599150	0.498928341235281	6679	0.0927950245647322	0.926206236137023	237713	0.330270196403162	2	1	1	-6.73315168828845
chr20	87623	26168423	0.498889002096763	1969	0.0996897681130091	0.939152761392149	61309	0.323587847727102	2	1	1	-6.76383049616984
chr20	28559257	31363927	0.461423421196865	841	0.129742182247159	0.899479429237577	4299	1.32268767410317	2	1	1	-6.78640719548318
chr20	31369643	64327831	0.49891719288608	3796	0.0918843026760664	0.95356104852135	133821	0.33250537862116	2	1	1	-6.88587690608707
chr21	5034010	10739746	0.369738527866888	869	0.131305971441159	0.763641470954544	5466	0.288749909518415	2	1	1	-8.50281991469943
chr21	13000242	13079168	0.498454035891491	31	0.145191849352089	0.81118948117235	205	0.285146195565588	2	1	1	-6.7432441820916
chr21	13113010	23757984	0.146249245782309	341	0.13285480543525	0.538456263306634	7619	0.213831346383547	1	1	0	-6.87907585382525
chr21	23787165	46661749	0.498899163076328	2190	0.0930794911120373	0.920398058060688	65403	0.315594643359064	2	1	1	-6.73773983013956
chr22	10662913	12900686	0.498757818207687	813	0.125709177093437	0.843493530755649	3747	0.299799210255401	2	1	1	-6.85972060782668
chr22	15350241	50808263	0.498919092540689	5327	0.0924512070368369	0.944816367349385	172487	0.322402140974581	2	1	1	-6.8170057981385
chrX	284193	57961421	0.169279211174612	2385	0.122216193531181	0.556379602658806	96297	0.208867318879202	1	1	0	-6.73552546582649
chrX	63479271	155996516	0.1755762223231	2323	0.120093828850613	0.547693912995321	115098	0.197131828789387	1	1	0	-7.00621336017905
chrY	10796683	56886905	0.340344785494692	277	0.118569572510612	0.882105301265951	1137	0.283190323727978	2	1	1	-8.37369745220122
