chromosome	start.pos	end.pos	Bf	N.BAF	sd.BAF	depth.ratio	N.ratio	sd.ratio	CNt	A	B	LPP
chr1	591452	15041242	0.256342484588277	976	0.109903194128539	0.873484474672028	49288	0.301846685903862	2	2	0	-7.7220230016484
chr1	15063649	15633391	0.497020641226812	42	0.0806260240191027	0.445487684040994	1616	0.148997596166402	0	0	0	-6.85872164029989
chr1	15711889	16696714	0.275050988103961	203	0.120969414840809	0.878982013845631	6813	0.283370559040935	2	2	0	-6.83802786343784
chr1	16697016	16947199	0.434061291324276	82	0.097602312380977	1.04129626961588	1090	0.365495431875554	3	2	1	-6.8332311757701
chr1	16950132	24042128	0.234705562019577	671	0.105579879287796	0.891171922788485	26318	0.302826648603717	2	2	0	-7.10549221884295
chr1	24057843	103170546	0.38074189246116	3308	0.0985702602030659	1.04465658155669	188335	0.380942810505716	2	1	1	-8.73188814397231
chr1	103196347	121497112	0.397473412898716	729	0.10000231831151	1.55862660500793	52857	0.794269989382966	5	3	2	-6.93239909155467
chr1	123755614	143356757	0.170486566065764	25	0.158393360551087	2.15468041569141	858	0.84834816949455	7	6	1	-6.80216707888454
chr1	143453774	144439812	0.323222510153002	36	0.117010690055659	1.27782479715814	1400	0.560752751901347	4	3	1	-6.77203815957791
chr1	144905037	161283867	0.498917139646286	1541	0.0851445573595875	1.29515939468508	92703	0.430977404412206	4	2	2	-7.43640344538872
chr1	161284466	248945585	0.498900307719268	4509	0.0905907950440506	1.11498101446716	201295	0.409585217758153	3	2	1	-9.21022574001939
chr2	692978	86885746	0.498905361100539	2840	0.0913852288088796	0.988361092744137	156468	0.363236578031338	2	1	1	-6.79600074060065
chr2	86887741	92005918	0.490913112942705	232	0.120586668308802	0.970363901206964	7203	0.416919167696651	2	1	1	-6.73699758491699
chr2	94190317	242183318	0.498932722929482	6128	0.0874967321707396	0.972701957800411	272638	0.351820857422611	2	1	1	-6.74062808675977
chr3	13132	90507212	0.243503094742306	2233	0.109690898836116	0.848711231597663	154952	0.283298168136158	2	2	0	-11.7912714283258
chr3	91404517	198119865	0.245736123072546	3361	0.110978276718472	0.838694392563449	158997	0.294408067255736	1	1	0	-12.2368342445487
chr4	25320	49092775	0.498907187224088	1852	0.085750731670227	0.983614558837267	79289	0.357514128613966	2	1	1	-6.74753700082169
chr4	49097765	49137240	0.355938732598851	33	0.13190174402091	1.66999935496491	396	0.864403117231423	9	6	3	-6.74219608562243
chr4	49139720	49711644	0.498553401607841	117	0.141401419130624	1.17599224963881	813	0.613360433442804	2	1	1	-6.76466962934115
chr4	51838815	190179746	0.498912281764603	3861	0.0890297894034553	0.966927279506366	174473	0.423737658155356	2	1	1	-6.77192504658531
chr5	163090	1337791	0.498844883425918	160	0.0799519499960827	0.961441533834347	5651	0.252654493157638	2	1	1	-6.73559912847915
chr5	1344343	7800461	0.286751732432769	149	0.113195184648818	0.703527586822219	4949	0.244037123362942	1	1	0	-6.93288989875665
chr5	7802250	39463735	0.498872525312189	818	0.0881100521813182	0.975351671873892	38674	0.366229458892521	2	1	1	-6.73316582363558
chr5	39516727	45816860	0.387076471671824	183	0.0910571792672868	1.2184600162114	9210	0.444010981671466	3	2	1	-6.7451153743266
chr5	49600543	50273780	0.300158156028332	41	0.113821078034247	1.4384850224122	498	0.710352789840568	5	4	1	-6.76615263903844
chr5	50273863	181184717	0.498919408194359	4226	0.0895997957160371	0.973289245637344	218872	0.387782599882191	2	1	1	-6.73673812386786
chr6	159973	58380586	0.395532785506632	4212	0.0957173189558507	1.27038274822136	188764	0.474265430027712	3	2	1	-6.98016918737597
chr6	60291702	170697568	0.494378326288681	2310	0.095456644770901	0.872119357013168	141343	0.319438236380172	2	1	1	-10.6870232500994
chr7	119306	58100289	0.498900155372027	2281	0.0921308672823607	0.981780167980128	106063	0.363477265709387	2	1	1	-6.74274535046562
chr7	60958090	151961239	0.498913213777806	4030	0.0957984404838359	0.976017325745253	199314	0.354540893155021	2	1	1	-6.73311880432399
chr7	151961327	152414791	0.498636634536493	114	0.117813305057731	1.00246709807619	2207	0.352359922690108	2	1	1	-6.73469587234719
chr7	152414888	158989852	0.498862954022705	355	0.0872881401791252	0.981827314447865	11319	0.40127627362863	2	1	1	-6.73404312999027
chr8	213553	12132686	0.498882446677501	667	0.0946697848221026	0.982562395111885	16310	0.361421883872399	2	1	1	-6.73568021602177
chr8	12137553	12664387	0.285119958980637	75	0.107131025275485	1.02835993519962	856	0.537201963458475	2	2	0	-6.79983375185992
chr8	12703576	43438973	0.498884041562777	1223	0.0946198532301383	0.98987225687436	62848	0.355699817862093	2	1	1	-6.76260998772361
chr8	45952307	141149246	0.498905401960668	2845	0.0863006906064642	0.978338095593749	118921	0.373867032925896	2	1	1	-6.73576193979013
chr8	141150777	145072669	0.498914614106609	473	0.0710613415035192	0.969930713302972	22173	0.279624664319037	2	1	1	-6.73428582112133
chr9	10368	38933005	0.245005638628558	1196	0.114317755362705	0.830883908086334	55623	0.294556505477153	1	1	0	-9.75213583300955
chr9	38951840	42975562	0.4960388890324	347	0.140941279984697	0.919774971645262	2417	0.399530921781419	2	1	1	-6.78602183232207
chr9	43115273	138220869	0.245817013383276	3216	0.104921692982298	0.854583828178825	162913	0.293861044346921	2	2	0	-11.488679147038
chr10	47663	39131435	0.498893622240954	1755	0.0926519173650595	0.986969718559285	70975	0.384337991844026	2	1	1	-6.75340483781111
chr10	39967657	41889572	0.480552230804114	22	0.144718214029408	1.21449494966442	153	0.745856890507818	4	2	2	-6.81524082478071
chr10	41896933	41914709	0.028481093588878	12	0.0654786571751021	2.64965663366271	81	1.40649800869279	20	20	0	-6.77576373997848
chr10	42070582	133787310	0.498919374330712	4219	0.0911592053938566	0.986607438729577	186237	0.360825889859405	2	1	1	-6.78343534395997
chr11	192997	50512765	0.498922149086921	2839	0.0848605670389123	0.975421835974787	116199	0.321676788717841	2	1	1	-6.73318431000582
chr11	54591430	135057684	0.494629299079203	3434	0.0825289467335749	0.98598736715625	208965	0.332774336599037	2	1	1	-6.78172174819396
chr12	13488	34265856	0.498905261147231	2209	0.0914759436759174	0.983706899184981	82260	0.341999641802379	2	1	1	-6.74437608968469
chr12	37418148	132821865	0.498922967154292	4403	0.0871178225640542	0.980681773425856	243456	0.345032317402455	2	1	1	-6.74479926134492
chr13	18177561	18465093	0.454364923463979	65	0.133560788162602	1.090672108691	670	0.440434839110621	2	1	1	-6.81325557605143
chr13	18465190	114299210	0.496719912676673	4021	0.0917691520385341	1.40032365965243	169625	0.586775032206502	4	2	2	-7.0451304135769
chr14	16037128	16402273	0.359698458116506	5	0.15033529193107	0.956464271166861	49	0.371194161379428	1	1	0	-6.86319204140089
chr14	18318907	19959920	0.498601707897957	111	0.123102115645227	0.983293750010768	2443	0.314520320528759	2	1	1	-6.73368089702751
chr14	19995487	106865837	0.498920273201552	3879	0.0882373962901573	0.991214674846414	197132	0.351971137389879	2	1	1	-6.83400500652839
chr15	20003745	23201779	0.358525015711549	257	0.126752083172315	0.925958997758939	5057	0.37250335742925	2	2	0	-7.18132635289818
chr15	23202499	30093339	0.498780079928051	287	0.102460748533923	1.11365787767304	14250	0.41534847742053	2	1	1	-7.12458234689246
chr15	30141210	36745662	0.248682023989466	395	0.116404906822931	0.863104024505597	12232	0.286581658076787	2	2	0	-7.38436515173762
chr15	41179528	86060643	0.498854247693918	901	0.0964895238643188	1.08433680310206	139841	0.416244512629331	2	1	1	-8.09709642222163
chr15	86574905	90693162	0.250824975901476	210	0.110778376968738	0.85547164075743	10489	0.302067526641841	2	2	0	-7.16920416708747
chr15	90694373	98904285	0.475197804066627	399	0.0897552917960012	1.16557127570109	12584	0.456721153132039	3	2	1	-7.17560501151715
chr15	98908940	99490697	0.231680808199831	41	0.0795361706333941	0.85314541352537	1377	0.256415786801976	2	2	0	-6.85906678222175
chr15	99541668	101954215	0.445047312905548	238	0.101724069681249	1.14017495565226	6487	0.475922190037587	3	2	1	-6.87744049961439
chr16	11651	34572792	0.498906138508083	2501	0.090649780599574	0.997923474909156	132365	0.351047832993804	2	1	1	-6.81610001703363
chr16	34573026	35644179	0.415354061694987	62	0.131022046134388	1.45780900025511	1612	0.664532154558977	5	3	2	-6.77535242749886
chr16	46386256	46401545	0.479082859415675	67	0.102896871522677	1.80011615183536	1460	0.530523602001635	6	3	3	-6.75793518022167
chr16	46568907	90095477	0.498906593090861	2340	0.0896136126352663	0.99603653009932	121169	0.351906994131648	2	1	1	-6.82019907450475
chr17	137603	23016365	0.45629453981683	2625	0.0944701725705889	1.13998594387005	114933	0.404964241368196	3	2	1	-7.29975660579759
chr17	25389924	83135891	0.46366339043107	3929	0.0945813976926335	1.14457889345947	263820	0.409808161172053	3	2	1	-7.73090051815953
chr18	47492	15341512	0.498882783866866	803	0.0930231033899995	1.00138800562343	29005	0.381559263567117	2	1	1	-6.77486846022036
chr18	20946254	80174730	0.498893407538305	1638	0.0907553210442273	0.979574576407783	75866	0.362379471747715	2	1	1	-6.73703084931172
chr19	93351	24012066	0.498930037555179	4293	0.0850009240204101	0.995138446960856	178954	0.351744776134601	2	1	1	-6.77720849678403
chr19	27646333	58586612	0.498925101656873	4060	0.0892770878909368	0.999972467458762	199100	0.397085338566002	2	1	1	-6.8024765309884
chr20	96321	26132933	0.498899229537747	1334	0.087345798027454	0.990169352020075	48444	0.361949919310837	2	1	1	-6.75830132983208
chr20	28559257	31064423	0.498752592965585	607	0.12500676015452	1.04793187737734	3174	1.79786554522553	2	1	1	-6.73544983331714
chr20	31065225	31244855	0.493429512899995	26	0.113661630086174	1.76900770396293	219	0.873548326044742	6	3	3	-6.73639821811885
chr20	31274553	64327831	0.498909665518569	2154	0.0876801915901464	1.00496747548794	104973	0.356407531873955	2	1	1	-6.86508285153671
chr21	5034028	10739746	0.279447110570921	694	0.12259859169737	1.07338167844814	4805	0.416062159273266	2	2	0	-6.94172312460381
chr21	13000333	13010915	0.0625505309056461	13	0.129223618544535	1.20004044534133	51	0.393146477716864	11	11	0	-6.77899275276479
chr21	13011376	46658699	0.498897958726323	1629	0.0909154456646396	0.985414800976576	62819	0.346900629121128	2	1	1	-6.74901559896996
chr22	10685693	12797396	0.498735485061447	663	0.125672773709241	1.04411735688879	3427	0.411350737967755	2	1	1	-6.76712676598101
chr22	15562384	50808384	0.447775686830425	2927	0.093911261629658	1.16104835013006	152763	0.417828002729738	3	2	1	-7.16614910109282
chrX	293508	52862789	0.286530458955743	416	0.121349843044226	0.942491296997939	42432	0.310319587449547	2	2	0	-7.15922717476286
chrX	65956689	155985430	0.498643178806097	40	0.136399451085443	0.968511971086208	60256	0.296066255134749	2	1	1	-6.76805162427514
chrX	155985435	156010165	0.245687464674333	9	0.0880702055811789	0.510066257073256	97	0.154559318398407	2	2	0	-6.9851378529045
chrY	3852176	3852576	0.498638023469241	11	0.126179453737344	0.833142709138975	19	0.214113130724246	2	1	1	-6.73323049702895
chrY	10796678	56887153	0.451865866179372	317	0.126950503031778	0.614004155539033	3784	0.414725589925479	1	1	0	-10.1424796423939
