chromosome	start.pos	end.pos	Bf	N.BAF	sd.BAF	depth.ratio	N.ratio	sd.ratio	CNt	A	B	LPP
chr1	69511	15690069	0.155727552371537	1381	0.101749748884004	0.587418860844131	46576	0.214265831336157	2	2	0	-6.80511693804322
chr1	15711330	16945941	0.498758423027441	410	0.110678107119481	0.912149564321317	9642	0.353034781442487	4	2	2	-6.7636844956997
chr1	16946998	51846294	0.498906946552098	3042	0.0914271659835139	0.984308962350958	155222	0.426550074768077	4	2	2	-6.73516859978141
chr1	51858100	123926271	0.498908298519652	3228	0.0891162937270081	1.0487232112778	139839	0.448465592496688	4	2	2	-7.5832989143795
chr1	125065938	204900879	0.35049191112907	5408	0.103891746156623	1.38312370441859	243037	0.597322207577206	6	4	2	-6.73380822593339
chr1	204906904	248945592	0.498921531143802	3217	0.0892832621474065	0.987866827885279	113412	0.410312893963531	4	2	2	-6.74273026025872
chr2	576262	90234102	0.498916831093414	4776	0.0887733890813915	0.989121351982283	188401	0.409513240997224	4	2	2	-6.75957504167236
chr2	90280275	92006131	0.356434423101146	132	0.130257796133745	1.02944653036655	1792	0.407083947093034	4	3	1	-6.88230866276147
chr2	94190317	196343807	0.498913706875564	4123	0.0917874909033876	0.986350517504615	184885	0.399672533436851	4	2	2	-6.74828699384418
chr2	196379401	219637693	0.354877794682349	1772	0.106110150283819	1.37189887651605	85668	0.617150239752288	6	4	2	-6.73576831383036
chr2	219640699	242183396	0.150332786685931	1301	0.0991418340988893	0.578796354333213	41415	0.212248425342197	2	2	0	-6.73751478938622
chr3	51248	2811186	0.496326803583045	133	0.0869595728176329	1.22279723959998	2687	0.548014280787039	6	3	3	-6.81725527152807
chr3	2821170	29206534	0.368406157078904	1844	0.100196383531413	1.37822893396595	67276	0.670786416383855	6	4	2	-6.74568672203788
chr3	29309610	49358048	0.498911428983326	1409	0.0828229572588224	1.00086842560129	70954	0.39598983894917	4	2	2	-6.76648132085407
chr3	49390500	50381116	0.42272277968826	130	0.123757960297633	1.25731704962154	14176	0.515807923282781	5	3	2	-6.74411401667809
chr3	50387746	90507212	0.498887440752748	1857	0.0925045816095029	1.01847341062748	69162	0.416720886013336	4	2	2	-6.9303024594367
chr3	91357428	195620256	0.498927379454864	4772	0.0865990052179562	1.02229509771151	197543	0.423734086060075	4	2	2	-7.29441766748887
chr3	195620335	198150609	0.498804191320913	530	0.112169316539742	0.98541064752456	13283	0.392776788710002	4	2	2	-6.73337883485632
chr4	46242	49023704	0.498901965718855	2459	0.0924705804402165	0.87557885328084	83119	0.367169426713906	4	2	2	-8.69789958072243
chr4	49092145	49711855	0.492654961092203	161	0.146822885494629	1.20573383665554	2049	0.5083410618011	6	3	3	-6.76169575474178
chr4	52076798	54630024	0.473350932619808	90	0.0821062129941133	0.951593615333546	3752	0.405848989083389	4	2	2	-6.80370514171005
chr4	54636336	55331249	0.170380413614336	57	0.0998301690704849	2.300957543938	2453	1.441627236271	13	11	2	-6.7420793025506
chr4	55335180	58507284	0.409427350127266	242	0.0989488179538588	1.13622211510176	8267	0.499354135964408	5	3	2	-6.74655378248427
chr4	58690121	189881435	0.147440959928301	3594	0.105197049591805	0.58104761300436	124608	0.241507420609295	2	2	0	-6.81327678984309
chr4	189889418	190179679	0.360182633035801	44	0.130487328570814	0.765708896276604	472	0.33553071857403	3	2	1	-6.73710039070101
chr5	36595	1323708	0.190400229966007	334	0.0861077207311263	2.51681143172635	12842	1.26878489579243	12	10	2	-6.73365834664127
chr5	1325652	3279541	0.281206976107669	173	0.108330371942248	1.71455863874499	4234	0.984990812764672	8	6	2	-6.73763170190184
chr5	3309342	4975561	0.311362903631737	50	0.082749785128274	1.30711421438319	1175	0.526948572666753	7	5	2	-6.86482861916284
chr5	5095158	7690641	0.29411442666289	135	0.110299512835667	1.71924495455094	5568	0.964002784321419	7	5	2	-6.75503285064623
chr5	7693672	9914358	0.416325143440691	89	0.138195992264011	1.14717154484922	2541	0.572964513682528	5	3	2	-6.73673913536481
chr5	10000705	16347124	0.142057972426404	192	0.113793560666547	0.651457109005431	6283	0.440674905298881	2	2	0	-7.0150079208781
chr5	16407431	28036481	0.219598481487267	944	0.118584459762014	2.49412385566514	24628	1.77097962824888	11	9	2	-6.74616340723252
chr5	28084347	32987167	0.409554731535215	273	0.0955517938508914	1.18908138159301	8661	0.554710582364022	5	3	2	-6.73506997975995
chr5	33062083	35860966	0.160013440208387	492	0.0984082132969088	3.01001577410458	14957	1.81104919663816	14	12	2	-6.73377426864983
chr5	35873503	35965509	0.49948822637895	13	0.0614981759162468	0.982154323885863	331	0.259262211682109	4	2	2	-6.73307466904889
chr5	35967898	36301272	0.207762007608496	43	0.0919527058369789	2.61135146565699	2515	1.17651989034747	11	9	2	-6.73474850146639
chr5	36361548	39019749	0.389495451407542	188	0.105617774097244	1.30815274492964	8605	0.561715853455444	6	4	2	-6.81533669832821
chr5	39021267	40212797	0.150985823567473	138	0.103309796222609	2.90240210640075	4073	2.01484940618404	15	13	2	-6.73497053853678
chr5	40259537	41160209	0.41869271906631	47	0.0600250333223306	0.987534929711246	2485	0.430460032633897	5	3	2	-6.82851660207457
chr5	41184533	42565725	0.179593133093422	32	0.10050292384609	0.631532074932011	992	0.24956999684116	2	2	0	-6.89295343542708
chr5	42627926	46381357	0.498758868743538	122	0.0934320938313073	1.01534257717801	4384	0.429427935769239	4	2	2	-6.7482856063467
chr5	49599598	49666191	0.331683303254319	50	0.114458262600614	1.15094668403853	530	0.315607308731175	6	4	2	-6.76967412969695
chr5	50399927	138627112	0.159573866469876	2240	0.102781478467307	0.583813293785188	90380	0.231286495034055	2	2	0	-6.88886139380967
chr5	138635834	181281814	0.498903871948979	2746	0.0914996135109302	0.907581662419289	111014	0.368093364623057	4	2	2	-7.68316440765311
chr6	203845	356417	0.498724533916854	26	0.165755426874843	0.571762370711385	346	0.202206682231192	2	1	1	-6.73322186019496
chr6	367109	2796389	0.138985693824576	106	0.101603282643944	0.590737415552334	2366	0.235855251660554	2	2	0	-6.75548512370795
chr6	2834031	3085243	0.499251131711675	23	0.067096944788865	1.20739693827021	1033	0.616458639257628	6	3	3	-6.74046752087863
chr6	3113038	3177634	0.0941469009443621	12	0.0977049904125432	0.575894893495062	263	0.19026280840194	3	3	0	-6.84669676708524
chr6	3205388	7269315	0.496866057702302	258	0.0865538138626802	1.04503533207867	7632	0.529626157497242	4	2	2	-6.76931184516704
chr6	7271371	7349670	0.18914912044162	18	0.136694365916093	0.693253831182261	360	0.478492627277925	2	2	0	-6.78880721041086
chr6	7373016	8449027	0.315928352875125	138	0.122228306078126	1.6127477375194	5338	0.812345003306582	7	5	2	-6.73518964698422
chr6	8458777	10929053	0.240774443603022	291	0.103369663387876	2.20051172715091	9213	1.34362149506283	9	7	2	-6.74315229321004
chr6	10931077	17992728	0.199806589445637	1176	0.104569260141064	2.51638197866219	36992	1.73689502578526	11	9	2	-6.73797104070016
chr6	17998981	23739757	0.378027657246894	402	0.113914199436201	1.52082038793397	11557	0.860384128895982	6	4	2	-6.80046386680205
chr6	23761067	26197265	0.396445235396541	217	0.0992399822353575	0.828213505575	6999	0.327078761420267	3	2	1	-6.82636720212976
chr6	26198688	30857964	0.413221802140141	840	0.096788715803234	1.12240764658921	24336	0.439018562124865	5	3	2	-6.77167164929663
chr6	30860356	32567411	0.296838466357701	955	0.0942092269405419	1.54536860263635	28631	0.56567377692228	7	5	2	-6.74526979730487
chr6	32567500	32618701	0.189883877869255	47	0.0927672876488492	1.84278405130125	179	0.737367187297751	7	6	1	-6.73883887572564
chr6	32619388	40577303	0.310613057800058	1399	0.106926086766999	1.57022037786439	54645	0.764074112339657	7	5	2	-6.73392340792879
chr6	40577370	43072240	0.498831683850241	214	0.0874687572170576	0.959572568476654	11976	0.427105022006984	4	2	2	-6.7368321432306
chr6	43092156	43411463	0.254584291139706	25	0.100594516086448	1.72671751457096	5078	0.847247362838616	9	7	2	-6.74235905364426
chr6	43431673	44450183	0.457272578097232	147	0.110551153515309	1.03213160734464	7401	0.672499417058817	4	2	2	-6.82494862427422
chr6	44469418	45219778	0.221700140043682	36	0.125177851253504	2.21416952548127	1276	1.34843148671307	10	8	2	-6.7332079838445
chr6	45228971	48141006	0.438914320098595	129	0.107905581798781	1.20398262419587	6280	0.54646496465534	5	3	2	-6.76524935283154
chr6	48149949	50565929	0.242739435477921	80	0.132008337265473	2.02980696474058	3973	1.39370458819198	9	7	2	-6.73379076853912
chr6	50570575	58414791	0.36727925416746	369	0.106549634647766	1.38881587540772	20626	0.684793963685125	6	4	2	-6.74223683618794
chr6	60247215	60964215	0.0896902426887987	82	0.0812929070455899	4.99567640617149	2477	3.71318454140519	15	14	1	-6.73922887176746
chr6	61077116	64550013	0.196342390793043	184	0.113945482701313	2.48833386334808	6602	1.93309428962743	12	10	2	-6.73656987754295
chr6	64591931	66449199	0.498255758990644	16	0.100959315238037	0.587344548576123	807	0.218975717616612	2	1	1	-6.74117311624662
chr6	66676166	67220254	0.188034616313244	35	0.0961795414923604	3.19738147601806	629	2.23313044168782	17	14	3	-6.73498539155899
chr6	67770455	170594710	0.152062053327364	3166	0.10638195807501	0.579308961968025	115060	0.221544238877771	2	2	0	-6.76146804018984
chr7	50354	58100692	0.498916428785446	3660	0.0888380538595064	1.00446792754714	124237	0.428231783928451	4	2	2	-6.84499345441788
chr7	60958088	152404267	0.49892220613463	6216	0.094221899913016	0.998943532927497	236408	0.421932512574226	4	2	2	-6.84216079298345
chr7	152404293	152416493	0.333326980266325	90	0.124008213251412	1.26454252917596	246	0.4273111876064	9	6	3	-6.74943593646856
chr7	152417423	159234700	0.49885919794226	533	0.0897207346798312	1.00805983654068	13873	0.440745506223722	4	2	2	-6.74966890569103
chr8	232794	7419538	0.0883465634272667	514	0.0828668373705392	0.958520021233047	8904	0.396181151353619	4	4	0	-6.74669198023216
chr8	7419620	8146118	0.498270088113838	33	0.165155316018259	0.971961346865942	553	0.496778578961681	4	2	2	-6.73322015920334
chr8	8161203	12185296	0.0922119453861598	401	0.0746138906692179	0.958356070230846	8781	0.413195721446238	4	4	0	-6.74188182356346
chr8	12185371	12588269	0.324623096131321	56	0.150521772166368	1.17340122940576	527	0.457630501043961	6	4	2	-6.78727759188203
chr8	12591386	43463324	0.0909900853804464	1895	0.0731633359481319	0.955681992787009	70775	0.41094122223027	4	4	0	-6.803227760817
chr8	45952323	58321189	0.0870962245138356	366	0.0871301570283917	0.982923971256805	17484	0.423343862619761	4	4	0	-6.73346070066106
chr8	58349632	95566372	0.0599874782645435	1755	0.0613321175780679	1.47403497993551	74069	0.769440835823014	6	6	0	-6.88104050676009
chr8	95684409	95738356	0.498290463041418	9	0.160307083783316	4.47413412216251	133	2.600752333294	20	10	10	-6.73311582605224
chr8	96081757	145066250	0.0653434919578511	3431	0.0619517206728382	1.43297441885378	128931	0.861222382693062	6	6	0	-6.78231485625028
chr9	205329	13178115	0.498854056622402	611	0.0932294061732557	0.843761161427957	16391	0.348579133896979	4	2	2	-7.90814751202822
chr9	13196442	33557461	0.461466616537799	629	0.0958836356722244	0.651267984527189	20189	0.257128822712074	2	1	1	-8.77637932644238
chr9	33558027	38766868	0.40029518089692	455	0.0839581177270256	0.775828173822154	21327	0.291714811230473	3	2	1	-6.80869139661096
chr9	38812863	43242683	0.397159099589252	466	0.13132207976396	0.889706208723833	4354	0.354618040739144	3	2	1	-7.11374167558396
chr9	61144742	66636022	0.495928334216961	155	0.121692676095012	0.876461735228816	2196	0.38671603182384	4	2	2	-6.99726224571513
chr9	66636108	138120899	0.498910123595641	4559	0.0892983124261127	0.839159393495966	183825	0.325960649620381	3	2	1	-9.47098964091365
chr9	138141483	138177317	0.277048784480274	30	0.0897282038977302	0.86994543661239	165	0.343962111820577	4	3	1	-6.75724835805254
chr10	47485	39131435	0.33031359869506	2143	0.108621644291624	0.748661591114591	64731	0.311298484585699	3	2	1	-7.15911375081076
chr10	41858434	42280020	0.492148522273946	62	0.152333293507843	1.07269776674566	462	0.367410510107598	4	2	2	-6.74983589453647
chr10	42280157	55923684	0.333971920726148	606	0.107942961116736	0.730848147501138	19445	0.281252297499524	3	2	1	-7.18527901344216
chr10	55967311	133689420	0.244160462372055	4508	0.103028976797703	0.990916424609853	190585	0.410516353467533	4	3	1	-6.90366754091587
chr11	197557	1011490	0.159580157029	246	0.0989846858216506	0.579762846522597	7197	0.179585960041352	2	2	0	-6.73910814191774
chr11	1016665	1018295	0.333328658773084	31	0.0746005707839446	0.677331289059121	158	0.0609173059561902	3	2	1	-6.88251575147698
chr11	1018355	50339481	0.146734702787167	2472	0.0965136998327258	0.587629625557695	84457	0.21263296521421	2	2	0	-6.96137847156408
chr11	54592419	56105858	0.49867825940928	32	0.150906771984047	1.09123056164591	2740	0.841011550803917	4	2	2	-6.7478333065239
chr11	56122419	56219495	0.19925728226375	13	0.0631329488521583	2.54924075489643	668	0.805265641621017	11	9	2	-6.73804356554794
chr11	56232474	56971613	0.498908066660799	77	0.0976141391605052	1.41176343270969	2264	0.895547528037153	6	3	3	-6.73332684341815
chr11	56989090	57552571	0.208685035273794	83	0.095125251116311	2.25696093662696	5654	1.10537439144197	11	9	2	-6.7349646967503
chr11	57553140	58022275	0.124522755147205	117	0.0831604776662706	3.51949517434875	7186	2.35923237648596	19	17	2	-6.73430884450176
chr11	58029999	58358832	0.499124121411634	28	0.074748714840928	1.08658800301007	980	0.393192015745969	4	2	2	-6.7466423733031
chr11	58366265	58530202	0.132904132782262	43	0.0778551413480832	3.91357533860823	1131	2.83879627875051	17	15	2	-6.73406145074601
chr11	58549361	66120945	0.154348171914228	785	0.0928881382790022	0.573513473846663	38383	0.1853830279531	2	2	0	-6.7380631291414
chr11	66123956	66638085	0.115891021454981	217	0.0705068143668574	3.90818613986207	16508	2.41155076478878	20	18	2	-6.73335737565168
chr11	66668975	67878446	0.270872521570436	254	0.116658252778106	1.7879965441495	16768	0.903109961442456	8	6	2	-6.73351605685765
chr11	67879740	68102980	0.189646350047259	74	0.0836176142054137	2.5581768617706	3037	1.74786863785709	12	10	2	-6.73308769296778
chr11	68110837	69098552	0.1302717750004	339	0.0936491488467238	3.49128304967959	14959	2.42459552643855	18	16	2	-6.73392815671829
chr11	69134647	70439223	0.22753821208251	237	0.105263424187681	2.279710120849	8705	1.45713586573283	10	8	2	-6.73441534649938
chr11	70439446	74974763	0.285686951444499	725	0.106835401536794	1.71297169942918	30011	0.818702839807242	8	6	2	-6.74729140710021
chr11	74995838	80444355	0.134316731627048	1000	0.0850428017773058	3.66201266920325	45404	2.5000569281555	17	15	2	-6.73340034185409
chr11	80530581	86412425	0.133938551512906	138	0.099618346334791	0.56849977030258	4978	0.219015497925301	2	2	0	-6.76314937205986
chr11	86421396	87469519	0.194353543587343	138	0.0926308749897961	2.62982480870714	4200	1.53228493094588	12	10	2	-6.73516603599287
chr11	87497871	134392674	0.146584812407552	1804	0.0993482372423864	0.577928876826439	69552	0.209128471419891	2	2	0	-6.73733082362136
chr12	12233	34276724	0.498921579347926	2759	0.0860018707205378	0.987672639018012	93941	0.392326526342603	4	2	2	-6.74090186705012
chr12	37431985	133237519	0.498932207284677	6157	0.0860691029950162	0.971505033223179	278341	0.391569591305898	4	2	2	-6.76246771964776
chr13	18177561	40963715	0.498892485567051	1521	0.0873364449277411	1.00025002983528	49801	0.423854122881963	4	2	2	-6.76429284252168
chr13	40989015	88512984	0.41961694322593	1194	0.0983902704506911	0.84836952310906	46169	0.34494367916577	3	2	1	-8.27564488136221
chr13	88513237	114332365	0.498887041885783	1315	0.0902915708515458	0.998429682623193	41909	0.428822590373065	4	2	2	-6.76171788650338
chr14	16037128	16099245	0.174423406103622	5	0.067773888777316	0.845102985019725	35	0.773521129520795	7	6	1	-6.76472576017005
chr14	18330642	19678869	0.47174602069387	64	0.132161831676109	0.629841715729681	808	0.292272606990081	2	1	1	-6.83340056544112
chr14	19679217	105226360	0.147129943961939	4164	0.0976471661353586	0.591391718960342	149693	0.218674507863086	2	2	0	-7.35625383843999
chr14	105402480	106875065	0.498532733326904	125	0.147861127086283	0.587319639029619	5096	0.150584332973404	2	1	1	-6.74636917853008
chr15	17081956	17081962	0.143	1	NA	1.222	1	NA	NA	NA	NA	NA
chr15	19932762	20572607	0.2716335659024	206	0.116704011128976	0.98014337727309	2262	0.414620622551249	4	3	1	-6.75521796888279
chr15	20593736	78011937	0.498918942776588	4131	0.0865795802127899	0.981547781012916	176338	0.397748236993766	4	2	2	-6.73355941952282
chr15	78019623	78558005	0.378196630285086	86	0.0979431763844404	1.40816379022926	3719	0.653926034671984	6	4	2	-6.76916180157827
chr15	78565597	101876423	0.49889922363886	1715	0.089942717699166	0.985308794853279	57898	0.396092781871142	4	2	2	-6.73556610318385
chr16	11641	8975853	0.38006001832666	1432	0.0939990022766008	0.799041345417247	48208	0.286693753263207	3	2	1	-6.78405528900236
chr16	8978729	13203385	0.498862252617378	503	0.0893781520089628	1.04185884294141	13158	0.502194043919704	4	2	2	-6.77035081733958
chr16	13383944	32101867	0.15069670010298	1076	0.104439958354126	0.571368316115857	53918	0.21751561283523	2	2	0	-6.7524483261168
chr16	32101910	35391664	0.40639667411948	102	0.119851965330056	0.831110739612235	2535	0.430736947571489	3	2	1	-6.83215539509987
chr16	36853598	46401607	0.325613946065206	68	0.0949118948222682	1.21829032586826	1443	0.292760524946845	5	4	1	-7.20836595148734
chr16	46571547	70120301	0.15071469828695	1100	0.102495390097869	0.577455803557466	48270	0.213027335780041	2	2	0	-6.73380176210055
chr16	70123202	70166179	0.099902320136967	36	0.130750034143672	0.589227441128704	761	0.291339457091883	3	3	0	-6.76088712199116
chr16	70199276	90096004	0.149989456251085	1719	0.103230650046196	0.585273173864219	45755	0.219927114479917	2	2	0	-6.78799436825727
chr17	132129	21303342	0.4989129914555	3116	0.0868635090267491	0.976698215632373	116770	0.384645194117697	4	2	2	-6.73419801718885
chr17	21303396	22715632	0.412596393686887	312	0.115043763337663	1.0352005437003	2574	0.48913794753068	5	3	2	-6.79482945692918
chr17	24421526	61147757	0.498913894963799	3249	0.0926596365852108	0.998282632996222	167915	0.407487422009191	4	2	2	-6.77732965573542
chr17	61151716	64139161	0.383789606779384	259	0.0980745213836652	1.30232824458399	19510	0.571351773315153	6	4	2	-6.80740331357792
chr17	64154713	83146499	0.498908876763335	2587	0.0896970054124587	1.07256437538397	99553	0.43488243939904	4	2	2	-7.1861653005958
chr18	47554	2503030	0.407280288716289	222	0.107512017486604	1.22206281563247	5487	0.715077249416772	5	3	2	-6.73904202513488
chr18	2503166	3751404	0.25661469196077	367	0.109876608884831	1.87485305474294	9010	0.960582223423407	9	7	2	-6.74107522791384
chr18	3781041	15341512	0.498844691370573	882	0.0934269253959291	1.16308721839605	27538	0.561147876492396	5	3	2	-7.19041499232024
chr18	20946254	67789067	0.397962745975331	2023	0.100123814948523	1.20373747259383	86567	0.569491763358088	5	3	2	-6.77837405561474
chr18	67807084	80261982	0.253465925126494	959	0.112115786430361	1.93039760000197	28314	1.09762710326839	9	7	2	-6.74099748012698
chr19	282753	24394059	0.498935991092478	6010	0.08417854759457	0.976196267684859	207020	0.388172388801889	4	2	2	-6.7347013579642
chr19	27646333	58545676	0.498921397490544	5618	0.0901610498288706	0.896890895573369	213901	0.343754714058729	4	2	2	-7.76859386988305
chr20	87623	26274736	0.498910661817811	1643	0.0889255356556848	0.992043985634331	55733	0.409509985567918	4	2	2	-6.7466981229365
chr20	28559256	64208267	0.498904835745311	3720	0.102607588742842	1.04805727611509	132118	0.452293627440252	4	2	2	-7.168907623774
chr20	64211842	64328010	0.166130809766564	18	0.0809207835022275	0.679290605305295	383	0.226847655041293	2	2	0	-6.79297117939902
chr21	5218123	13113074	0.498742537655523	873	0.131799389946162	1.12912771277194	6095	0.595391188437445	4	2	2	-6.9893198776042
chr21	13238671	15268907	0.498941620658417	142	0.0926355542947122	1.15898135885008	3116	0.668910796143548	4	2	2	-6.80860622993331
chr21	15271376	41115459	0.28522436017232	2283	0.116266221514376	1.74215136963651	73205	0.912883747459164	8	6	2	-6.75060794037806
chr21	41115469	41918291	0.164498688308791	121	0.0767462573454167	1.43705376290554	4223	0.604967912771265	7	6	1	-6.77613258626174
chr21	41918746	46689753	0.273534587297792	782	0.102757345408139	1.76726562742638	34355	0.798382622342358	8	6	2	-6.73362784293684
chr22	10664499	12801199	0.294663403224848	845	0.126337414326146	1.13397982885947	4635	0.556301740358453	4	3	1	-6.81980392624727
chr22	15551143	50808390	0.384046391128623	5733	0.101530824864445	1.32153140726855	205481	0.615050011879427	6	4	2	-6.90065187240591
chrX	233678	58097873	0.321368728259858	2151	0.113023997586172	0.743128697719492	97693	0.299250295955747	3	2	1	-7.57799425962315
chrX	62594712	156004380	0.327139817725599	2061	0.105707883013236	0.730540557308279	118744	0.279796996178225	3	2	1	-8.8496883935614
chrY	10796678	11747688	0.347865564036364	81	0.133828943473044	1.12441460275847	534	0.412340130448627	6	4	2	-6.87553587118685
chrY	56826064	56887165	0.34576393542976	211	0.11438862321179	1.20056888224642	790	0.493915013431961	6	4	2	-6.73929449475621
