chromosome	start.pos	end.pos	Bf	N.BAF	sd.BAF	depth.ratio	N.ratio	sd.ratio	CNt	A	B	LPP
chr1	108297	16478258	0.13968843774033	1325	0.0972683262282079	0.757849197994182	48542	0.405576430051389	4	4	0	-6.76274415479043
chr1	16507687	43309207	0.275574495652805	1908	0.106117983688657	0.876882835521576	88061	0.402803247427875	5	4	1	-6.91366467673286
chr1	43312061	47743344	0.496990979746034	285	0.0809444035527992	1.00816240907606	20288	0.376991893722258	6	3	3	-6.77405897417656
chr1	47994235	63693283	0.297646938439428	536	0.0989114213347987	0.831729561858202	24321	0.315867017212612	4	3	1	-7.19941221772653
chr1	63709550	81191040	0.498867318712917	422	0.0779210523960132	1.06694191027529	19390	0.400989252311096	6	3	3	-6.73987671561472
chr1	81192146	87622802	0.308832780054905	159	0.107015614618391	0.814288677214733	7041	0.558030653312762	4	3	1	-6.76828140004417
chr1	87640823	91535649	0.474495308634403	82	0.0942992419589145	1.23603836406759	6257	1.01448103246179	8	4	4	-6.79069498080508
chr1	91627785	111895041	0.259277393252514	614	0.106284364819473	0.922378695476585	28945	0.40935478817261	5	4	1	-6.7426787856495
chr1	111915527	117694118	0.498836782388435	374	0.10576955086241	1.55872765421043	19005	0.836107020044507	10	5	5	-6.7401837140461
chr1	117799566	124967729	0.215476104823923	61	0.0901868642974312	1.08089753010938	5989	0.592464547934337	6	5	1	-6.76384210967196
chr1	125066017	143904542	0.25388058035725	19	0.110062714711162	1.01787495311078	917	0.517224300640495	6	5	1	-6.8103017246108
chr1	145241780	178472896	0.46603023607723	2111	0.0839396882170669	1.14121185078856	111622	0.520775101710445	7	4	3	-6.94687919624205
chr1	178525293	191126625	0.353859322089854	439	0.0967471782896294	1.03747416320717	21264	0.366314138148066	6	4	2	-6.76168568458418
chr1	191342107	226476193	0.133951939986708	1308	0.0886824709988643	0.783204906217989	56071	0.306461026705638	4	4	0	-6.75943535778837
chr1	226478432	227493678	0.0738410337492708	90	0.0660422026762591	1.37175719552619	2957	0.52444812751328	8	8	0	-6.73859852818996
chr1	227493774	227506683	0.44939753364435	9	0.132023672119813	1.75926347508841	22	0.423996732814334	9	5	4	-6.73465018968175
chr1	227507514	231573658	0.0769815036621471	310	0.061033360150478	1.35406282893898	15196	0.580164723925945	8	8	0	-6.73502333593151
chr1	231595121	248922339	0.130769018572663	876	0.0921561934765434	0.772954478399171	27035	0.526116440711533	4	4	0	-6.73594589925565
chr2	37923	8212867	0.191990853134035	168	0.0965940931987544	0.595087980964899	4531	0.251168239634517	3	3	0	-7.07137238958828
chr2	8497855	10213213	0.497619829042903	102	0.0694745714240011	0.971426115118428	4339	0.37652662149603	6	3	3	-6.78408397117348
chr2	10228127	10827359	0.174816658943306	33	0.0968850654594964	0.638926088121412	1139	2.25901452031671	3	3	0	-6.73662839817054
chr2	10863748	11222225	0.498879942040732	21	0.0992091105647441	0.939267732965415	843	1.22311372157013	6	3	3	-6.73508362435498
chr2	11271778	18549135	0.176350479098569	84	0.110722321345165	0.592151041206589	4182	0.2510286538855	3	3	0	-7.04646277549451
chr2	19170985	89244990	0.498908337871966	2526	0.0888318956329401	0.970300927506952	119751	0.642382641453544	6	3	3	-7.38852150985768
chr2	89245365	91987666	0.498602519772037	119	0.135866479779189	0.921952075622911	2725	0.466659590742116	6	3	3	-6.86949305888944
chr2	94190317	222541060	0.463754331415162	3844	0.0909311383386631	0.892484153027004	183427	0.411397983323563	5	3	2	-7.13163782660083
chr2	222558643	242140229	0.498915487792816	1163	0.0822055838070998	0.740200225057811	37226	0.420733383092134	4	2	2	-6.86890742031226
chr3	10374	10043446	0.0759551784618317	562	0.0663937223166878	1.33954341604684	18088	1.10374708625525	8	8	0	-6.73459668256709
chr3	10043852	10048065	0.255810785712676	14	0.0720413495428566	1.37675894613348	51	0.602780659226269	13	10	3	-6.7351171632724
chr3	10048089	21421262	0.071971047873689	693	0.0673847455311823	1.37631344412821	28453	0.726139019505329	8	8	0	-6.75077371795929
chr3	21421388	53188745	0.107239039385152	1160	0.0725094440863898	0.959120790929295	84880	0.419083740699083	5	5	0	-6.96790931737
chr3	53198046	56682894	0.165056286246656	107	0.0789078007277727	0.619875029694739	3953	0.198101561811884	3	3	0	-6.76116640976604
chr3	56745142	75606127	0.115475921453073	531	0.0855710885336665	0.897016612481206	20771	0.415315711538811	5	5	0	-6.76022674526769
chr3	75630786	76103118	0.425088470138961	48	0.129822995632652	0.655507854904343	554	0.25133854248526	3	2	1	-6.78367366829598
chr3	76485342	82277859	0.246204057990558	33	0.13454470784498	0.354056065143028	1301	0.147316640851973	1	1	0	-6.83166453050928
chr3	82394860	84850268	0.388514345477416	10	0.0928849347909073	0.705622820409808	256	0.362328451273604	3	2	1	-6.85824230516128
chr3	85152685	90507212	0.438737937176744	70	0.0743636857879917	1.10500084434328	2823	0.457865419066259	7	4	3	-6.8297917936768
chr3	91357430	93470778	0.446711603785723	9	0.142187767093766	0.853284525415109	340	0.696535990391104	5	3	2	-6.76233640119652
chr3	94193705	116803890	0.137262042242561	511	0.0864166840550287	0.750082369736939	21003	0.290688846806825	4	4	0	-6.89782740427857
chr3	116850260	145406575	0.171748117379097	915	0.0947415127316096	0.610264800019861	40367	0.199963395618671	3	3	0	-7.30926223069335
chr3	145505028	149357572	0.391571528203628	111	0.0874277715226417	1.25586770310658	4383	0.529682542798864	8	5	3	-6.76634414781145
chr3	149372851	149863748	0.122521270004145	111	0.0702485035588108	3.956202831682	3690	2.78977999187063	20	18	2	-6.73947766977442
chr3	149929350	153057813	0.219399881462051	202	0.106233546262051	2.28232622633169	10223	2.43715818643705	16	13	3	-6.73617162890113
chr3	153059817	154682895	0.155463531420686	130	0.112265013578154	2.85758541318911	4717	1.97112851602879	17	15	2	-6.73730787300251
chr3	154768519	157442912	0.237198241602628	109	0.122134784310474	1.52994735858095	4666	0.943171138742365	10	8	2	-6.73895400569977
chr3	157470589	166102779	0.20392262761728	109	0.116568989983426	0.677839353200018	4643	0.541029827076682	3	3	0	-6.86901202975242
chr3	166251473	168632443	0.109633693140586	52	0.0937476535654072	0.900844131134682	1653	0.532492321339451	5	5	0	-6.73702443825497
chr3	168644397	169566133	0.499240659800613	32	0.0668804602835681	1.72717877777462	1211	0.798040317769888	10	5	5	-6.73675240594565
chr3	169749693	171428059	0.121089470537069	67	0.0792141981617663	0.82868262513884	3391	0.379048623674151	4	4	0	-6.7884236747831
chr3	171428596	171783766	0.22503353389484	32	0.0748206457621028	2.13701537519537	1322	0.892888395878424	15	12	3	-6.73548195402145
chr3	171826908	178111469	0.160482364580179	72	0.110211785736281	0.621131305008696	2872	0.225322003933358	3	3	0	-6.76731711817482
chr3	178146095	179426233	0.356148673381367	45	0.0984217476172843	1.48007596454013	2267	0.774197342677363	9	6	3	-6.73310872362931
chr3	179465250	183494238	0.19211995160764	98	0.102125571418088	0.933011566288461	4808	0.757123361296226	6	5	1	-6.89475172770838
chr3	183573875	187581126	0.100956199854061	313	0.0830448636178686	1.00569332567797	14833	0.837249402794165	6	6	0	-6.74126242846789
chr3	187635912	187926036	0.498709153440135	32	0.140144625758651	3.23477403509212	1054	2.40048684172807	20	10	10	-6.7332159452658
chr3	188022888	189154746	0.101842817417989	54	0.119209391851148	1.98612314237758	1543	1.07371576389632	14	13	1	-6.74357378673626
chr3	189215424	195620256	0.139668015388185	310	0.094724599852988	1.03011945586994	8932	0.707596393944193	6	6	0	-6.83884685588986
chr3	195636517	195729871	0.498721512624969	56	0.155620800157172	1.41480745146336	620	0.524514974640503	8	4	4	-6.73371341534054
chr3	195732301	195938239	0.083915025213892	97	0.0805974509394568	1.09033907534732	1729	0.398937697824077	7	7	0	-6.74184153029229
chr3	195938810	195996818	0.498477947440512	42	0.157262860946942	1.05535445494339	277	0.365988141872969	6	3	3	-6.73308607780308
chr3	195996863	198119765	0.0961880009608722	216	0.0880406441209202	1.0421016658347	7899	0.615082654517317	6	6	0	-6.7350515169722
chr4	46210	39012714	0.49890470912902	1609	0.0946961206659453	1.09152376123773	58688	0.429960786281498	6	3	3	-6.86723832206564
chr4	39093334	39708190	0.24747895522986	144	0.109509044013124	2.03040853251491	5157	0.974980887070047	14	11	3	-6.73648353783337
chr4	39711514	43362223	0.498813378875077	206	0.0852261612154932	1.07575163591774	7609	0.469306046050177	6	3	3	-6.73650340123302
chr4	43388127	49062019	0.436265619614609	220	0.0812139284810649	1.47694197096662	9409	0.644075784909465	9	5	4	-6.75668312032245
chr4	49091992	49711644	0.489560541688696	120	0.154560245431311	0.923937304230602	1445	0.403302117650279	6	3	3	-6.776381587379
chr4	51848345	58763281	0.211602030506721	314	0.0942150753525082	1.1264087566036	11400	0.551234824255177	7	6	1	-6.78479328033154
chr4	58763313	72068957	0.243384050280461	298	0.10081682224496	0.938062973774214	11661	0.509871304940813	5	4	1	-6.79129235658627
chr4	72069013	118829572	0.235494398656646	1503	0.104682688886334	1.05386911752668	62090	0.894314677299275	6	5	1	-6.73338261007898
chr4	118833480	128884561	0.367209197940918	239	0.101230302632616	1.09008532305567	13355	0.510284735120781	6	4	2	-6.75609821846178
chr4	128888580	159019897	0.19284035569464	553	0.096144705353346	0.889334828803515	26712	0.380200577777528	5	4	1	-7.19586206088451
chr4	159021067	190179679	0.258759751481071	824	0.106696642213508	0.958214970958793	29371	0.451454055320657	5	4	1	-6.92404461599848
chr5	66543	404181	0.276387006287465	54	0.112285358560366	0.393847566131026	752	0.124793112631871	1	1	0	-6.91402051420169
chr5	404486	1214149	0.498769521779776	103	0.0969108779045703	0.516892089718067	2578	0.139391195502777	2	1	1	-6.78612304851375
chr5	1235675	5955254	0.347886655613727	144	0.107456617436641	0.830575921151945	4073	0.367984853954845	4	3	1	-6.87687207743773
chr5	6015424	42136695	0.496599307588305	1068	0.0938835405343282	1.17845189369979	43403	0.611677425255347	7	4	3	-6.94855702126864
chr5	42310588	44534555	0.106574899150686	193	0.0833874337557915	4.48053553931072	11886	3.1139090081218	17	16	1	-6.78528984718384
chr5	44589246	46206800	0.255109744584006	30	0.141977580389769	2.18433163374893	1560	1.53984707958796	13	10	3	-6.73531910602003
chr5	49601177	51594058	0.456758304775942	111	0.136578194131432	1.43578701027015	2261	0.658946739847421	9	5	4	-6.73596048520435
chr5	51847373	60429945	0.473447641045274	320	0.0931831647056545	1.17402485675866	11764	0.478657636218109	7	4	3	-6.8121776519746
chr5	60603586	93268536	0.459485760555555	816	0.0920550780742387	0.87953379986847	36097	0.545244424627637	5	3	2	-6.92902364123295
chr5	93504478	100752201	0.217725432572971	411	0.111652866305129	2.35122855352563	17657	1.38662935235565	15	12	3	-6.73789962454126
chr5	100776856	119703721	0.154171689443313	1562	0.0968156433382324	3.18147584560742	49615	2.32467882964278	20	17	3	-6.76481396354035
chr5	119832616	181281750	0.430518499905817	2633	0.101191424340034	0.943338876370646	116986	0.57853855772337	5	3	2	-6.83340247358327
chr6	164113	12020536	0.353624964193169	784	0.0987831581602967	1.44892258253323	25239	0.780115262441753	9	6	3	-6.73849604002855
chr6	12021138	32473349	0.49891386439384	1533	0.0860362585647188	1.023516113223	57380	0.527256593957606	6	3	3	-6.77632661840706
chr6	32473373	32742463	0.465272171141786	91	0.11985510483015	1.04498668890345	551	0.743732352496387	7	4	3	-6.76242879889789
chr6	32742619	54941691	0.483679558012166	1405	0.0794581546110601	1.02929801898035	63858	0.464138600260693	6	3	3	-6.79899883971378
chr6	54995329	60855642	0.498830018789331	191	0.0931984073084287	1.36876365649584	7652	0.51176384417531	8	4	4	-6.74029467255246
chr6	61134145	83489908	0.498835721432084	390	0.0973345791684115	0.918261027656112	18368	0.411532106110353	5	3	2	-7.07595226849576
chr6	83524425	169250596	0.169175670520866	1934	0.0955667835462216	0.619576172432885	79348	0.367439993912234	3	3	0	-6.93348909137443
chr6	169420249	169779411	0.498625723867417	25	0.118754649031803	0.220057077171585	537	0.0760138578810157	0	0	0	-6.7817667665947
chr6	169790104	170697494	0.162206296979068	34	0.0893991629640956	0.605459061464851	836	0.219285697198139	3	3	0	-6.75922657486574
chr7	38094	44516026	0.450674205275813	3570	0.114939998994602	1.82432267214073	131279	0.953299179841157	11	6	5	-6.77525781473308
chr7	44523099	45090220	0.00560821783994658	17	0.086950374622878	1.85793684002631	6032	0.933188620791734	16	16	0	-6.87334998654828
chr7	45291864	58100632	0.498845010425513	890	0.114229998277222	1.77297364407221	28091	0.98063361037911	12	6	6	-6.771173710656
chr7	60958067	62730094	0.0994420066590076	17	0.174142922201682	1.71193550088275	142	1.03295636725743	10	10	0	-6.75878952021732
chr7	62914991	69377671	0.45575598297565	751	0.132654995541022	1.67199499144564	23523	1.01475308502834	11	6	5	-6.74342350095929
chr7	69392732	69803706	0.0142612231813064	15	0.131973193526276	2.18354698737694	1436	1.48028641077107	19	19	0	-6.75916734996715
chr7	70162175	71614700	0.443539851550062	146	0.124353013778918	2.12312958031808	4858	1.23920655909128	14	8	6	-6.73594030660695
chr7	71617595	76406055	0.246375824802243	524	0.0997342511782453	1.48644621892528	25436	0.719226753907111	9	7	2	-6.74808825560572
chr7	76410456	80749003	0.283192426354427	248	0.108549539220877	1.41433424791633	7289	0.696772245809052	8	6	2	-6.75185745200041
chr7	80953280	92725911	0.362218617559094	279	0.0918492397610998	0.957020527704929	13016	0.507581664685124	6	4	2	-6.98975450789007
chr7	92832969	100604596	0.482738861514865	393	0.0932813279869558	1.08853708023757	24360	0.487697196815225	6	3	3	-6.77132428464823
chr7	100613863	102329537	0.437787250493839	404	0.104545230872265	0.803051537984482	11873	0.369330244322637	5	3	2	-6.87161711245448
chr7	102364283	114757729	0.337791330860037	450	0.103359898302412	1.20631172993625	22535	0.569531070234697	7	5	2	-6.74557384434855
chr7	114788338	132730760	0.38093956590173	555	0.09842062350098	0.96218050712393	25368	0.405645345889077	5	3	2	-6.99913215615307
chr7	133035941	152416418	0.316798932516008	1426	0.0996047446083537	1.15520983301805	52978	0.44153157272914	7	5	2	-6.8096867785087
chr7	152446659	157441174	0.40609922746528	316	0.0995926057029801	1.31834077801847	9118	0.798657817432211	8	5	3	-6.74167210503479
chr7	157595320	159315787	0.137333906851042	81	0.104787573184167	0.618288271374777	2083	0.283945463679687	3	3	0	-6.78999424017075
chr8	213553	11929139	0.3768367885775	497	0.116119434970105	0.648560306264848	10054	0.264513953802643	3	2	1	-6.78973634877244
chr8	11929272	22727330	0.320411719102498	517	0.106256338332228	0.770936616432619	13873	0.371202142360063	4	3	1	-6.73443337923741
chr8	22750090	34874334	0.400932705150946	372	0.0954114778969637	0.608635741852461	14751	0.291286026184399	3	2	1	-6.88387231317181
chr8	34930369	38996522	0.234582376151238	96	0.102539144750385	0.93703339651755	7468	0.401674260276213	5	4	1	-6.81013276558528
chr8	39000289	43618035	0.384385690894693	243	0.109493320648364	1.30182974932637	12339	0.706969709576862	8	5	3	-6.74253051131386
chr8	45952323	55344998	0.308590216818708	284	0.128051580568611	1.66389914662871	16621	0.912295314948027	10	7	3	-6.74949147950556
chr8	55356827	60666655	0.394677219040161	155	0.0967528875023907	1.32164237823024	6632	0.797568312314515	8	5	3	-6.73374147571943
chr8	60822397	145066250	0.498922281571906	2858	0.0831158563016197	1.06416877800296	115470	0.503403230743654	6	3	3	-6.74448789467845
chr9	117696	4298576	0.440969118216367	211	0.0834901513428262	0.873955087871021	4555	0.372251641607097	5	3	2	-6.79894409364658
chr9	4455794	5014332	0.146196817313227	36	0.129182346206549	0.61735515424594	800	0.217275786490767	3	3	0	-6.75415600048986
chr9	5041690	6504855	0.435911023829778	59	0.0667966198831946	0.869022076629684	3092	0.306426492288521	5	3	2	-6.78002274969818
chr9	6557366	23850238	0.17552811547647	407	0.101152195993043	0.607696849780707	11623	0.346218181691511	3	3	0	-6.89060624297192
chr9	24669315	30615988	0.498698242751736	85	0.117360334778287	0.902290373207536	3123	0.431601203848325	5	3	2	-6.97575499747448
chr9	30689181	38956085	0.498883080244948	541	0.0923624367555354	1.12493390990648	27993	0.75943190114518	6	3	3	-6.76714884204513
chr9	39001256	43111222	0.498666751584314	233	0.130208874956202	1.03644430317228	2365	0.518198257887559	6	3	3	-6.73635217917332
chr9	60544739	68525833	0.49858823743019	144	0.136877566961202	0.916997364439944	2057	0.418371777055472	5	3	2	-6.90989252988162
chr9	68606553	138214444	0.214221555756459	2917	0.0980028351446925	0.764927987688234	131960	0.383506381559325	4	4	0	-7.13144044640846
chr10	47876	9001243	0.132588496848883	427	0.0868379845448231	0.763837343771148	11029	0.325129802822662	4	4	0	-6.7449280417737
chr10	9328125	29365537	0.1728087413436	662	0.0980940517046272	0.638201503155881	22701	0.37603279841389	3	3	0	-6.73828889326215
chr10	29372540	39475684	0.279594004440545	419	0.110212893846676	0.804650052172383	11011	0.319985344957288	4	3	1	-6.88994116836681
chr10	41859953	50033604	0.26670504018576	435	0.105020940203579	0.876110572586182	14207	0.958522386422399	5	4	1	-6.74377565610847
chr10	50042153	133787106	0.151777167828647	2655	0.0906577123682847	0.679171338670414	112865	0.278682241703813	3	3	0	-8.8489583793234
chr11	199256	35522213	0.372565778894306	2160	0.0911424808318358	1.03472683220599	84779	0.531221281975037	6	4	2	-6.76681926196012
chr11	35553706	50553108	0.498887530205808	637	0.0973166962798319	1.38280267518717	33394	0.656799513198916	8	4	4	-6.75619264032657
chr11	54603087	55665626	0.458694996774543	32	0.0924194450894678	1.08737401747253	1314	0.291474161966463	7	4	3	-6.82259627019127
chr11	55811815	56376094	0.277410490391376	29	0.110467546445705	1.62173699615632	2693	0.535812156404826	9	7	2	-6.75464878797486
chr11	56376116	56595962	0.363052092650606	19	0.0676556468427256	1.18223763032514	637	0.400376710730463	6	4	2	-6.74533846633762
chr11	56612658	56776062	0.441885710220244	46	0.123027949379409	0.539826675782163	305	0.166041429853983	2	1	1	-6.89245743146046
chr11	56818911	64229866	0.469816424397381	605	0.0834293610076554	1.0529910723773	34475	0.394526865231788	6	3	3	-6.81081103772756
chr11	64236485	65055751	0.273951064950805	144	0.105676622362687	1.70879307495015	11385	1.0650963865801	12	9	3	-6.73875264807139
chr11	65085373	66120815	0.178908275355467	123	0.0869960750446291	0.6104455851061	7521	0.319466431526829	3	3	0	-6.75251699971414
chr11	66148346	72478449	0.297366209512215	653	0.114857373698427	1.63413106288942	41931	0.920401961852486	11	8	3	-6.75775720454035
chr11	72536372	81058844	0.378110605288922	515	0.0972844640666553	1.22512873590325	24931	0.5274827980656	8	5	3	-6.88894641064925
chr11	81466782	134986767	0.212836370414865	1325	0.102850179555178	0.491942423278559	55613	0.259036627662544	2	2	0	-6.73828013824504
chr12	12906	1930051	0.498824821997726	204	0.101180401655295	0.987840165962328	6513	0.38244205268885	6	3	3	-6.76807890061091
chr12	1930575	8134711	0.462323281882574	534	0.0938020023036668	0.684699730093449	18299	0.257165987757222	3	2	1	-7.39154273298479
chr12	8135502	23390798	0.327802800913123	764	0.100642427251528	0.923966639863579	25942	0.326430917700273	5	4	1	-6.93491037546552
chr12	23567716	26231026	0.381934076765702	141	0.121150611298641	1.71275010644794	4780	0.90521190615061	11	7	4	-6.73458033214537
chr12	26252722	29725308	0.300536185893155	110	0.0950135941285475	0.985333294448891	5576	0.348701853700027	5	4	1	-6.88738996196068
chr12	29739928	34522919	0.498792171700868	411	0.103540993548279	1.57465473085382	13214	0.831488905637511	10	5	5	-6.73628141067089
chr12	37540858	75501839	0.34911249829926	2109	0.0953359054029887	1.09811429128233	105887	0.454779154723205	6	4	2	-6.9162765422781
chr12	75506602	133221063	0.498913962222668	2272	0.084033601494034	0.774428949833114	99528	0.477179588366618	4	2	2	-6.73317430808324
chr13	18177561	18854681	0.434416937730684	62	0.140602534517875	0.755211338612589	695	0.305466650193783	4	2	2	-6.86367810918416
chr13	18892411	67613033	0.1299507426493	1355	0.0940159681687536	0.823847049779894	53916	0.486436750164654	4	4	0	-7.16822678863136
chr13	67902265	71929796	0.243472646081279	22	0.148516305749884	0.48753903970117	765	0.225051294551891	2	2	0	-6.76211799984589
chr13	72062542	79118797	0.499010216848378	139	0.0837287084064153	0.90150750195031	6920	0.356765395865852	5	3	2	-7.19661407541832
chr13	79192053	112378696	0.381210899010583	561	0.0999814370025658	0.617977099558945	19218	0.226340783824085	3	2	1	-6.98674146589259
chr13	112400981	114299210	0.367589687777508	139	0.0989432254380114	1.00044450044616	6329	0.365523420104252	6	4	2	-6.7580006872349
chr14	16099351	16402213	0.436683015193829	2	0.031112698372208	0.96558477997396	16	0.460786646218544	7	4	3	-6.78504724911341
chr14	18306415	19734395	0.271964512634554	124	0.153912919094026	1.41535188464908	2037	0.763916789234543	9	7	2	-6.73825589423944
chr14	19748139	19797477	0.428387998336245	10	0.053275906582828	1.02124303060051	333	0.20585754788881	5	3	2	-6.7470903699659
chr14	19821078	50380389	0.116247658352833	1247	0.0830975830723734	0.904157859150093	51782	0.589603880067725	5	5	0	-6.74123215811732
chr14	50390164	50944530	0.459565428736419	27	0.114137681141726	0.213264102972915	1110	0.10349291362827	0	0	0	-6.80814974655365
chr14	50972165	106324594	0.111444647676507	2462	0.078410962029136	0.92706624274913	111463	0.415397779790176	5	5	0	-6.76513037046491
chr14	106325734	106349805	0.45198517163507	20	0.0579663014626874	0.731040453304326	181	0.216307848087535	7	4	3	-6.82767368208667
chr14	106351938	106810329	0.10974928419353	114	0.0952773091663543	0.887652998748851	2169	0.362406844270977	5	5	0	-6.73752961683918
chr15	19987698	20252038	0.498678080039653	37	0.160851581376222	0.511611573845133	490	0.179171678929582	2	1	1	-6.73945759438988
chr15	20254037	23310736	0.160028918614338	144	0.131040541415857	0.577131742058008	3005	0.238125887690325	3	3	0	-7.00941688872695
chr15	23311468	23440748	0.395096212974714	12	0.0998474594144245	1.23751919048694	249	14.084969904014	8	5	3	-6.73303622232003
chr15	23441196	32747620	0.153586219434061	399	0.0990129888960349	0.705792286641732	12218	0.276542593650984	4	4	0	-7.3269152469931
chr15	32801584	33116384	0.0695935326251502	33	0.0484842015818586	1.58579682275359	771	0.776680444588083	9	9	0	-6.73580411147149
chr15	33154057	52295693	0.138653361042633	849	0.0912242955261959	0.710373611738797	44903	0.249203757935701	4	4	0	-7.87932566823355
chr15	52312649	52938465	0.383997022011018	41	0.0954461219490973	0.976613885557765	1496	0.330431463133108	6	4	2	-6.7734073246977
chr15	53040226	57102336	0.158278401212009	108	0.0946030945591796	0.710374673648646	4180	0.297292556403368	4	4	0	-6.96461010224187
chr15	57166145	59667956	0.404299083437671	106	0.121856412121817	0.947481396270749	5337	0.493676355076092	5	3	2	-6.75465174103632
chr15	59668781	64104956	0.4988388368295	238	0.0922538772112657	1.24327282405326	10962	0.493160285183925	8	4	4	-6.79094398329709
chr15	64126198	67806598	0.378512908471411	205	0.105924922429871	0.974882136904348	12515	0.579035617779433	6	4	2	-6.78227042489457
chr15	67808285	74417225	0.152503738347263	218	0.092780459541243	0.710061581286951	12030	0.394527375930378	4	4	0	-6.93805479124206
chr15	74742915	80289048	0.487120784104921	411	0.0941196028359857	1.11208727602562	18918	0.531556928091423	6	3	3	-6.77543561452316
chr15	80291011	92296691	0.498880456245401	930	0.0938585936991931	1.30445071949447	36125	1.01907936185304	8	4	4	-6.73744769630067
chr15	92307771	101029262	0.463172906259438	425	0.101088763590749	1.13953587963035	10739	0.539941595525598	7	4	3	-6.80401863133757
chr15	101048718	101805957	0.212276438861256	53	0.128118875654542	0.497934151972314	1578	0.156369339295018	2	2	0	-6.73476487239731
chr16	11641	964119	0.149539187769197	305	0.0826448837612276	0.707903547295892	7696	0.274489487485389	4	4	0	-6.80823397052164
chr16	981090	1256483	0.38757405418953	48	0.0864351517670497	0.994668262046852	1398	0.29305051363532	6	4	2	-6.77433150142052
chr16	1256606	5766314	0.147758023741038	504	0.0853239859774084	0.686277631063361	23581	0.206723759178791	3	3	0	-7.13501233079574
chr16	5788360	7187412	0.498771260461482	42	0.113212564608057	0.895777433291085	751	0.369237240575467	4	2	2	-6.85988201156053
chr16	7194776	8508350	0.169764798499568	20	0.126742538449534	0.655153723267679	529	0.255996460894464	3	3	0	-6.74594612494312
chr16	8532690	9768699	0.488682073749519	122	0.123714065615681	1.23205525794102	3259	0.533013140274559	8	4	4	-6.75559058255173
chr16	9822347	11166583	0.169090876954115	57	0.128552452651464	0.69649481426422	2253	0.289871804055356	3	3	0	-6.81627586940982
chr16	11226055	11621041	0.303670676383704	147	0.114721876046103	1.91068039147533	2330	1.97975852111759	11	8	3	-6.73400900342688
chr16	11621461	14778303	0.24031776530264	446	0.120265732903465	2.34699475853546	15447	1.58144583799228	14	11	3	-6.73720972889157
chr16	14864581	16187953	0.182035925302635	113	0.123448576512585	0.695435455568171	4307	0.279135013438298	3	3	0	-6.82693176803254
chr16	16190415	29667074	0.431756916578742	849	0.101872138683517	0.944308820724781	34780	0.420744607697914	5	3	2	-6.78079555863147
chr16	29703781	32066546	0.420414621357731	155	0.0757009268830928	0.701543969915343	14612	0.332364481980438	3	2	1	-6.9619247589371
chr16	32392021	34163346	0.236955431376894	49	0.120620726634677	1.21449807057587	1665	0.412605020871585	7	6	1	-6.77316435469105
chr16	34268483	34595573	0.36951501644185	58	0.13325716669016	0.717702866663111	669	0.217008330258274	3	2	1	-6.80907542379615
chr16	34652865	36104311	0.499127886170985	22	0.0908899839228129	1.37353390939553	1044	0.544486585038364	8	4	4	-6.73516318793416
chr16	46386441	46531107	0.368981312301787	55	0.109107098405919	0.670341917665305	1156	0.192769832438861	3	2	1	-6.76054200028855
chr16	46551930	90094657	0.169655644538683	2061	0.102572909791222	0.623352277667245	77139	0.34620658438727	3	3	0	-6.79741747370964
chr17	137681	12677426	0.39050458865523	1454	0.0925073324833713	0.860675241901708	57778	0.758824189671243	5	3	2	-6.85639867792134
chr17	12699021	21319138	0.415526353050916	1043	0.0920116085552707	1.29066220269865	34728	0.630825495665822	8	5	3	-6.77967539473992
chr17	21325915	22301795	0.324186882138141	212	0.11160515694609	1.18460672539657	1703	0.457823351778158	7	5	2	-6.73333443195374
chr17	24421438	26937992	0.377103777257396	19	0.136824534409492	1.42001725703419	303	0.339483855194033	9	6	3	-6.76662541238133
chr17	26939282	30816009	0.498879178689056	297	0.10055259832334	1.32689407043021	22515	0.66100700942033	8	4	4	-6.73344011359573
chr17	30834485	31260527	0.498323431718977	18	0.160041834808555	0.596802268679858	1189	0.313065679216252	2	1	1	-6.82579810579209
chr17	31327858	35169953	0.498858094074497	236	0.102684649193292	1.31309191593966	11375	0.529979883822402	8	4	4	-6.73588106180365
chr17	35170031	38169703	0.381558299113062	165	0.102999089756955	1.01464652380236	9915	0.379754497936185	6	4	2	-6.76528776493802
chr17	38458455	54439630	0.498903899649286	1222	0.0833810627906826	0.752427706456554	58654	0.373558024348478	4	2	2	-6.79179272334865
chr17	54470140	76239541	0.321529479674615	1773	0.0990927296110081	1.20031787751002	80128	0.590106344202535	7	5	2	-6.73364033593505
chr17	76249974	76684797	0.190322841426086	116	0.0915969869645804	2.0526883023811	5345	2.41077112965953	13	11	2	-6.73304772750204
chr17	76688516	81548483	0.335143847930756	693	0.0927674357143227	1.15441412334513	23807	0.478963783051555	7	5	2	-6.75862407884731
chr17	81552356	82668228	0.409326112649341	134	0.101893937960997	0.647179728270246	6711	0.700028321856898	3	2	1	-6.75712863985829
chr17	82715588	83135891	0.286513085006372	58	0.118650820651942	0.358405904873793	1063	0.214792933967148	1	1	0	-6.742915783083
chr18	47492	8784725	0.205362090905402	396	0.103280353760807	0.886031455810067	11727	0.533501711809605	5	4	1	-6.97586784885027
chr18	8809570	15378682	0.3498776299292	357	0.101173195563757	1.02604519288641	12470	0.577421052028221	6	4	2	-6.75969016629802
chr18	21078092	59090939	0.278054507363682	1355	0.107357784529932	1.33850576286367	60388	0.670628073745244	8	6	2	-6.74007264607429
chr18	59140076	73846172	0.498810714194519	347	0.09013207618768	0.868686013983298	10972	0.33017552140982	5	3	2	-7.34339992920978
chr18	73856880	79200750	0.49618048081395	188	0.107795804591557	1.14893675222293	6241	0.712134910737949	6	3	3	-6.77827072220119
chr18	79281852	80250865	0.252384825283055	65	0.126974066098312	1.82610336417149	3867	1.07488034468499	13	10	3	-6.74075424245992
chr19	263280	6062210	0.135457798300068	1029	0.0926871546946639	0.785462548278316	36207	0.357499587635111	4	4	0	-6.73821975700124
chr19	6127524	7326128	0.106117477020268	211	0.0743142840830536	1.01995749461161	7943	0.368316312446279	6	6	0	-6.74293891599286
chr19	7459893	17131513	0.135083748860836	1415	0.0820533488251294	0.766817500119213	60136	0.518390303291729	4	4	0	-6.73568011869665
chr19	17143660	19187295	0.4988788857956	466	0.0867555980604254	1.24113957176794	21064	0.670550047348232	8	4	4	-6.74833043916162
chr19	19194090	22073545	0.14357580938389	353	0.0734999868605684	0.719719596834251	10640	0.235844002574864	4	4	0	-6.90250420433938
chr19	22138454	23146138	0.383652540907192	46	0.127256819336462	0.339444172071985	1553	1.32392399558004	3	2	1	-6.86595309146485
chr19	23199013	24186640	0.152283066248438	77	0.0979893977832402	0.726528244086924	2334	0.220043654655103	4	4	0	-6.79801399664109
chr19	27646381	36996730	0.40046877142208	495	0.0945333256071617	0.640247454122157	20609	0.23088187744138	3	2	1	-6.75118171831651
chr19	36996821	58563286	0.49892623425631	3502	0.0862720820625546	0.751685948342824	127246	0.538096107703365	4	2	2	-6.77400096047044
chr20	87623	10916913	0.27612755135666	536	0.101188857468865	0.71184450399804	18845	0.279577125789688	4	3	1	-7.38148788278717
chr20	11109579	26110592	0.498864326221508	485	0.0828106960652216	1.00988967014119	19141	0.483742684465351	6	3	3	-6.80936251308641
chr20	28559257	30918177	0.445083309178896	550	0.132430173885925	1.00601070192481	2789	0.390546534724345	5	3	2	-6.83075352589101
chr20	30919437	31075501	0.161621411633282	59	0.130877656005955	1.51331771399287	630	1.25501184893692	9	8	1	-6.73405515220789
chr20	31075526	62000774	0.454687318642845	1839	0.0910299230004408	1.17631819601131	93301	0.505661549998034	7	4	3	-6.76768435651106
chr20	62008892	64302606	0.327275036198178	295	0.0981869897354194	1.65432333064549	20417	1.70567474541766	10	7	3	-6.73332208049235
chr21	5143363	13097608	0.422008841612966	678	0.136468493487759	0.746568796197429	4274	0.499334442787766	4	2	2	-6.94920088366558
chr21	13227652	22901229	0.498738641293662	284	0.115061358617703	1.21110735281777	7969	0.968066897977313	8	4	4	-6.79349646413206
chr21	23101805	46692843	0.496617759777244	1162	0.0855684926509316	0.758966722290784	39584	0.462454624384786	4	2	2	-6.76221551309002
chr22	10664499	12638465	0.378411529737348	674	0.13645933002748	0.799403438519062	3061	0.393431993349259	4	3	1	-6.85405692704334
chr22	15552149	16839471	0.232023528889324	75	0.135570729520434	0.802316338154262	1472	0.448719711240478	5	4	1	-6.84471201248407
chr22	16846024	17084998	0.377000202247328	30	0.0973679418081435	1.57831054008189	750	0.68133375666259	11	7	4	-6.7372751841533
chr22	17109290	20887566	0.234777645567026	279	0.101036078645227	0.684809920324019	11103	0.222392025603609	3	3	0	-7.24807269912532
chr22	20896814	20933355	0.312868329750354	13	0.0802120586880449	1.73483332382585	309	1.12925814195077	17	12	5	-6.73622211366981
chr22	20941809	24495324	0.272184776433488	335	0.105682327933264	0.567232296680354	9711	0.49704611042992	2	2	0	-7.06643161259922
chr22	24502342	25626181	0.267888034215612	154	0.103003316748458	1.45392641916031	5428	0.873877176400009	9	7	2	-6.73516212693884
chr22	25647836	26913982	0.498855007659781	64	0.0972947052650814	1.06348017475522	3207	0.694946432055747	6	3	3	-6.73318783251819
chr22	27254289	35283958	0.189842219508656	389	0.109396405894154	0.659967660756965	17098	0.322099790963259	3	3	0	-6.83118637753356
chr22	35323300	36833853	0.267183009542854	328	0.123715965437166	2.17157711382643	10931	2.74437085086382	16	12	4	-6.73567920003272
chr22	36846162	37936892	0.17302668147974	393	0.0832343496622729	3.08569503188131	18350	1.65183503560573	20	17	3	-6.73332457696823
chr22	37942618	38095534	0.000526148951966676	21	0.00916515138991168	3.49451761985498	3053	1.95356262869584	20	20	0	-10.7712727985287
chr22	38100317	39106018	0.145560986409542	241	0.0918762192361776	3.50271344163924	15665	2.62539354082229	18	16	2	-6.73960128283024
chr22	39111882	41410924	0.235610422361581	418	0.119398616804821	2.26931037258761	21766	1.43829459897264	14	11	3	-6.73583185334848
chr22	41412346	42430294	0.264740084903629	268	0.105556081350261	2.02311090679641	10557	1.03254668411552	13	10	3	-6.73499381323122
chr22	42454295	46230193	0.162650480321857	339	0.104813668888203	0.650670467424355	8140	0.267547952442795	3	3	0	-6.75497563606018
chr22	46248067	47339108	0.372246632318917	200	0.0950976747281103	1.44845052743073	5179	0.66555682839063	9	6	3	-6.74849785386542
chr22	47461788	50808263	0.167452943041365	295	0.0895519340878888	0.626643897849812	8296	0.234543126205814	3	3	0	-6.7382569889753
chrX	288633	1439514	0.404363617527901	164	0.117707835901651	0.677886400478925	2351	0.272174023437214	3	2	1	-6.78419672053798
chrX	1466418	9898380	0.442103819471559	299	0.0933587410276791	0.936069385975719	9531	0.427623549850126	5	3	2	-6.77120186409113
chrX	9933015	44341687	0.333423706225682	952	0.118236848580192	1.39098871513101	61001	0.674778402389341	8	6	2	-6.88307990614283
chrX	44349249	47660424	0.498807846194741	294	0.147034562457856	2.00015599661532	16871	1.09410501109264	12	6	6	-6.7374365306631
chrX	47661151	50408630	0.408406928649212	182	0.118185849395213	1.56702304678153	17685	0.594471294938201	10	6	4	-6.73890293338376
chrX	50463496	58204641	0.412376032728122	210	0.0941823229523989	1.08165180488801	15205	1.48235354377826	5	3	2	-6.79913474484086
chrX	64190230	82338007	0.379615448424451	341	0.0951857626526399	1.1475023091311	29804	0.455501873587025	7	5	2	-7.02468030744158
chrX	83208546	86412259	0.115864894269905	29	0.0941914908354932	0.877954335107061	2257	0.316629620191357	5	5	0	-6.76647271424165
chrX	86651210	155985886	0.205739904932493	954	0.110658526286508	0.491485189464644	53111	0.163743020266124	2	2	0	-6.76394267602308
chrY	10785299	11722112	0.333162755702064	40	0.127691030847802	0.798125046440357	289	0.346335087820388	4	3	1	-6.74506448697309
chrY	56826167	56885653	0.498701497192918	145	0.125762068957638	0.832683642097711	485	0.400075505962512	4	2	2	-6.73424904199501
