chromosome	start.pos	end.pos	Bf	N.BAF	sd.BAF	depth.ratio	N.ratio	sd.ratio	CNt	A	B	LPP
chr1	13273	202259	0.065211295948107	10	0.18253355855842	1.37344083430414	189	0.839196155753044	3	3	0	-6.80990144142404
chr1	591391	16536648	0.498899357117146	2309	0.106104953850308	0.837901675092375	70854	0.314889785875294	2	1	1	-8.82308954751939
chr1	16544113	16947199	0.330465790080048	225	0.121151469538873	0.927801920193736	2718	0.296984730000162	3	2	1	-7.30777892578122
chr1	16948559	55107194	0.498904177813914	4047	0.0993068278018201	0.860442744482851	164738	0.338485380776889	2	1	1	-9.49016512289844
chr1	55109019	108185725	0.498895492829301	2531	0.0964732279304762	1.0924538105628	93531	0.46784528439827	2	1	1	-7.69586716005079
chr1	108185862	121530952	0.498878875043177	1017	0.0934492183629092	1.01132268363578	41081	0.384310710002952	2	1	1	-6.73986370612481
chr1	124514134	143253209	0.498094861637127	13	0.201447740885055	0.365337311189689	226	0.286478956173719	1	1	0	-14.2430092405495
chr1	143280625	150167382	0.498778243792434	251	0.101186843545853	0.948644491454633	13880	0.369685729655531	2	1	1	-6.81629806528721
chr1	150168687	151956400	0.498790947875728	234	0.107379471606836	0.766165564310182	13509	0.285019749211269	2	1	1	-7.54885847277123
chr1	151979873	153351834	0.499120965136152	144	0.0773390450828551	1.1008445474487	6048	0.25095205976897	2	1	1	-6.85116926440839
chr1	153360530	157078428	0.498854734419423	509	0.0931419823220197	0.80766330578381	30600	0.281775705194152	2	1	1	-7.80134868743085
chr1	157084557	160152759	0.481993286053129	378	0.0853424355896045	1.07629418498432	11278	0.331988495325849	2	1	1	-6.84835178449407
chr1	160153036	161725431	0.498837740257873	210	0.0920358261843474	0.880768292358855	9686	0.300060516424106	2	1	1	-6.89768665958304
chr1	161726298	199827257	0.498895926465494	1922	0.0937715410896826	1.07816182719005	79624	0.444063347164556	2	1	1	-7.32549325017923
chr1	199895984	248945592	0.49891673878098	4755	0.102804352476887	0.977685083194847	146681	0.395025621548684	2	1	1	-6.82844051335575
chr2	188171	9340318	0.498840506269729	420	0.0928574779820331	1.03064543462761	12598	0.452820456669143	2	1	1	-6.75727135291714
chr2	9375028	10863748	0.498809448141552	228	0.115623423010575	0.845275278080887	6060	0.343420891638405	2	1	1	-6.94003271075744
chr2	10874410	23705221	0.498862814347324	624	0.0911704134316759	1.10245905480029	20024	0.484868330221191	2	1	1	-7.02899283104588
chr2	23709055	60686521	0.496678970127887	2294	0.0954867259865863	0.948356372559386	94107	0.423516032430197	2	1	1	-7.06394851023437
chr2	60688760	61989008	0.498771148674438	155	0.0990605211242736	0.79011671771047	6224	0.317128055850052	2	1	1	-7.13570454233444
chr2	61998487	74878504	0.498873675093742	825	0.0995731409130572	0.975845745600934	37973	0.393311621950497	2	1	1	-6.76305866612986
chr2	74885714	83717078	0.498840143715903	306	0.092296104346453	1.21210581314047	8146	0.556933569518258	2	1	1	-7.30621191644354
chr2	83815555	90244263	0.498789152809496	443	0.11959276489332	0.972868544816363	18540	0.35857413526461	2	1	1	-6.75586174134147
chr2	90294330	92075324	0.495734988418524	131	0.139933945494242	0.839928492800746	1504	0.383671087285372	2	1	1	-6.94695293725
chr2	94190317	95939329	0.445409624731695	73	0.104258522057496	0.986754437152796	4082	0.36106392447571	2	1	1	-6.89462766626786
chr2	95939402	95954051	0.168341427167733	56	0.110881800586475	0.883799073998696	194	0.31411888059253	6	5	1	-6.86336976925187
chr2	96022714	169318824	0.498905035473779	3752	0.100554919917407	1.04278528063419	145035	0.435224927729689	2	1	1	-7.11355629803044
chr2	169338028	176319644	0.498826818882397	545	0.104617694782106	1.00451324100997	20062	0.417628472454407	2	1	1	-6.73357152026341
chr2	176394302	208354466	0.498896888373602	1768	0.0912243099542957	1.09668846208755	78148	0.427754835891442	2	1	1	-7.5131878818246
chr2	208355433	215245097	0.498828162522888	302	0.0924796859337239	1.15451568371658	11204	0.447737994725527	2	1	1	-7.1307029016151
chr2	215283070	231203685	0.498885500329463	1290	0.0890590083063281	0.956628806978901	45553	0.39497256755677	2	1	1	-6.85165814902821
chr2	231206193	242183318	0.498886226673528	1325	0.0948204793425019	0.940420960298178	40026	0.346964437744086	2	1	1	-6.93336834179896
chr3	13142	8634092	0.498843976338917	562	0.108959205900376	1.09600078143448	11961	0.490693962516585	2	1	1	-6.90803409651121
chr3	8634816	20281330	0.498872634364104	821	0.0952626909746532	0.945188816722916	35589	0.38848125963326	2	1	1	-6.87723341538206
chr3	20291100	31770474	0.498847209394547	493	0.0953927005145898	1.13965653175255	14438	0.510389290028986	2	1	1	-7.1534340955708
chr3	31795088	33121130	0.498771148674438	155	0.0987247212743577	0.840921080726946	4723	0.335293185963066	2	1	1	-6.93860212975337
chr3	33137204	46954696	0.498886473900648	1020	0.0895625376098946	0.997853109781912	41263	0.379170580093052	2	1	1	-6.73341325524125
chr3	46966191	53290818	0.498875739150915	545	0.0941895979550024	0.851290906734013	49313	0.278546456769074	2	1	1	-7.79164015087311
chr3	53304338	56327408	0.475585205599827	164	0.079748522708313	1.06445761124468	6181	0.404637782712362	2	1	1	-6.83153093191285
chr3	56360280	58526313	0.000228682974793532	353	0.0919283242400251	0.849182040871773	9758	0.341310228176639	2	2	0	-7.01761500214361
chr3	58526510	75621145	0.498869156400664	980	0.0962956424108927	1.09400332071748	28090	0.475456548411488	2	1	1	-7.07796375023304
chr3	75630060	75732267	0.1404061270736	82	0.166824082842015	0.849271456607097	416	0.396990571487069	2	2	0	-7.14089213288271
chr3	75734368	90303819	0.457621458718304	464	0.103691760831948	1.21689568661605	13190	0.539176642359266	2	1	1	-7.81059158383425
chr3	91404436	130021855	0.498908538886064	2297	0.0943487299411265	1.04630828370228	82594	0.427555217270478	2	1	1	-6.98119488332233
chr3	130083201	130130877	0.498103155926079	27	0.182422234924561	0.84773380366237	127	0.293111445034306	2	1	1	-6.74217687992514
chr3	130157531	142581013	0.49887521488851	896	0.094777069304088	1.01448278593433	31469	0.400360004394069	2	1	1	-6.74258561564238
chr3	142589849	178932985	0.498889919468802	1714	0.0997788457313988	1.10154179051685	57562	0.477567786457436	2	1	1	-7.51438854881758
chr3	178934754	187221403	0.49884435391269	676	0.10083736067071	0.88576019922213	28296	0.384453117161228	2	1	1	-7.19197154712838
chr3	187226460	194360963	0.00201349053922809	406	0.0955891616482027	1.1221575866255	11524	0.474146040631773	2	2	0	-6.97573541466708
chr3	194361171	195774150	0.49878238481366	195	0.121980288142041	0.867759488661068	5201	0.348034397835432	2	1	1	-6.87088114268533
chr3	195778965	195788578	0.332330178779309	57	0.134227743379422	0.593999965058556	281	0.155081893104536	3	2	1	-6.93214462039316
chr3	195791459	198113542	0.498809389434062	355	0.103269791463511	0.800962828691187	10620	0.330561403532471	2	1	1	-7.30381542090139
chr4	13970	8606907	0.498905021890482	1282	0.0930656241560949	0.905266670383465	34069	0.3333266048476	2	1	1	-7.16154757334721
chr4	8611118	9748635	0.498697077591223	170	0.129569648469021	0.936858434509343	2390	0.402654436488567	2	1	1	-6.75099783827453
chr4	9754867	38658042	0.498884313070974	1331	0.0971862568149219	1.10131103067212	39523	0.497695875025268	2	1	1	-7.32201126558327
chr4	38697303	41106765	0.498803419036048	309	0.110462636075799	0.80400654532775	9896	0.342443045535052	2	1	1	-7.26937288070453
chr4	41109750	49061855	0.498877369345343	442	0.0977798801229299	1.06101923314314	14856	0.428491078214473	2	1	1	-6.8226291458672
chr4	49102610	49149825	0.0337741898470167	10	0.158113883008419	0.0589962026168835	43	0.105878082376837	1	1	0	-11.495794118396
chr4	49157761	49711644	0.417078495037188	124	0.158747323834286	0.693942677449134	657	0.33556104742199	2	1	1	-7.2627914891124
chr4	51819050	54636336	0.498773686456345	115	0.0964218404699027	1.04399361163374	5272	0.426319126080683	2	1	1	-6.75024030068107
chr4	54649043	54846540	0.215728400333273	25	0.0928766745026256	2.55861437485429	930	0.830400247463486	5	4	1	-6.75027916666131
chr4	54867256	57048027	0.49882726399626	234	0.103146401257823	0.920030281333803	7689	0.39614749585745	2	1	1	-6.79060900847851
chr4	57048152	189370505	0.498914158752281	5641	0.0942409463584427	1.08626534650966	222084	0.465075999325862	2	1	1	-8.55551579783804
chr4	189370667	190179679	0.492773195710495	84	0.132113254735772	0.928763663436882	942	0.426241411268247	2	1	1	-6.74941844368102
chr5	44595	488195	0.372449700712269	22	0.0896237083081764	1.48636800221638	3010	0.4831803730865	3	2	1	-6.84529709456491
chr5	491711	795860	0.331294857192462	48	0.169020451781929	0.499361979062758	873	0.179020134416314	1	1	0	-8.44324653632683
chr5	796106	1225561	0.0272130331515788	103	0.112717087540975	0.438947144383128	1616	0.154984639483795	1	1	0	-6.94468225780691
chr5	1253629	3384089	0.294796680482567	168	0.147948819362782	1.4410572740774	4194	0.73783959580904	3	2	1	-6.77725284392123
chr5	3541792	4143885	0.0142266469809471	18	0.058925565098879	0.551226000002321	358	0.216465243188223	1	1	0	-6.8401237582922
chr5	4202431	12409478	0.315235577242795	584	0.122241354514318	1.7684878092168	16923	0.816912783642414	3	2	1	-6.93960486728005
chr5	12420667	13638374	0.152966422151137	64	0.105448257782879	3.95662442819014	2240	2.55559869840345	7	6	1	-6.74021837894863
chr5	13650357	16182832	0.332757989836645	250	0.105442516439491	1.64175552533079	8210	0.657100973613671	3	2	1	-6.76154626321894
chr5	16191860	17696095	0.167979741728027	273	0.0847000007123002	2.54700130342306	8299	1.32872306330704	6	5	1	-6.74685727859523
chr5	17714559	30775251	0.337291888031417	635	0.104825051860485	1.78042312131701	15649	0.905469252355239	3	2	1	-7.00197602979003
chr5	30888410	32589176	0.235553258416724	291	0.118606406762392	1.71873778026662	9456	0.83364708677981	4	3	1	-6.77550000365722
chr5	32593211	34549979	0.248318790271593	225	0.0963294133326674	2.16632097323088	6176	0.995829129542043	4	3	1	-6.74073973653746
chr5	34551604	37284624	0.310032897646924	227	0.116268281664081	1.66545148639613	12308	0.676997938316962	3	2	1	-6.79587426919619
chr5	37292137	37600256	0.498760943374358	50	0.11609105504398	0.676138881131832	1130	0.307651253035194	2	1	1	-7.01839556209628
chr5	37656989	45816754	0.242771527532492	559	0.111271294007436	2.15537955425076	24401	1.08073801716064	4	3	1	-6.75887439773377
chr5	49600535	49666191	0.0188877011201747	12	0.144337567297406	0.024110237437082	23	0.0268733672176125	1	1	0	-22.1180736834667
chr5	50273780	132285738	0.498899737194846	3552	0.100107595327336	1.0818729258706	137583	0.465025460978063	2	1	1	-7.88595696865839
chr5	132319864	140738676	0.498849419118373	533	0.099017086771694	0.889381803429364	30247	0.377396752352181	2	1	1	-7.1854216530101
chr5	140740569	172017190	0.498893446608053	1743	0.090072707513898	1.01623704608576	76659	0.405896681238153	2	1	1	-6.76217575075019
chr5	172051315	181288546	0.498853001746685	1122	0.111883727096889	0.849489515941999	35634	0.34026431075646	2	1	1	-7.7957652627006
chr6	160049	24294236	0.322363692606161	2426	0.113785731117949	1.49349851396984	70153	0.693548768119718	3	2	1	-6.73919449046494
chr6	24301881	24876032	0.347818247288502	154	0.101655452799881	1.26083980818347	3878	0.485635936561441	3	2	1	-6.78897960904794
chr6	24885472	30062337	0.32277481037898	930	0.104387103362452	1.49041920307655	27317	0.53070331180774	3	2	1	-6.73962848368677
chr6	30064718	32485632	0.333284294403571	923	0.108603857289287	1.29028824894907	30400	0.400314147622022	3	2	1	-6.9321162743926
chr6	32521989	32584221	0.0772776815776874	36	0.193131559322523	0.351961927454078	90	0.336891117378878	1	1	0	-6.86788828561241
chr6	32618524	32758049	0.255617149676285	155	0.110142082896598	1.58527224484782	841	0.675198877552639	4	3	1	-6.74449867562031
chr6	32758055	41594792	0.337593268345412	1417	0.104541130413059	1.38441982965488	50962	0.534987270354818	3	2	1	-6.85110334375028
chr6	41601318	44285913	0.322802004578128	559	0.105593408300824	1.21031050246254	23458	0.451374155729511	3	2	1	-7.08288920071142
chr6	44286028	58414703	0.324709861347836	977	0.103521941642645	1.67920694147871	39613	0.649296406611966	3	2	1	-6.98254634256256
chr6	60281479	170737080	0.00162396934627937	3753	0.0321722918851366	0.525581749129473	132556	0.2325569843351	1	1	0	-8.83353746449973
chr7	37991	413634	0.499013583507818	75	0.0852507863692563	1.82817259188562	1186	0.59267522978532	4	2	2	-6.73829441569152
chr7	430570	1874423	0.320928620440206	501	0.111276361186382	2.53752311293069	14926	1.05588843992374	6	4	2	-6.76220367586499
chr7	1898148	3447782	0.498811590020661	374	0.0969939308730134	1.82248906063084	11364	0.879530992004201	4	2	2	-6.74350630583919
chr7	3464299	5231042	0.00138740775742996	232	0.0364970084781603	0.820076712033287	6040	0.356357150934203	2	2	0	-7.04585508925984
chr7	5235906	5367749	0.479113146785961	58	0.0748226699732359	1.38224157256306	1340	0.511283074593702	2	1	1	-6.81094874474434
chr7	5377790	5715275	0.00186301345566497	62	0.0162095609994478	0.808948125501154	1897	0.469288472952447	2	2	0	-6.78203154411218
chr7	5771669	5844304	0.498634350619004	32	0.103662292892555	1.78885673326195	655	0.977796591461934	4	2	2	-6.73370219455966
chr7	5844356	6295555	0.245565037855137	260	0.115310197722672	2.81514985026421	6893	1.67159471199382	4	3	1	-6.74521282211745
chr7	6296610	6339547	0.00429580534967822	9	0.143	0.661403873512277	248	0.309921662343673	1	1	0	-6.75447498229622
chr7	6341188	6624672	0.499124565867639	112	0.0844121622007938	1.40875899605143	3395	0.598820555349798	2	1	1	-6.78826311556299
chr7	6629829	6814881	0.260965242432239	73	0.115239724331183	2.16487034983454	2064	1.14727605618209	4	3	1	-6.73898507535867
chr7	6816709	8078014	0.00446300397723615	132	0.0870834986611705	1.07755426182372	3199	0.42644781872943	2	2	0	-6.75767359003878
chr7	8086564	9188464	0.498824665856053	75	0.0880767417223891	2.33067557032513	1929	1.33568497886884	4	2	2	-6.74178936181986
chr7	9203449	9932900	0.278278789402975	79	0.110078015177924	4.11702632716435	1385	2.19665352653396	7	5	2	-6.73815354088881
chr7	9980229	11736422	0.499340294922665	116	0.0656808300745382	2.37809840159712	3888	1.0372654198864	4	2	2	-6.76227865677569
chr7	11769292	19655571	0.00157797930786557	440	0.0437316786475523	1.24688810655727	11169	0.623799333143302	3	3	0	-7.12318628513167
chr7	19729671	20284691	0.498164053310899	21	0.193809258219076	1.45601735883337	684	1.15923978322418	4	2	2	-6.75796666459853
chr7	20301113	25595781	0.49888715330851	662	0.0985294433128829	2.02507233770465	21243	0.936608616233881	4	2	2	-6.73365960857751
chr7	25689798	34085808	0.00125846913493377	604	0.0408571657570123	1.06827434155325	20013	0.446875490007462	2	2	0	-6.84135288549727
chr7	34116625	34440733	0.49870963553767	9	0.167478190951671	2.38490986405357	378	2.05769200527341	4	2	2	-6.73448634852472
chr7	34456679	43733636	0.0023265709139994	469	0.0530923068759024	1.0733883780515	18171	0.518498573857632	2	2	0	-6.83599481189526
chr7	43739295	45506163	0.00031046436333354	204	0.0874618841793259	0.861150901535599	8882	0.3134261750869	2	2	0	-6.96527101393304
chr7	45506489	51348465	0.00168499009143808	369	0.0497507094009329	1.08671314422753	11554	0.491109202850457	2	2	0	-6.83234429584794
chr7	51359693	55663523	0.498836188543892	384	0.094902909481345	2.19645898435369	9385	1.16758502444673	4	2	2	-6.74967038217794
chr7	55664346	56236892	0.498812898974956	152	0.0872801183383866	1.3495370632719	4698	0.594371046391818	2	1	1	-6.81921505602606
chr7	56239941	58091518	0.498723848832236	269	0.137676350570893	1.75731715265053	6444	0.832749648796434	4	2	2	-6.7598093628335
chr7	60958177	76482518	0.331443762856752	2094	0.123855580391711	1.13537449158499	58802	0.522118589058523	2	1	1	-8.18332775321885
chr7	76482677	77965746	0.322076190020683	200	0.115215714223452	1.37070579887766	5831	0.617572734469629	3	2	1	-6.75768950278661
chr7	77978887	97760213	0.331751194296965	1192	0.103573174663498	1.71933633659107	45568	0.72887797626287	3	2	1	-7.12231043198352
chr7	97803453	100952148	0.337178113472144	555	0.101499174516613	1.14313718207777	29411	0.424330458334137	3	2	1	-7.42328773581066
chr7	100952233	100960738	0.204277107099581	92	0.128478967457067	0.769178501835682	609	0.220019660515394	5	4	1	-6.87671688149825
chr7	100960849	102761678	0.323574876196534	541	0.119113344196443	1.02779811203872	14272	0.380838270705653	3	2	1	-7.64864784516854
chr7	102761800	108116065	0.327950301156328	596	0.101203206565957	1.46462537704598	22788	0.595591853160692	3	2	1	-6.73992225365392
chr7	108123256	128048098	0.333334445243675	1004	0.104257054374709	1.74292962814387	39202	0.780478902309866	3	2	1	-7.14501207528039
chr7	128074439	138021675	0.338457084040505	995	0.103189130156767	1.4454005618945	39027	0.626114436727482	3	2	1	-6.75547542894431
chr7	138036858	141081188	0.339815889910887	604	0.111128494432476	1.22984906311673	16371	0.529976600708239	3	2	1	-6.98136010860778
chr7	141105849	152306956	0.339383985269038	1222	0.1033554522685	1.49830632033023	49338	0.568580104690829	3	2	1	-6.73511658788268
chr7	152323834	152410518	0.117058977025901	100	0.158337161038262	0.961739949211563	580	0.55623139595923	6	5	1	-7.00142092356083
chr7	152410761	152774203	0.4513902738451	75	0.133629881483242	1.09806282477222	1967	0.470531875286053	2	1	1	-6.81998107216515
chr7	152778377	159261057	0.343318948322713	726	0.105543716019764	1.455297752964	17926	0.621680619510203	3	2	1	-6.74765221364779
chr8	213654	43500515	0.4988963055826	3758	0.0999958692838804	0.965161211600756	101603	0.411345942911803	2	1	1	-6.92114316359184
chr8	46033949	145003393	0.498910280840859	4724	0.100153031079736	1.02617845806399	184175	0.446420674854224	2	1	1	-6.9243673000693
chr9	69434	214864	0.00869273084793853	9	0.19723082923316	0.574003561383436	103	0.267828229643453	1	1	0	-6.75724903348968
chr9	214908	33677434	0.00152813247641337	1432	0.0111178734267801	0.524177344180808	35521	0.23826662130628	1	1	0	-7.44196856599802
chr9	33737204	39036749	0.498846377556821	554	0.105352760867743	0.893676251752444	24359	0.340011607341251	2	1	1	-7.06249149833895
chr9	39040778	42975633	0.440469494563574	441	0.138365280490398	0.966590666421955	4142	0.41034545155802	2	1	1	-6.85832538287978
chr9	43034215	64499877	0.30358376633347	140	0.149197252295401	0.994654776306103	1923	0.429816642022758	2	1	1	-7.62791441401114
chr9	64499878	96727038	0.498871774403617	1854	0.10252467059466	0.989699311863295	66996	0.414783183728097	2	1	1	-6.74535201128255
chr9	96734675	98430157	0.24202380442599	245	0.112237055561063	1.90614862808728	11036	0.772462688238476	4	3	1	-6.74000982915849
chr9	98441699	127387481	0.498896633210876	1977	0.0956759348927418	0.98624000708674	73617	0.405376460011408	2	1	1	-6.75361202272723
chr9	127393052	129510288	0.498864614153003	297	0.0806085717076158	0.757621905445977	16642	0.27147662473533	2	1	1	-7.83327928679508
chr9	129529256	129563302	0.283209361499386	10	0.175442171542522	0.743349336654557	110	0.33712867256913	3	2	1	-6.86893660628761
chr9	129563467	137098027	0.498892575846657	1235	0.102355164907942	0.874901193888772	41905	0.292723562082284	2	1	1	-7.55360048803951
chr9	137102167	137103590	0.177597939966403	12	0.0811327008764971	0.660437782221491	186	0.115472510822249	6	5	1	-6.88711774866887
chr9	137108423	138176464	0.480223810129914	165	0.118270504645206	0.849811816481689	7799	0.275245743653976	2	1	1	-6.9660569578632
chr10	47588	38383216	0.498892833552163	3192	0.105073362550502	0.952412128473793	90496	0.425234516580223	2	1	1	-7.02229348779839
chr10	38392938	39114427	0.319023167771581	85	0.142511061047936	0.771663939451138	567	0.406697065586328	3	2	1	-7.71732026557172
chr10	41860304	42075326	0.303129408021495	14	0.151807932439805	0.260576514380335	102	0.0980155614252081	1	1	0	-11.6880993383926
chr10	42079597	42279904	0.0904087101255724	24	0.148137030178632	0.732803525624434	235	0.360991501401874	2	2	0	-7.03646727705958
chr10	42279945	50407044	0.498865114974292	604	0.102122889624958	0.99241167087773	20474	0.402564824056233	2	1	1	-6.73489365627168
chr10	50444719	67663704	0.498836746228226	708	0.104870430676906	1.13680782130841	22534	0.496335662007045	2	1	1	-7.35291358130318
chr10	67691238	75422261	0.498858506179068	934	0.0972817447568724	0.850746787293802	34058	0.336450314339786	2	1	1	-7.64962620840512
chr10	75427450	92052648	0.323916978930778	872	0.106912614525076	1.55147919701493	42526	0.667443007472929	3	2	1	-6.76292457428923
chr10	92063579	103936043	0.342862581138959	1490	0.106095182070106	1.34755701539059	68031	0.558019023666831	3	2	1	-6.99018231690985
chr10	103963425	133622304	0.331381340711938	2569	0.102798002008087	1.50575461455594	91358	0.639696870981848	3	2	1	-6.73385187306254
chr10	133622477	133787106	0.122118282931888	9	0.112278794871417	1.42345634900997	179	0.799896242369142	7	6	1	-6.87588126356639
chr11	198665	997658	0.498880568332528	318	0.0839128928052992	0.829345348376702	8442	0.24806489219832	2	1	1	-6.99446822317503
chr11	1016665	1099604	0.35761832928383	71	0.141088571864145	0.772891133440457	1415	0.173257172791175	2	1	1	-7.39731882187162
chr11	1099802	45527968	0.498915167062049	3448	0.0953900571875142	1.02460528641014	108145	0.400118411519113	2	1	1	-6.82915511181092
chr11	45572190	48166074	0.498838898673444	231	0.0979211971472135	0.797228901850958	15385	0.332285312505869	2	1	1	-7.38205093126346
chr11	48175089	50553118	0.498840901391571	193	0.0843983967752844	1.02746002492148	4710	0.358970925933479	2	1	1	-6.74119999131199
chr11	54591430	56700571	0.498869101074698	127	0.095866833778803	1.06473133807225	4826	0.298667464168047	2	1	1	-6.78824404345319
chr11	56700635	56705771	0.093949539156811	21	0.0987420400649616	0.759957389757878	69	0.0951250287765751	2	2	0	-7.25782721746392
chr11	56740404	61125763	0.499025871151868	410	0.0751685296768389	0.97878598700327	16902	0.340774016660419	2	1	1	-6.74362357439025
chr11	61132295	124250452	0.4989137643153	4134	0.0979699779511987	0.932767178132832	196683	0.387748516475879	2	1	1	-7.75929565568907
chr11	124261053	124274783	-0.00319841251747544	9	0	0.579072387026965	77	0.129259214891291	1	1	0	-Inf
chr11	124309760	135064783	0.49885913696235	532	0.105698319225047	1.01359503571858	23924	0.381860232550103	2	1	1	-6.74104367332335
chr12	22477	5963983	0.327389594354621	855	0.110708378748439	1.44420105967964	26169	0.563362441825571	3	2	1	-6.75093905043814
chr12	5976347	31148954	0.332002787441781	2741	0.104020000341428	1.50288647464237	94638	0.649592034335793	3	2	1	-6.73324723534732
chr12	31149101	34523014	0.352506712567584	485	0.111274349494457	1.29685390162959	11455	0.610930462221323	3	2	1	-6.86365364714854
chr12	37418138	48564304	0.323737483316584	842	0.102001587533959	1.61903153741843	33192	0.671749634017895	3	2	1	-6.82332446793843
chr12	48564603	51452306	0.337226439075732	570	0.108980364332617	1.20224145809451	25768	0.424606375621762	3	2	1	-7.1712515281545
chr12	51454016	55685300	0.312082121542788	576	0.0996557232492369	1.42785513375871	31482	0.503766803975883	3	2	1	-6.78449320296264
chr12	55686364	57905021	0.329996768059659	258	0.0936886676684632	1.25433570190177	28718	0.386806803569368	3	2	1	-7.00599269528485
chr12	57912314	92781055	0.33295404509942	2015	0.104332443032914	1.65561125019007	78523	0.75260969087895	3	2	1	-7.07226664725819
chr12	92808950	108693967	0.34624968512082	1590	0.103452988727365	1.46182025895882	59311	0.656904852916345	3	2	1	-6.75712393372951
chr12	108706008	119913497	0.339953991524122	1042	0.109240099970276	1.2383565481252	57143	0.537538837586406	3	2	1	-7.4882204176061
chr12	119932124	123879894	0.326616730467857	497	0.114517530989538	1.10262155241885	34117	0.425839440277406	3	2	1	-7.77158742717552
chr12	123882564	133224747	0.336647762283132	748	0.109946164365542	1.33675434371751	32880	0.589812193727011	3	2	1	-6.94053775246415
chr13	18177561	18692949	0.498465349772778	73	0.15433320389158	0.882366537303414	928	0.38582913181263	2	1	1	-6.76549783283992
chr13	18693149	94266448	0.498890157167734	3754	0.102295708988411	1.07449816567346	125792	0.476611754208796	2	1	1	-7.61694816081542
chr13	94271239	114325598	0.498887068479278	1367	0.104687228614973	1.03803288717518	42929	0.424884859749928	2	1	1	-6.82409391960636
chr14	16057734	16402218	0.228755910118543	3	0.0719884249955042	0.616816491037312	23	0.17325834625049	1	1	0	-10.3372246323164
chr14	18289828	19936577	0.319274054998717	166	0.109536125199049	1.0264375624939	2820	0.315385901404193	3	2	1	-7.9124988259427
chr14	19975490	21768531	0.498870308045417	348	0.0997818420564268	0.881443797845269	10941	0.316404105574688	2	1	1	-6.89978456726071
chr14	21768947	22563269	0.499239826962701	135	0.0731900205251892	1.35362199414686	3749	0.422846061377101	2	1	1	-6.96787777282411
chr14	22564876	24429149	0.498850369092745	409	0.0934980235050346	0.919470156586795	17226	0.271052583480332	2	1	1	-6.83880217034085
chr14	24429352	34370353	0.498843094423415	445	0.092642326437967	1.06903551812341	15116	0.511139535318897	2	1	1	-6.83289255854046
chr14	34374273	35404361	0.498768135240492	146	0.132175375546291	0.740391205104699	4481	0.321443210043876	2	1	1	-7.23027067954814
chr14	35410243	78230223	0.498902120703675	2475	0.0947390803681962	0.96115172951151	108385	0.426018742729831	2	1	1	-6.94851819444213
chr14	78243701	88420988	0.498841628251128	336	0.10054990128913	1.15411543999992	11337	0.549449636397519	2	1	1	-7.12180023321861
chr14	88426135	105291681	0.498876627147679	1490	0.101172312369306	0.915106680953596	59199	0.360678067851072	2	1	1	-7.2913347596274
chr14	105296300	105890320	0.498642365247009	153	0.134618627056593	0.903162597592937	3584	0.28725303440777	2	1	1	-6.77765233325391
chr14	105891116	106638951	0.498820867123438	232	0.127689014700932	1.13062116384057	3999	0.258444944736778	2	1	1	-6.83250381290841
chr14	106639148	106643616	0.0676467383144962	23	0.0936564658570776	0.880549701562228	72	0.155416045197564	2	2	0	-7.03256980293053
chr14	106644803	106878743	0.498975192673781	59	0.0944538950054819	1.20704300202516	1178	0.264784922155405	2	1	1	-6.8030950167092
chr15	19841981	20399094	0.363968511459671	206	0.131843632941607	0.735488906004715	2369	0.292680759580827	2	1	1	-7.659686213835
chr15	20418570	40523082	0.498858881274345	1340	0.10249454486055	0.996916103883463	47582	0.400079531908734	2	1	1	-6.73386853972222
chr15	40525281	88847343	0.498896576759866	2816	0.102270589701947	0.934772164021128	165299	0.382433867123772	2	1	1	-7.52367121358095
chr15	88847821	101980762	0.498882427207254	1348	0.104218758820312	0.950274245980428	34636	0.406713768546446	2	1	1	-6.8549819667994
chr16	11641	5170193	0.498896788330327	1367	0.101333850188273	0.831873676501508	44416	0.273602269560577	2	1	1	-7.88373745173655
chr16	5172382	32903643	0.498882123340747	2897	0.105741091477551	0.810877034107337	97183	0.348244158404371	2	1	1	-10.0406654247801
chr16	32918643	33958558	0.278453913696113	30	0.114005726817237	0.929661486185078	1124	0.331352403662758	3	2	1	-7.9497445642105
chr16	34064776	34573145	0.0979151805001566	13	0.129127843627933	0.606961672518513	253	0.260255938798049	1	1	0	-7.22406356844119
chr16	34573980	35599023	0.364293817743557	44	0.11586567959601	0.878277115716257	1172	0.508148610579086	3	2	1	-7.39062450442666
chr16	46386441	46437595	0.484545682129064	51	0.129994011928453	0.342665500511454	513	0.117216301756271	2	1	1	-8.59395844210757
chr16	46455290	58998615	0.498867652692188	1044	0.104486616486161	0.926366351157155	40202	0.378925969477827	2	1	1	-7.0257531085378
chr16	58999269	66438149	0.498781891225134	193	0.0987830419567971	1.1893134732725	7056	0.528720247656414	2	1	1	-7.17786811272171
chr16	66443907	69444352	0.000685533103814251	209	0.104711580936333	0.794490086872629	22039	0.273617280134899	2	2	0	-7.79467759493182
chr16	69446649	70680681	0.294247005378972	79	0.139888398509848	0.691301447047777	7316	0.300943847408331	2	1	1	-8.75960879086347
chr16	70692892	90075679	0.00156897914817572	1936	0.0545824788382136	0.438741849242203	42512	0.198647984013008	1	1	0	-9.69158188126002
chr16	90083937	90106232	0.498753875378963	9	0.176777245267722	0.56739805015616	77	0.248719120609851	2	1	1	-6.80173558688502
chr17	132172	21263659	0.498881290585667	2812	0.106469987734844	0.833511399259021	107016	0.323258450392789	2	1	1	-9.28700345826162
chr17	21266324	21305037	0.498523212231322	118	0.142055535769107	0.790218031610501	448	0.261801011170896	2	1	1	-6.75183794365154
chr17	21306610	21416556	0.102906440031456	77	0.130305041976343	0.865325896581171	365	0.389788192753443	2	2	0	-7.09475833148794
chr17	21416596	25074523	0.074648194956753	242	0.158065110412322	0.879213159250308	2178	0.391392093330975	2	2	0	-7.09276820025121
chr17	25920162	26952458	0.228249085583332	13	0.111069163021781	0.465663765219355	153	0.199883712322971	1	1	0	-8.64751341194818
chr17	26952542	41591022	0.498877028008143	1765	0.0998676518544259	0.856306131574655	70945	0.332526788395252	2	1	1	-8.21344898732519
chr17	41622908	43359210	0.498862950267314	352	0.0906060072846914	0.739629794856706	14665	0.261060937377219	2	1	1	-7.87622492540886
chr17	43365037	43405469	0.0732002457021302	10	0.173693248125667	0.777627665431839	263	0.260522219690874	2	2	0	-6.8602865424189
chr17	43438614	45578558	0.47790817621857	379	0.0967460672300411	0.788480439948806	15024	0.288776427500017	2	1	1	-7.52828293335839
chr17	45581412	45590873	0.235985139422808	31	0.127479933061378	0.560576959553571	103	0.281148614613256	4	3	1	-6.85428052763244
chr17	45591449	46149614	0.498841194197876	250	0.108677267770774	0.879640092160407	2352	0.368391865553924	2	1	1	-6.77347036418917
chr17	46149820	46532132	0.3676534560103	258	0.135095823190837	0.73726124088182	1511	0.318710364999306	2	1	1	-7.46271336378374
chr17	46548981	51283030	0.498859283744707	657	0.104059572055268	0.855562840422954	25960	0.309535617225105	2	1	1	-7.38030020164166
chr17	51283148	83135542	0.498902904072776	3626	0.104129604877848	0.865163856501645	128173	0.353662864249585	2	1	1	-8.91553793513579
chr18	47492	93641	0.387462385636187	18	0.122982542998399	1.01330183291484	200	0.407240264635882	5	3	2	-6.87245092633488
chr18	108128	112320	0.192533371326518	9	0.12796494745741	0.198560446905298	76	0.0993474171694746	4	3	1	-7.97304018989026
chr18	117394	15350708	0.498877393207887	1468	0.102592017417001	0.986376752341043	36887	0.423977389873033	2	1	1	-6.74278783822039
chr18	20941007	22161641	0.498681475790198	87	0.124365249634937	0.80116376784605	4578	0.345715289537894	2	1	1	-7.02031650429131
chr18	22171187	63727288	0.498889963473693	2042	0.0957681709313669	1.03577975351413	75740	0.451919603389691	2	1	1	-6.87952972143662
chr18	63782818	80250865	0.498865268517903	864	0.0938977813605732	1.12758538113144	22172	0.481037995204411	2	1	1	-7.29231182160675
chr19	107329	876882	0.466039260714233	207	0.112260437572653	0.730619177807319	4775	0.26330295848537	2	1	1	-7.38111385542846
chr19	877808	879855	0.112073746543722	20	0.148308808341174	0.23687591459783	68	0.144833609233067	1	1	0	-7.08997606296991
chr19	880126	21553986	0.498906331600023	4409	0.109752733563037	0.727704647125437	159310	0.266204669687433	2	1	1	-12.5270838131102
chr19	21566498	21637850	0.22211373929157	26	0.107593801651611	0.760903649515947	179	0.260760850837474	4	3	1	-7.31011832478002
chr19	21637961	24394239	0.498826888569472	168	0.109656458480623	0.807970290172673	9257	0.293161732277752	2	1	1	-7.50143062494986
chr19	27646333	32541404	0.00544862440862016	117	0.0937949397152126	0.961275725894861	7344	0.441637686272022	2	2	0	-6.75856394573039
chr19	32543792	44614267	0.498902202142916	1940	0.0981037693873679	0.789663626037376	79616	0.292928522691546	2	1	1	-9.56505633300559
chr19	44615398	54554402	0.49888428854342	2673	0.112211201579577	0.737335430731397	80378	0.267332261949724	2	1	1	-10.5626900783799
chr19	54573977	54632735	0.138387788681942	49	0.163580972896843	0.811655376357016	561	0.161379694725268	2	2	0	-7.1927966152552
chr19	54636791	56182807	0.498847551573595	505	0.112892806230379	0.764276713312193	13768	0.262342902366095	2	1	1	-7.57711624637611
chr19	56190954	58599150	0.498860908907842	562	0.0999508238109741	0.834696548952365	16405	0.293763395775799	2	1	1	-7.23576686090303
chr20	87623	25773465	0.498895504004983	1890	0.100172724668897	0.98038779682899	59573	0.418977119069844	2	1	1	-6.76768219458086
chr20	25773589	26168423	0.0521505666150702	43	0.185984159055851	0.93838452391183	506	0.427413930031555	2	2	0	-6.78509425699308
chr20	28559257	30838440	0.498642117553415	637	0.162276838234307	0.805831523449976	3069	0.347053646403764	2	1	1	-7.22079308207801
chr20	30838469	31248651	0.124695490974342	55	0.17773969352173	0.634334004264748	289	0.340122271723306	1	1	0	-7.13272110198341
chr20	31259408	63490858	0.498901499863352	3231	0.101409727255227	0.88484768203609	112801	0.368522975173158	2	1	1	-8.34528403688091
chr20	63493106	64327831	0.498816837123557	224	0.106067758789731	0.82897489067016	6306	0.256488173756524	2	1	1	-6.98990246500152
chr21	5034010	10372303	0.393702810590054	296	0.160662346094498	0.780858647252347	2308	0.356428782208201	2	1	1	-8.23030395122241
chr21	10372482	10434265	0.498590610772571	329	0.156413151043665	0.510173004134572	984	0.248079995616991	2	1	1	-6.99426788537398
chr21	10437438	10739746	0.396717410367508	191	0.153245149821409	0.668149543869883	1573	0.244388288428173	2	1	1	-7.45125181150778
chr21	13000242	13079168	0.464513865867589	25	0.151137828928873	0.639659457949052	177	0.320456743008635	2	1	1	-6.85664496170134
chr21	13113010	23558123	0.00176382059406399	359	0.0569069966267351	0.576469793371681	7644	0.277706471597427	1	1	0	-8.04425804811353
chr21	23643703	42568255	0.498889908714405	1521	0.102776619411707	0.975144154514787	46491	0.423996175463297	2	1	1	-6.77315298888018
chr21	42579873	46661749	0.494364478980366	647	0.114220710568168	0.901500772617977	17696	0.300438868504677	2	1	1	-7.01340494686068
chr22	10679289	11582657	0.4986400711932	572	0.159384794194676	0.666900212445558	2271	0.298613065927517	2	1	1	-7.59467252395628
chr22	11584442	12797360	0.230935960756162	178	0.148317446726578	0.842796450285032	1006	0.327991407070179	2	2	0	-8.11085552420287
chr22	15342394	16254890	0.498693134826735	88	0.0997355856394407	0.920880276754885	854	0.382813783216256	2	1	1	-6.75846700493403
chr22	16397441	16433986	0.140000212559126	18	0.105768337305975	0.80743461313951	84	0.352907415017448	6	5	1	-7.05989002083081
chr22	16433996	50744589	0.498910341967424	4737	0.103536478747632	0.844561855835526	149391	0.326491181542626	2	1	1	-9.86381172834399
chr22	50744827	50808263	0.497969873546029	9	0.159148602814407	1.09489219013464	302	0.452550829515047	2	1	1	-6.73465108951371
chrX	284193	3272256	0.0014089290881803	494	0.0592678307713767	0.360107818949666	6827	0.173825286291807	1	1	0	-10.1581547474859
chrX	3272523	57977737	-0.000245795563426521	1593	0.0241364045656329	0.493953099026862	79121	0.221332555099199	1	1	0	-6.83221115010347
chrX	63479271	155996516	0.00311765288812921	2250	0.0414831291306506	0.509958404140984	107986	0.220652789893594	1	1	0	-7.14620390778169
chrY	11185998	56837187	0.0912559268909567	106	0.141535427292237	0.34062295145936	267	0.268316822500775	1	1	0	-15.9134692270851
chrY	56854825	56886905	0.393562570434965	114	0.147724443139112	0.770787619006647	373	0.299479948072922	3	2	1	-6.92483171220447
