chromosome	start.pos	end.pos	Bf	N.BAF	sd.BAF	depth.ratio	N.ratio	sd.ratio	CNt	A	B	LPP
chr1	13273	591391	0.0962504325353153	13	0.148995310543999	1.00954399367205	205	0.506562756152298	2	2	0	-6.98839755406714
chr1	770072	2632744	0.498889920974609	697	0.0977351613741372	1.02958258440588	22062	0.46028060402822	2	1	1	-6.81405233276618
chr1	2652261	2759586	0.179917915788621	33	0.127760147554041	1.54962090622392	348	0.650864926359609	5	4	1	-6.77000108241697
chr1	2780109	16509896	0.498911077547055	2766	0.0923318091320256	0.991878723856777	86082	0.480560693544719	2	1	1	-6.99395173178261
chr1	16510071	16948559	0.352713941144086	274	0.108905993655686	0.916743683302391	3488	0.351113330175026	3	2	1	-7.07051512655016
chr1	16954508	120001143	0.498936219792793	10388	0.0872391512521798	0.922824404595643	393745	0.528667836649709	2	1	1	-6.78408246270295
chr1	120005072	124514236	0.498562491676969	73	0.137486365727788	0.874759020391402	2177	0.464716128882214	2	1	1	-6.75136613531441
chr1	125094469	143750887	0.263926698999584	31	0.132977910688891	1.2050204771456	1451	1.23562923651416	3	2	1	-7.00181838245513
chr1	143753969	153122039	0.498870751438987	771	0.0906384695794374	0.871159026355963	42001	0.406382187777493	2	1	1	-6.79361442528585
chr1	153124764	248945663	0.498936096075809	10313	0.0878345140452443	0.929512464987043	354493	0.439920157990088	2	1	1	-6.87940658199408
chr2	73819	33155369	0.498911375164165	2894	0.0909715159782659	0.926032496807816	102231	0.643540040733376	2	1	1	-6.74985242200363
chr2	33160006	33745548	0.369156238178834	147	0.0946275130640305	1.21330252684698	3240	0.547277246506116	3	2	1	-6.83370280369097
chr2	33770852	89213519	0.498913192263724	4026	0.0915385965721361	0.874614214415775	150398	0.443441957953253	2	1	1	-6.97289339890251
chr2	89244608	92075324	0.498672025122809	292	0.133410586879107	0.859753248529624	4523	0.427522431778222	2	1	1	-6.76162830920133
chr2	94190317	97637459	0.498749649449616	292	0.113941816971456	0.893929323468157	16171	0.414984071941881	2	1	1	-6.7363974734272
chr2	97643373	242183396	0.498937412988278	11146	0.0891877284584123	0.882059071539546	394528	0.649042440903026	2	1	1	-6.91216994249759
chr3	10374	75638954	0.498933622913929	6669	0.0868055090971533	0.935912748648952	261841	0.429898796601807	2	1	1	-6.93718180006717
chr3	75646687	90303819	0.496425707899336	564	0.110573195342094	0.788170738895474	13042	0.37385367843067	2	1	1	-7.79782701697166
chr3	91373993	198139510	0.498928146000374	8461	0.0882254345349879	0.887635008457548	274065	0.419057850065546	2	1	1	-6.93027582433137
chr4	13970	9013735	0.498897919718201	1843	0.0903853868839268	0.965013976886188	48940	0.621718991529487	2	1	1	-6.78290559836024
chr4	9017250	9142685	0.311627919446784	86	0.128819385431415	1.07688424362119	874	0.408276823958626	3	2	1	-6.7750228970639
chr4	9142778	48992121	0.49889707474075	2696	0.0900106392519074	0.883180488367951	78008	0.437200630610275	2	1	1	-6.83419023427452
chr4	49016897	49711644	0.468866687821662	271	0.140823837099871	1.11549857453266	3083	0.504828743119033	2	1	1	-6.83008420260918
chr4	51819050	54636336	0.498779357694809	138	0.0981539140273434	0.904351619977331	6504	0.459595162464422	2	1	1	-6.73332080413276
chr4	54648963	54830850	0.224122966500465	29	0.110916124614536	1.77147022059944	958	0.789755220674911	4	3	1	-6.76562760891064
chr4	54867256	180183319	0.498921537744798	6011	0.0918624466316131	0.837621030402501	232069	0.524050117031772	2	1	1	-8.15832239107875
chr4	180242141	180515098	0.0568884837572736	9	0.148822041378285	0.483888154055708	141	0.227440363494042	1	1	0	-6.83190818006418
chr4	180515195	190179679	0.498871145341169	1171	0.0948206701757622	0.906043496655782	26847	0.47866202926749	2	1	1	-6.73335934866986
chr5	28700	488195	0.379035251987617	31	0.141389951126556	1.52832658749948	3974	0.826331455862067	3	2	1	-6.80033884009062
chr5	491711	796859	0.329721253837849	61	0.156197218407536	0.505509977079949	1207	0.199740742496815	2	1	1	-8.6415385889537
chr5	801038	1233934	0.0121667449843722	105	0.105602117999628	0.508945721386693	2049	0.239663425865804	1	1	0	-6.79847007955996
chr5	1253629	1387106	0.246424010976856	38	0.0985005830686543	1.91766626058392	1877	1.15449205672366	4	3	1	-6.73399253033295
chr5	1393845	1466698	0.00108190323440083	16	0	0.49491229764397	351	0.196841319480807	1	1	0	-Inf
chr5	1489591	1982612	0.315615973469233	80	0.115633530133518	1.40017192563485	1874	0.729204323959107	3	2	1	-6.74747880387279
chr5	2048933	2636537	0.00245040535008989	19	0	0.547178244801294	299	0.286169864353228	1	1	0	-Inf
chr5	2723565	3384089	0.280661355087982	81	0.129060929241929	1.43648525333772	1217	1.0337468646347	4	3	1	-6.78718305049435
chr5	3524580	4143885	0.00641421800184361	27	0.0113545552940626	0.460097501355066	461	0.250678653752068	1	1	0	-6.91954431300161
chr5	4202431	9303305	0.321240923418028	437	0.107805222850938	1.364955242675	11061	0.963478782251384	3	2	1	-6.74057425223917
chr5	9324236	10793268	0.231922569825247	188	0.104516883323993	1.99580254854905	6312	1.19809894016066	4	3	1	-6.75628423077488
chr5	10803476	12409478	0.366508579080834	106	0.0992633550550427	1.38872002373873	2747	0.785595447413734	3	2	1	-6.79984462741619
chr5	12420667	13638374	0.151556075173923	77	0.0894765746788954	2.72464343761713	2156	1.89396620928534	7	6	1	-6.74357644169774
chr5	13650357	16185545	0.326718061146529	309	0.102043849350905	1.39974708452281	9698	0.753173548028419	3	2	1	-6.73741650449105
chr5	16197538	17381385	0.166689875964294	388	0.0897876451370972	2.75704441394506	11053	1.82196202790572	6	5	1	-6.73305615704333
chr5	17408125	30990327	0.345877695359855	721	0.113608267133482	1.32171075460677	17119	0.753408865152792	3	2	1	-6.75408278232596
chr5	30992086	34522227	0.235087738241619	719	0.101649106112711	1.86594040898088	20830	1.06786582505292	4	3	1	-6.74718764744215
chr5	34531491	37284624	0.320870883055084	316	0.117495774145	1.36977707310515	13517	0.728193417634041	3	2	1	-6.73984234602869
chr5	37287068	37600376	0.499175282193779	87	0.0758684566944494	0.847505172340913	1747	0.430618952168081	2	1	1	-6.73804967270476
chr5	37656989	45107319	0.230678950804831	679	0.108050073433675	1.81772533362863	27061	1.09104781823953	4	3	1	-6.75215367186572
chr5	45236336	45816754	0.499102134781393	10	0.0955131753564222	0.767519962889449	526	0.330817846688855	2	1	1	-6.82265031889675
chr5	49599598	50490009	0.478584643915335	97	0.129611997802004	1.15397466471131	1207	0.450576544003913	2	1	1	-6.89576122010148
chr5	50561740	140666396	0.498917353667648	4897	0.0899075152214512	0.858632300859539	194252	0.537886402361492	2	1	1	-7.28343895434471
chr5	140669586	141432435	0.499120793017148	173	0.0806071191788927	0.725854503467833	9143	0.246266469632607	2	1	1	-7.09226685091684
chr5	141440390	181288546	0.498915482690564	3756	0.0899758612222323	0.95727354942093	139796	0.455121074351708	2	1	1	-7.0288780216939
chr6	160049	45741849	0.328316429785539	9142	0.104536572437841	1.38393133317222	283509	0.729373968512027	3	2	1	-6.74599052208635
chr6	45825354	58414703	0.328142322132089	1094	0.104143547630617	1.27621189602358	38011	0.650999335881016	3	2	1	-6.8111938706285
chr6	60281479	60964235	-0.00055792922142972	21	0	0.455975937343719	433	0.243050052784221	1	1	0	-Inf
chr6	61181989	170737080	0.0010598706111557	4414	0.0358795353880332	0.426057919159306	147054	0.202447575855795	1	1	0	-10.2438331813984
chr7	37991	413634	0.498784064758675	116	0.111962218876602	2.00496199653086	1958	1.28444446279175	4	2	2	-6.73441323928349
chr7	414570	488422	0.232384902695842	60	0.135509437409793	6.5878055549342	738	5.48591770913623	13	10	3	-6.73313250231529
chr7	493127	718647	0.264032933266977	167	0.11036691205881	3.68975172449864	3463	2.53225109299074	11	8	3	-6.73869565506508
chr7	719171	1849138	0.31616339993546	631	0.131210866163558	3.01760421706933	20096	1.88655961537334	6	4	2	-6.74524476951085
chr7	1864075	2451339	0.498848434966369	207	0.0916596950416935	1.97321866002422	6119	1.08045923690337	4	2	2	-6.73515713418738
chr7	2452506	2538800	0.322735788973818	56	0.123396193031007	3.18826761803698	1822	1.93059433461366	6	4	2	-6.73779180830968
chr7	2539056	3130635	0.498846436120732	235	0.1289689849954	2.06716759636841	7916	1.30950398136779	4	2	2	-6.73649851545835
chr7	3145831	3289130	0.294674299047936	76	0.113228856126206	3.30804105727796	1554	2.10615964265543	10	7	3	-6.73631032326055
chr7	3289243	3447782	0.498131537778492	53	0.0637144619064088	1.83537443505286	457	0.718537603030481	4	2	2	-6.73356286684036
chr7	3464299	5231042	0.00274774058273675	386	0.026565945715742	0.984610257865183	10056	0.513878202814582	2	2	0	-6.76505517057828
chr7	5235906	5367749	0.49885274146959	102	0.111807220658334	2.09707345984699	2526	1.08901640754192	4	2	2	-6.7344557157069
chr7	5377790	5748531	0.00209826461280427	138	0.00609422557154153	1.05756188738054	3760	0.681983568795142	2	2	0	-6.81428769874586
chr7	5771669	5840988	0.0068363352325686	54	0.13463438598511	2.56527774563099	1180	1.40848925785338	6	6	0	-6.73465428460006
chr7	5841223	5898332	0.279085482923195	110	0.0898529746170911	3.64322395952224	1472	2.33657239453755	7	5	2	-6.73640901083344
chr7	5902231	5947794	0.061340210031107	27	0.137326113825672	2.7370157893205	712	2.97435469076849	16	15	1	-6.73602078323595
chr7	5950555	6120458	0.294580753996452	129	0.124264373690927	3.03555982617305	4205	1.67818912528235	7	5	2	-6.73616211003222
chr7	6120764	6276030	0.226702928373219	96	0.0968770517609549	3.98531075477894	3402	2.56674139288497	9	7	2	-6.73432245603624
chr7	6276071	6295555	0.4990271357111	26	0.0911733513697945	2.94487845275258	409	2.00313528523956	6	3	3	-6.73311531886269
chr7	6296610	6337402	0.000385487675081508	23	0	0.932652939754362	518	0.465837258320253	1	1	0	-Inf
chr7	6339547	6624672	0.498852761879006	201	0.110530760446923	2.04675070271839	6088	1.17283736132937	4	2	2	-6.73484514875243
chr7	6628948	6763971	0.280138241789418	84	0.127877107596161	3.24223459058805	2633	2.67145663555788	7	5	2	-6.73417445264907
chr7	6772008	6823843	0.498328151098632	36	0.186357413896753	1.60296144001607	780	1.07414363954821	4	2	2	-6.73350413315157
chr7	6824929	8078014	0.00358753153942004	151	0.0642896096370539	0.865673367822055	3357	0.425781246469004	2	2	0	-6.74471271298481
chr7	8086564	9417386	0.454510494679417	108	0.109257960051178	1.83684045018044	2290	1.06452828120418	4	2	2	-6.83535264968719
chr7	9417426	9845468	0.272149478137548	50	0.0923608473458802	2.75176651983734	939	1.99940563629585	7	5	2	-6.74729363123106
chr7	9846287	11736422	-0.000370514862394977	136	0.0779646755384019	1.59905957077813	3968	0.80279867848953	4	4	0	-6.76181295654173
chr7	11769292	19634624	0.000866050152781073	468	0.0415944353876449	0.828100641189995	11080	0.43024295024869	2	2	0	-6.94633320915625
chr7	19729671	20670841	0.00111861160380955	44	0.191786409726035	1.42135686134716	1869	0.976770320931882	3	3	0	-6.73407947235886
chr7	20681461	25595781	0.498879686895291	811	0.110249188771844	1.77981203415149	24196	1.04856391678376	4	2	2	-6.73428316550477
chr7	25689798	34085808	0.00251730027801544	739	0.0411106656584619	0.907849960600161	23810	0.454157647996011	2	2	0	-6.73530898788146
chr7	34116625	34218933	0.0230574624679051	14	0.129524828966038	2.17745706203176	232	2.40184040352468	5	5	0	-6.75200277895588
chr7	34437682	38235191	0.00026781166831491	266	0.0223845332472917	0.883223618408491	8684	0.472015918420943	2	2	0	-6.74147933354003
chr7	38242565	38245253	0.454420860563824	9	0.0292365828676639	0.814856668719477	34	0.284791340885107	11	6	5	-6.79776613644288
chr7	38249520	51358702	0.001279870421448	1128	0.0615179888327583	0.919706183425033	39144	0.461363529367893	2	2	0	-6.73848099539697
chr7	51359693	56330202	0.498877566763419	759	0.101226431755859	1.83100148021883	19790	1.00889774959359	4	2	2	-6.73325856174041
chr7	56334677	56532796	0.498139032367638	30	0.194783121362751	2.07665285324279	1741	1.10555321057059	4	2	2	-6.73480874879581
chr7	56561776	56716281	0.413713035847945	76	0.081693706944819	1.73222881288055	935	1.11067473989571	5	3	2	-6.75541531322145
chr7	56725013	56897645	0.339974418189198	70	0.155497049827886	2.70709140997552	1633	1.95748568746826	6	4	2	-6.7341253395025
chr7	56906378	58091618	0.239412784388836	290	0.133610197301005	1.92912674838511	5353	1.20786289371087	4	3	1	-6.73851868311914
chr7	60958177	102678304	0.334230804555724	7140	0.110374014605881	1.35307863518117	227160	0.798235313435686	3	2	1	-6.7352922335561
chr7	102683926	159316177	0.34132092605012	7071	0.106944927232685	1.36161100069755	235087	0.706053596909926	3	2	1	-6.73647926937984
chr8	213654	7365703	0.00293788639895909	545	0.0504932481874581	0.47848674261197	8427	0.247892948349572	1	1	0	-6.91531900235062
chr8	7402357	8225790	0.498552315225325	79	0.148042545443122	0.636988632980379	1084	0.344471542169419	2	1	1	-7.21777353308533
chr8	8266447	12185415	0.00888573703321716	332	0.0275545201985585	0.472926790651157	7835	0.220664275797885	1	1	0	-6.8706638158252
chr8	12185530	12598313	0.311062218167054	76	0.165851048687903	0.644382632947897	734	0.349775642384623	2	1	1	-7.6556570164636
chr8	12626473	43500515	0.00746778507913648	2255	0.033158935386362	0.465844498319138	64947	0.215071255605967	1	1	0	-7.00008398643386
chr8	45952307	145003393	0.334784728064302	8246	0.10802406619931	1.39098493834861	313409	0.806389691005545	3	2	1	-6.76985936913481
chr9	10368	33677434	-0.00111893382136685	1703	0.0288445660897986	0.434506006518405	40381	0.204503035879008	1	1	0	-7.57523782042578
chr9	33716777	39036846	0.498882679965687	800	0.0786119773136317	0.917549571366204	33537	0.413225616486399	2	1	1	-6.73484129205727
chr9	39040778	43253957	0.498734153342357	535	0.1241592278676	0.896618627188919	5412	0.415695712782837	2	1	1	-6.73578291681159
chr9	60521830	68449111	0.3406621881261	251	0.136884601644344	0.896437468652905	4552	0.535106205030461	2	1	1	-7.45557269343827
chr9	68469062	96734675	0.498901612534297	2423	0.0894987981095105	0.896865819430836	82830	0.438335280801467	2	1	1	-6.74866934151697
chr9	96746577	98396834	0.245877343340901	331	0.106052370384266	1.76789140629201	13775	0.935337322404702	4	3	1	-6.73481088352898
chr9	98430157	138156651	0.498926045032077	5202	0.0884929074651722	0.961244816411595	196385	0.452701067144467	2	1	1	-7.07771796731022
chr9	138173223	138176464	0.497974190758395	10	0.192857575543312	0.6209332168183	45	0.341002639285974	2	1	1	-6.7355221253051
chr10	47588	38527690	0.498915899180983	4569	0.0879899048990684	0.924730619767444	124199	0.466732761807277	2	1	1	-6.76469817211547
chr10	38527868	39131354	0.498625904241739	121	0.139928374534974	0.931963510309657	684	0.498044982997438	2	1	1	-6.73400692690337
chr10	41857391	42278436	0.48049435697598	105	0.139014601836676	1.30986949399911	1430	0.63429445125227	4	2	2	-6.81148638264106
chr10	42278943	75456969	0.498909298725507	2987	0.090711035582813	0.896297920441063	98919	0.451300886652801	2	1	1	-6.75200427562961
chr10	75467672	133787352	0.333531230955199	6761	0.108323241230567	1.39661266389678	262518	0.742269539730213	3	2	1	-6.76982687142648
chr11	198665	4706061	0.498905310539501	1298	0.0836538776206443	1.00735826758738	38457	0.397957801514554	2	1	1	-6.90867622434525
chr11	4708451	50553118	0.498928720947343	3997	0.0883511171541665	0.887731533285071	134985	0.408708941695116	2	1	1	-6.82290612508454
chr11	54591430	56747917	0.498862073603585	162	0.0775285559022798	0.733274855728204	4844	0.246582328599827	2	1	1	-7.58170012929841
chr11	56756233	79651258	0.498927016778011	3430	0.089774662835393	0.948097902054855	161966	0.462760074583289	2	1	1	-6.84555268771346
chr11	79651399	124250452	0.498906220323563	2609	0.092383946192688	0.87639044392561	117017	0.423145425416925	2	1	1	-6.9247094981974
chr11	124261053	124274783	-0.00319841251747544	9	0	0.437615018032522	80	0.0920679303420488	1	1	0	-Inf
chr11	124309939	135064783	0.498872106863769	714	0.0921553806033099	0.969300516721907	30673	0.441040888931856	2	1	1	-6.86755501533103
chr12	16965	52820	0.340101286891005	16	0.0727157708707907	1.25262058366659	96	0.624184751102405	3	2	1	-6.7386187059431
chr12	54106	59879	0.183489132899302	12	0.0702689098888669	1.38664038005803	59	0.657185143827137	11	9	2	-6.74652750637763
chr12	60022	73673	0.499244058536693	10	0.0830502525248686	0.939128544141032	48	0.678424038144224	2	1	1	-6.73309852768872
chr12	107657	9230942	0.0146068468056021	1261	0.0490933066191852	0.468418153757161	35486	0.202994755335064	1	1	0	-6.90532320550098
chr12	9258225	9301060	0.498327730853927	9	0.163623042387067	0.360237618577693	85	0.141740323577065	2	1	1	-7.66699593573608
chr12	9301268	9429352	0.0905638926618724	28	0.152834570973507	0.411428974198765	503	0.196336870164879	1	1	0	-6.95627702732095
chr12	9444532	10415846	0.0132947708906682	107	0.025921901613271	0.397767481761108	2785	0.177886079215016	1	1	0	-7.19692591135844
chr12	10420495	10436048	0.0152915604884465	9	0.189762863712699	0.306825714682541	109	0.26526661909274	1	1	0	-6.75731241569179
chr12	10437584	11265934	0.0203571168692452	85	0.0719955200131285	0.352199573550903	1753	0.133291711288524	1	1	0	-8.2011760329352
chr12	11267583	11393808	0.337961299787065	11	0.139217096651237	0.394924895011264	269	0.103422468743514	1	1	0	-9.20545803364808
chr12	11513125	14106692	0.0154675052655053	193	0.0674255654487187	0.468667217375104	5955	0.219486270133692	1	1	0	-6.7950143394123
chr12	14159788	34614483	0.49889322501536	1728	0.0920019527036235	0.836387043230311	49657	0.42280690288904	2	1	1	-7.17332414971871
chr12	37323776	133224747	0.249841115628237	14006	0.106892245646163	1.86383515905747	631935	1.08975008852882	4	3	1	-6.76327825985888
chr13	18177561	114325598	0.498922919123142	6444	0.0917682031774039	0.866369863062615	197008	0.421220257548362	2	1	1	-7.39895405458689
chr14	16057734	16402272	0.265049466968465	7	0.154344697720024	1.35018532332326	46	0.726499092830857	4	3	1	-6.77315959717161
chr14	18289828	19975490	0.301748593662495	177	0.11631335442487	0.722762944098426	2918	0.353644286659842	2	1	1	-8.50431574136995
chr14	19975505	105553442	0.498933174422537	7668	0.0910555588821286	0.909213490562683	298161	0.440976411634141	2	1	1	-6.73315098721282
chr14	105587403	105768379	0.311295133942562	84	0.119703254722041	1.07455376418108	1492	0.455866375026227	3	2	1	-6.78275060919255
chr14	105769148	106878743	0.498837045304204	393	0.0889390091524295	0.849890066881531	6403	0.302674224225384	2	1	1	-6.76566437660445
chr15	19841981	22584399	0.363956096276429	416	0.12401354093511	0.837528816118067	5456	0.451283494323987	2	1	1	-7.43352528718464
chr15	22608045	101980762	0.498924560004552	7008	0.0905712188908397	0.886108345839809	311463	0.415517811500442	2	1	1	-6.90542112600141
chr16	11641	32993084	0.498930044734321	6655	0.0899567358538278	0.977200206665368	219002	0.465099067645353	2	1	1	-7.17905193917891
chr16	33025712	36104316	0.498660980293065	142	0.139532900158889	0.980407513394646	4100	0.465065130071807	2	1	1	-6.7817226031139
chr16	46386263	69972069	0.498904400227478	2129	0.086180672295978	0.964214853406168	103003	0.451794839107812	2	1	1	-6.96614196674896
chr16	69974060	70680681	0.325448640271515	98	0.141332922015222	0.915593829829866	7993	0.458244766465072	3	2	1	-7.03892186537792
chr16	70692892	74353782	-0.00128319044290509	234	0.0480490661527638	0.468628780659696	10665	0.197213548254697	1	1	0	-6.78643061719642
chr16	74359817	74423310	0.498560702225302	42	0.197905701450632	0.574782819036867	539	0.219518561018514	2	1	1	-6.89461117240374
chr16	74424457	90083937	0.00086241393302755	2311	0.0369318355994174	0.501563357768058	46225	0.226206511740594	1	1	0	-8.13590532029593
chr16	90092111	90106232	0.498780032091332	10	0.14666670454545	0.563576367414632	82	0.25859798286519	2	1	1	-6.76186790018824
chr17	132172	305838	0.482174642875629	41	0.11156659391614	1.26068830478951	765	0.55450826894635	2	1	1	-6.78437413269401
chr17	314657	316035	0.160654347107639	22	0.136921913474836	1.00281516107504	68	0.283695497331772	6	5	1	-6.74444674798602
chr17	316290	21982273	0.498916174434858	4629	0.0942169953300502	0.93483863773127	157057	0.430949173878321	2	1	1	-6.78817734310629
chr17	22044272	23016487	0.498684990045917	134	0.115075491803536	0.917336965768413	1550	0.941729477224427	2	1	1	-6.73316470254248
chr17	24421408	27008609	0.366971794224278	53	0.141115424865527	1.24589749057581	539	0.503612523441036	3	2	1	-6.81615617653235
chr17	27021866	34394610	0.498873208008152	837	0.0905679692771583	0.920816648724726	45479	0.423557969890102	2	1	1	-6.73732849620509
chr17	34428413	40593341	0.323484618142921	1683	0.104705705634353	1.38199448458425	60207	0.697922264710689	3	2	1	-6.73974225459663
chr17	40607614	41348899	0.338264642186372	251	0.095421840526173	1.1330830910328	5921	0.485628340176494	3	2	1	-6.79846867457421
chr17	41349484	83146277	0.328995412025625	10792	0.108465434598585	1.43284555412741	373428	0.755715239888878	3	2	1	-6.84077765457988
chr18	47492	112203	0.49111980243813	32	0.198001700465165	1.02678811565352	753	0.349656815288939	2	1	1	-6.73895899881944
chr18	112320	2719670	0.00464544237801856	195	0.0146283286448807	0.463253336425311	4350	0.216349666125901	1	1	0	-6.80526383402529
chr18	2728688	15350708	0.498891299944794	1604	0.0907204261740796	0.893340003327555	39614	0.444368727429229	2	1	1	-6.74448205636732
chr18	20941007	80250865	0.498912512311791	3902	0.0917627090969974	0.922878067817861	126994	0.525463218226915	2	1	1	-6.76313740162658
chr19	107329	19647381	0.498939156433901	7257	0.0896947214227217	0.972942463678149	257496	0.468715746557657	2	1	1	-6.97111484046473
chr19	19654460	24394239	0.498837434990784	469	0.0995074763025548	0.702170462849663	21944	1.01017525919619	2	1	1	-6.91313405911047
chr19	27392054	54934027	0.498935798517955	7309	0.0900182364294411	0.938686825462236	261976	0.581945341971124	2	1	1	-6.78355061651322
chr19	54934957	58599150	0.498906940780673	1393	0.0825187112951686	0.937510827289123	40477	0.410950770280726	2	1	1	-6.74564535854752
chr20	87623	26078456	0.498903616300952	2636	0.0897537356164168	0.923049740924057	78122	0.434196793455878	2	1	1	-6.75289362420118
chr20	26081074	26271811	0.333788755592795	19	0.167086541291337	0.748733757962342	345	0.368553770933673	3	2	1	-7.02130960889191
chr20	28513663	31068343	0.498772433532826	993	0.123046298653204	0.972893052522837	5130	5.13891199209909	2	1	1	-6.73335843362306
chr20	31068426	31237425	0.121998086340982	21	0.124358870095497	1.43027188064252	245	0.548947958362446	6	5	1	-6.94635750316649
chr20	31244855	64327831	0.498932641886631	5137	0.0904980034768786	0.96126376778613	174216	0.505039137112861	2	1	1	-6.96817091997814
chr21	5034010	13113074	0.405671039113781	987	0.138831214434752	0.771998209917713	6530	0.5684907898382	2	1	1	-7.37306969981155
chr21	13227652	13408283	-0.000862595890242068	10	0	0.354194717007278	246	0.159002833920104	1	1	0	-Inf
chr21	13431437	13437301	0.498992043857128	9	0.0876695183313131	0.597639336883817	35	0.176215690980966	2	1	1	-6.75295531724786
chr21	13452182	23408771	0.00258497754455156	369	0.0605439213331311	0.40889338106224	7552	0.200376132947875	1	1	0	-8.05470317489856
chr21	23556656	46661749	0.498915285062477	2857	0.0896644554643527	0.922479361549188	84253	0.492890854226822	2	1	1	-6.74570691458216
chr22	10662913	11253680	0.493662477278003	531	0.124723714734742	0.744464867436249	2178	0.303128137370165	2	1	1	-6.88435607103386
chr22	11257774	12900686	0.498692977010831	359	0.132896218222537	0.912571924829058	2098	2.34638225901142	2	1	1	-6.73309072556441
chr22	15346225	16553149	0.498695920193825	167	0.129379390249977	0.827569013565805	1369	0.401572246347799	2	1	1	-6.77226286096829
chr22	16553239	50808263	0.498938614707842	7023	0.0899165717430135	0.961891115262059	223419	0.462768752222498	2	1	1	-7.0268498566035
chrX	255859	14843501	0.0014500178903965	1215	0.0628786835088369	0.488417692407818	27011	0.243501762841701	1	1	0	-7.41701425312101
chrX	14850559	15268714	-0.000163979561569327	9	0.252933840712898	0.418375603948206	579	0.174880780022095	1	1	0	-6.78857767475108
chrX	15276560	57977737	-0.000269529229899035	1595	0.0287606668088011	0.465078008079774	80836	0.210554613892898	1	1	0	-7.02798408314329
chrX	63299790	155996516	0.00040244812202897	2692	0.0507711172747328	0.471926798418628	129183	0.222290653164075	1	1	0	-8.01939698463055
chrY	10098823	11747664	0.338854307922567	103	0.151140119153527	1.49130591839653	939	0.707528192130597	3	2	1	-6.74970567101277
chrY	19413675	56886905	0.353001631684318	241	0.122406021760405	1.0424420655063	834	0.413075395353816	2	1	1	-9.29953640017936
