chromosome	start.pos	end.pos	Bf	N.BAF	sd.BAF	depth.ratio	N.ratio	sd.ratio	CNt	A	B	LPP
chr1	591356	1707555	0.0787438802428122	315	0.0852854079477615	0.618152462436421	8304	0.167667101316007	3	3	0	-6.74395443428534
chr1	1708131	1714720	0.498624137790591	9	0.166604405037135	0.904178664815035	93	0.437703627093311	4	2	2	-6.73354362213661
chr1	1714797	2056554	0.0675569303391819	75	0.0728031728840301	0.6567174388307	2173	0.209070055506247	3	3	0	-6.77033964833003
chr1	2056605	2167940	0.0631917571456313	9	0.14981572013644	0.867406614946172	341	0.32659965171379	4	4	0	-6.7411309758413
chr1	2175486	2225560	0.0565025404236114	37	0.0372211756385517	9.25713569076136	2849	4.1959739957446	4	4	0	-6.74549970658077
chr1	2303464	9264611	0.0759379479181913	559	0.0654982050830547	0.646278152791503	17969	0.222531502965555	3	3	0	-7.06909889968023
chr1	9267890	9502982	0.0648803048909971	31	0.112786933964526	4.21999685005352	907	7.18080898898461	19	18	1	-6.73317595020216
chr1	9505926	9583712	0.0340881199179859	63	0.0358216267091846	9.60983576604077	2939	5.88735246522973	7	7	0	-6.73912806950134
chr1	9588868	9624014	0.052242546527526	9	0.200436468183257	9.69385582195465	2059	3.93428306400268	20	19	1	-6.73574878494347
chr1	9629992	9846645	0.0535823390037888	143	0.0421581587788202	9.5255126178102	10239	5.90973597608328	20	19	1	-6.75861896200164
chr1	9860353	12714480	0.0733659351290514	320	0.0666393582309949	0.641372107441377	13018	0.206450054475866	3	3	0	-6.86264747061047
chr1	12835183	13006819	0.40555719757653	11	0.147340051951569	0.991863018462329	211	0.34136690442895	5	3	2	-6.73523810149066
chr1	13115427	13198460	0.0424608702593419	9	0.159827598089664	0.602696497557612	107	0.420885977427872	4	4	0	-6.7573059617325
chr1	13224919	13245372	0.498617063805019	43	0.139940285477222	0.548708706526174	179	0.282333536306675	2	1	1	-6.7415176708101
chr1	13245431	16549071	0.066517205181933	409	0.0811548686718322	0.6406095023805	10722	0.224234152958324	3	3	0	-6.86164326520247
chr1	16550337	16858943	0.498532231762369	142	0.168777528156412	0.697368880958403	1596	0.244061541941417	4	2	2	-6.76932172969362
chr1	16871068	21978338	0.067061075431148	500	0.0670224781783121	0.644889739998393	18085	0.215338400365971	3	3	0	-6.99175175006509
chr1	21978560	22008798	0.203394171389681	13	0.1347500535179	0.633151276182283	254	0.235494427850291	5	4	1	-6.80734566804389
chr1	22009091	31437808	0.0717296613134819	638	0.0729470155675366	0.637999652972506	32012	0.224330625500948	3	3	0	-7.02434668864676
chr1	31438031	31476883	0.252452820410531	9	0.118265708376426	0.454642807754295	32	0.178637989380759	4	3	1	-6.96679342626012
chr1	31481402	58539094	0.075868500397949	1278	0.0700456513676254	0.61804071709969	75173	0.202269496100467	3	3	0	-6.89154667154927
chr1	58594265	58665417	0.498366831543705	14	0.142038785138132	0.570373663951478	99	0.227910056868606	2	1	1	-6.79369487426808
chr1	58667234	75674661	0.0773601166116696	449	0.0725515147984835	0.567108608078279	18688	0.211621229112103	3	3	0	-7.58540423711845
chr1	75677730	75953859	0.478321602315134	30	0.0588213836322625	0.915243247423974	1073	0.354169721636784	4	2	2	-6.84856820701638
chr1	76020822	92173222	0.0771473917266359	430	0.0772566124032501	0.569779250604862	18032	0.202805806609743	3	3	0	-7.50376483098258
chr1	92180377	92265637	0.499411470644509	10	0.0509666557662949	0.968000638171603	399	0.293287678091195	6	3	3	-6.74575400415562
chr1	92309210	99765460	0.0794885812052073	187	0.0776667757457522	0.582757511884502	8306	0.202893539692845	3	3	0	-6.89196522764735
chr1	99791535	100067831	0.498747632674158	42	0.134128712863435	0.902781250873354	1191	0.361223625586092	4	2	2	-6.76147844855739
chr1	100078406	109281739	0.070699171102351	234	0.060406994231872	1.02810634243445	10670	2.49305945401851	5	5	0	-6.82192392417171
chr1	109286714	109380964	0.0586851177932932	35	0.0370439212400677	9.0349334151151	3570	4.03501993816066	20	19	1	-6.73995948113006
chr1	109386615	112969174	0.0675663939729294	229	0.0753459329668694	0.620334212249994	10014	0.199717087094059	3	3	0	-6.77006016407819
chr1	112971570	113274309	0.0399099813473824	109	0.0440168761846952	8.67371245926141	6567	5.4599040203834	6	6	0	-6.75864223979879
chr1	113521718	114430738	0.0790686477790318	15	0.0503317565189783	0.602181287551076	2738	0.187885478894166	3	3	0	-6.73695738634471
chr1	114472714	114709988	0.0439823518780476	35	0.06842194841723	7.91981915048923	5156	5.49444547172519	6	6	0	-6.75239903411185
chr1	114714048	114895365	0.2184842869445	9	0.155943187660692	3.29331535661358	877	8.56832841550708	19	15	4	-6.7330303005644
chr1	114981595	119937771	0.0727774323497787	190	0.0710372731732728	0.579650202225779	7764	0.180754083044546	3	3	0	-6.90407715425483
chr1	119941882	124514275	0.208322864473003	28	0.130961255832023	0.652637707727896	1670	0.268164351177411	3	3	0	-7.50182557245892
chr1	125094469	248945585	0.498937046730808	6395	0.0880393775671843	0.774369343699206	265214	0.262577951886823	4	2	2	-6.74686469372213
chr2	171469	89757618	0.498918203168448	3621	0.0898151714256017	0.778598653163812	164493	0.286242395612397	4	2	2	-6.73541293500423
chr2	89759162	91960535	0.367512520422501	80	0.116535754686075	0.746659698012302	1906	0.31308624768791	4	3	1	-7.07979890629158
chr2	94190317	242101738	0.498935548809253	5857	0.0874654597197822	0.776776206351372	280822	0.310526981651065	4	2	2	-6.73332380074126
chr3	10374	75606127	0.498920416860076	2604	0.0839650355367482	0.783869953064958	169300	0.265380189542408	4	2	2	-6.78059121213255
chr3	75655540	76077328	0.216566448629478	89	0.108159348122631	0.647161523079833	736	0.251859092603362	4	3	1	-7.05931339896235
chr3	76103118	90613961	0.493891784887175	179	0.0938611484949238	0.703682891385493	7536	0.293604527757734	4	2	2	-7.59549127922883
chr3	91429061	198150648	0.498921173472161	4611	0.0910338736549051	0.753055712455414	181028	0.270578515547187	4	2	2	-7.4947342580592
chr4	54908	49092775	0.498909169085998	1890	0.0845871924741339	0.770244066353001	80020	0.271516200411892	4	2	2	-6.76469755503579
chr4	49096842	49160792	0.121650387478824	79	0.143276901023033	1.31634907071051	1075	1.69078548094877	10	9	1	-6.7344344230816
chr4	49163406	49559167	0.080341885488604	68	0.0722247188210493	2.3638329105023	464	1.79402821568657	15	14	1	-6.73423513484108
chr4	49561289	49711665	0.445779038476596	43	0.162618339225598	0.675802956152568	272	0.55974842521494	5	3	2	-6.79549991557167
chr4	51838641	189844758	0.498909355634866	3383	0.0900743192679914	0.733051782233288	173336	0.286139000022965	4	2	2	-9.02960727333148
chr4	189881343	190179547	0.361769060462607	24	0.17047758469681	0.63751183194854	449	0.239821774957231	3	2	1	-6.74142697827555
chr5	44922	728999	0.10246522616687	122	0.0927879714254009	0.404647514224281	2179	0.125585902815113	2	2	0	-6.85973479179737
chr5	732858	3866019	0.498812065549832	149	0.11588828380173	0.833771666522136	6034	0.301691007107679	4	2	2	-6.83356831206791
chr5	3925663	5927683	0.106233402124723	56	0.112437364959168	0.411901187747252	1197	0.150565634966929	2	2	0	-6.87636929010723
chr5	5967631	8704909	0.335829853408614	144	0.100535395623212	1.16552347497589	4140	0.551771331032903	6	4	2	-6.74879656506571
chr5	9042861	12568848	0.108935388254541	67	0.101279422803902	0.434923553263339	2324	0.157728051775042	2	2	0	-6.73419931721104
chr5	12766422	14673587	0.439221333241614	97	0.0739481568188634	0.72501798564375	3588	0.238099743631847	4	2	2	-7.2089610663795
chr5	14777026	16827567	0.092407097079945	42	0.0893698678911171	0.413460721564507	1647	0.139192959899269	2	2	0	-6.89273008265853
chr5	16858697	17061633	0.498562975717798	35	0.154972212201484	0.820487937800809	618	0.48711142931354	4	2	2	-6.73459257481684
chr5	17153141	24608539	0.12375674322422	99	0.140519015410806	0.436814264948763	3082	0.227937806450021	2	2	0	-6.74690230786431
chr5	25154211	32112959	0.357511320373661	223	0.112655272396544	0.979063137865757	7106	0.462501968943265	5	3	2	-6.87808067205746
chr5	32116618	33448686	0.266367642373728	101	0.123713247167603	1.48591643426419	4537	0.851334810520654	8	6	2	-6.73331787017232
chr5	33451624	34182220	0.097694917658566	23	0.064953069102012	0.452114650374003	1114	0.159321085313464	2	2	0	-6.76884032011782
chr5	34196971	35643513	0.498634411129918	54	0.105709853021637	0.81313150124555	2606	0.417518157482134	4	2	2	-6.743315376628
chr5	35667166	36257032	0.115660375697479	51	0.068338362320924	0.408339652193175	1609	0.123695838810273	2	2	0	-6.83330493504317
chr5	36267246	40934369	0.498753795252458	223	0.106028435467956	0.838816851240515	9708	0.346764947939314	4	2	2	-6.8659442680136
chr5	40964750	46008930	0.0885379338959275	115	0.0958479217497052	0.446468341774945	4168	0.26343900576457	2	2	0	-6.78457605672076
chr5	49599644	49666831	0.396285687880025	79	0.124647743844162	0.780361112614265	740	0.265273208502164	5	3	2	-6.76164275803123
chr5	50399316	181292406	0.498920245654039	4990	0.0872830615733287	0.753602732103537	221456	0.27008478828952	4	2	2	-7.61010745894603
chr6	249571	29934263	0.498905798116927	1459	0.0830097014752098	0.769330936297281	57262	0.288515226790126	4	2	2	-6.754895744019
chr6	29934332	29935122	0.235588408782126	9	0.140270373842012	0.529523366659476	18	0.198249438509371	5	4	1	-6.73851804330524
chr6	29935172	60744394	0.498918355067391	2354	0.0864182938186154	0.788675527219273	100703	0.250948943582284	4	2	2	-6.79615062327426
chr6	61531726	170697568	0.498911239653832	3682	0.089615058080264	0.745361079681461	154804	0.273609967017185	4	2	2	-7.96645161861439
chr7	35631	56713053	0.49891722079557	2835	0.084189314293996	0.779623884587413	105448	0.286222528606123	4	2	2	-6.73734246696776
chr7	56717419	58091549	0.498609036013193	97	0.12556300273026	0.766054633446494	1687	0.34305543711395	4	2	2	-6.73454985872162
chr7	60958088	142721177	0.498914876023456	4354	0.0959207155669115	0.768519054174228	178996	0.282027908386998	4	2	2	-6.80894413936686
chr7	142750561	142774599	0.346691068536667	67	0.114324874122202	0.878999243105195	487	0.164754382077288	6	4	2	-6.76409457926907
chr7	142781467	152403241	0.498889540055229	687	0.0824125674457227	0.781970526023543	26904	0.241316730038414	4	2	2	-6.73693789346937
chr7	152403285	152416418	0.326569855963469	71	0.127922157857132	0.499650365805417	195	0.253254557503146	3	2	1	-6.77454684517016
chr7	152429815	159138060	0.498877693297099	447	0.0896781815841772	0.765011278835075	11892	0.295492001199488	4	2	2	-6.74451353740995
chr8	311290	43317266	0.498908158116439	2065	0.0902541022458364	0.77703410226681	80318	0.277007828838696	4	2	2	-6.73312414602587
chr8	46035974	144889982	0.498921980208514	2815	0.0871540672376803	0.763251427185709	141537	0.273746665493128	4	2	2	-6.98016413301103
chr9	10404	38763548	0.498886671548564	1347	0.08848696313012	0.761672329109551	63667	0.26885523111951	4	2	2	-6.86044928699509
chr9	38807425	43110692	0.331183608723085	379	0.124510568736895	0.707341419808683	3267	0.355334011438446	4	3	1	-7.01118963564538
chr9	60911446	67800317	0.498613201182249	167	0.135899269415795	0.634044572308658	2368	0.325276797301976	3	2	1	-7.39279917286814
chr9	68333969	136392392	0.107342452842	2523	0.0871717959754712	0.443034163089418	109298	0.147681765386959	2	2	0	-7.41634985380121
chr9	136497184	138220927	0.498882022144762	348	0.079657165424367	0.821400387240864	15875	0.225222189254958	4	2	2	-6.79505149072144
chr10	47663	38677085	0.498901037041434	1848	0.0876031145496582	0.756374467406404	70108	0.288028949306247	4	2	2	-6.93142108618718
chr10	38681184	38998192	0.177166586402197	29	0.125955227012707	1.04131603734831	241	0.770429390006747	6	5	1	-6.7451783819909
chr10	41859763	42280334	0.479747217889724	47	0.141710043240508	0.746639801342165	362	0.245135328362454	4	2	2	-6.75198528471686
chr10	42337130	133787147	0.498921924833011	3945	0.089493058386755	0.750057816671323	182995	0.2590492484638	4	2	2	-7.61779971189994
chr11	192997	792692	0.122510783795609	76	0.0835713152752911	0.447917738173909	4972	0.138847011575281	2	2	0	-6.77737118503531
chr11	840363	32104309	0.498905690193631	1916	0.0881695255995188	0.781347325124566	74854	0.330434400614196	4	2	2	-6.73811892603831
chr11	32144302	32830640	0.098431234130342	30	0.0786378575730428	0.423680362227809	754	0.170538035650169	2	2	0	-6.74565188797182
chr11	32916026	33914616	0.388169739300507	79	0.110871804179536	1.08171857404625	4556	0.683475417295521	5	3	2	-6.77740997042976
chr11	33915089	50512765	0.498869672652615	744	0.0886156727776195	0.795141613699602	33050	0.296966786898668	4	2	2	-6.79174683072775
chr11	54592419	135064821	0.49892692639558	3632	0.0836124011510894	0.779341574229783	212736	0.258155903766895	4	2	2	-6.73890461656395
chr12	12728	158848	0.284717053812786	39	0.142554443041139	0.717067117930959	424	0.218909790459712	4	3	1	-6.74570556871238
chr12	163388	34276724	0.498909777686532	2147	0.0882755865951399	0.769007011251952	82677	0.264882721233219	4	2	2	-6.76526044114974
chr12	37540858	40163899	0.0942815854744634	42	0.100531286120124	0.401376492672851	1751	0.146505261904428	2	2	0	-7.1608219514226
chr12	40203743	40406173	-0.000310126331834346	27	0.0967881641418449	0.652395145929458	759	0.200681697013337	4	4	0	-7.03881089545189
chr12	40415030	42314034	0.102462941144961	75	0.0809170969361641	0.395004758873676	2511	0.129053015728884	2	2	0	-7.28981271114601
chr12	42468629	42870816	0.498915162913379	10	0.0986855837721217	0.732716161803881	412	0.329119892149788	4	2	2	-6.74081203199903
chr12	42944869	44224537	0.107668544379297	30	0.0719897901445578	0.399953640019835	1236	0.131801980130227	2	2	0	-7.01762520824307
chr12	44376518	45116881	0.404212052589814	13	0.0863041728794747	0.883378868540077	851	0.307352126912673	5	3	2	-6.75916824461211
chr12	45173717	50430492	0.0931839579668005	307	0.079760254359361	0.437145667947103	15841	0.380739087374029	2	2	0	-6.74719200663617
chr12	50510984	50571773	0.0202921221371313	14	0.0255243904039745	16.6939793246163	1006	11.8222731622644	13	13	0	-6.7344318448298
chr12	50571847	52749121	0.106180713335575	174	0.075216860529404	0.439025356437784	8088	0.180122402427568	2	2	0	-6.73817772648788
chr12	52790775	53724094	0.498808549605963	171	0.0985764331627727	0.82469720286653	8864	0.305198992965996	4	2	2	-6.75424922922103
chr12	53945268	54281329	0.122345649827311	15	0.132703751696347	0.448129963033699	818	0.12943761077712	2	2	0	-6.7553134093763
chr12	54334112	54409088	0.463700486306211	18	0.145070694959208	0.770937577654295	780	0.230909429490359	4	2	2	-6.7704165698016
chr12	54411969	54584441	0.132285673501825	18	0.082463222145002	0.434807450626718	825	0.126835065043642	2	2	0	-6.79802533296539
chr12	54608281	54976998	0.0207365269021213	138	0.0194695388487007	15.5670372628619	7416	8.25710356539313	12	12	0	-6.74608324171415
chr12	55003290	57078979	0.10071571864916	157	0.0655426200893663	0.511516763455203	10681	1.01498650237531	2	2	0	-6.76792093095541
chr12	57126705	57568349	0.000644477129185583	40	0.0921012681223423	0.78733766612542	5699	0.207210328245951	4	4	0	-6.96316933134556
chr12	57574955	57792812	0.0211889667943623	155	0.0156417448189232	15.1708092620943	25441	6.07898813845279	12	12	0	-6.74651075591729
chr12	57809481	57956848	0.11104124678377	9	0.113873955660536	0.714855930063852	586	0.275162703686727	3	3	0	-6.82358717501155
chr12	57967187	67294938	0.10788327581939	193	0.09849088701565	1.42130629463932	8645	4.81099368587196	10	9	1	-6.75623503212053
chr12	67307594	67772118	0.0437226789752543	10	0.0319645637125448	0.440967795885323	294	0.188244246822197	3	3	0	-7.96982994343525
chr12	68003593	68474001	0.0852371621771202	10	0.0605838262244966	0.434776360785052	480	0.160880023708762	2	2	0	-6.79622830440532
chr12	68623629	68972336	0.0124297486544006	135	0.0106135545448917	25.3853629864852	21187	18.0593933262764	20	20	0	-6.73695665494014
chr12	68984541	69699780	0.0199524027344901	255	0.0338673246213952	17.2753064341586	17012	12.189666772394	13	13	0	-6.74469573909426
chr12	69699870	69703973	0.0466503360505987	9	0.105938661498057	24.2161036321229	225	8.69076821145051	5	5	0	-6.73347727913207
chr12	69705340	70400406	0.014893920253304	176	0.0186794760278581	25.7700443549108	17984	15.2958613742289	18	18	0	-6.74134718355144
chr12	70402949	70656500	0.0205410640902738	108	0.0223866921200417	15.4303756185127	8779	9.20581305120795	13	13	0	-6.74042801060083
chr12	70668285	73762953	0.100783669622516	51	0.0827360651142429	0.412811161971086	2374	0.132866203789268	2	2	0	-6.99070993433235
chr12	73893843	75293405	0.0651630689699554	11	0.0641270046647489	0.399237415340646	470	0.142173404540623	2	2	0	-7.23482189844691
chr12	75298481	112400690	0.0989408991119725	1089	0.0822446219183642	0.4246933699466	48303	0.15017303857563	2	2	0	-7.18116932371817
chr12	112403438	114681192	0.498835765010117	153	0.0917205442566391	0.825442711076197	7770	0.304964892118471	4	2	2	-6.78607905538125
chr12	114723712	116008640	0.13418140333484	25	0.165155260285587	0.527237459550725	942	0.301514242563407	3	3	0	-6.96717449303942
chr12	116076257	118201507	0.132513644019119	101	0.102625212581635	0.882750003313462	5753	3.59111543228288	9	8	1	-6.77033567589619
chr12	118239135	118550601	0.124691730428886	22	0.121897551193668	0.486583800631238	452	0.370688105826328	2	2	0	-6.76626975376023
chr12	118587670	119629927	0.498707570943571	50	0.137182410962743	0.665428092059525	1298	0.319096341094661	4	2	2	-6.8774734528208
chr12	119668571	120459849	0.095089233775158	27	0.094061899968271	0.442685068416399	3421	0.138736385930777	2	2	0	-6.74899981511951
chr12	120469468	120601629	0.498790927380544	27	0.105222163557416	0.802689281376299	1064	0.319186489688071	4	2	2	-6.73392303412785
chr12	120622977	124398058	0.0918216235971888	306	0.0853422445423433	0.448829984399629	15307	0.15014721092438	2	2	0	-6.85627846314532
chr12	124430885	125077063	0.48879854671325	45	0.115772229359675	0.828327243587052	2305	0.315849054226439	4	2	2	-6.75441099052711
chr12	125298890	125758569	0.101630501657948	11	0.10587737332319	0.416429844108485	330	0.134559951771683	2	2	0	-6.75999742432582
chr12	125891612	128139740	0.441764237270431	25	0.103961403094289	0.738465352589555	1281	0.354919176808609	4	2	2	-6.94340821535307
chr12	128223602	133151257	0.102785393202238	300	0.0886713458836899	0.436797853390578	9464	0.143896645378073	2	2	0	-6.7386458842669
chr13	18178016	18419255	0.154757627361478	24	0.144815168304341	0.549204228669489	176	0.804134113947596	2	2	0	-6.81538325385057
chr13	18545473	114354016	0.498911459979026	3719	0.090406686896271	0.841071291496645	137857	0.328030247373032	4	2	2	-8.97721101499472
chr14	16047857	16402213	0.193451828366412	6	0.151456484399535	0.427129786934185	35	0.127322603563355	2	2	0	-6.93448307451189
chr14	18329957	19691102	0.403506060305552	84	0.133206199428799	0.733341583252534	1336	0.246070803867827	4	2	2	-7.07748171723988
chr14	19708729	106750650	0.498927743478989	3793	0.0856650631747051	0.744141226768679	193990	0.253417026356402	4	2	2	-7.97031428967169
chr15	20046303	101887448	0.390249357319581	3825	0.101530439955936	0.650069515994967	183738	0.217064652747054	3	2	1	-9.81549223322487
chr16	11651	31733718	0.498916583824505	2750	0.0913544331996375	0.812559888405815	134408	0.279174539236178	4	2	2	-7.18269065803937
chr16	31753899	35392878	0.498634035409262	106	0.112344216588565	0.736653795627568	3558	0.243919518937997	4	2	2	-6.83638365154245
chr16	46386441	74460414	0.498892244976373	1651	0.0916012906302617	0.804854237846985	82191	0.283644510799538	4	2	2	-6.97971082541783
chr16	74469180	90175110	0.477150454756867	1740	0.0843986344111024	0.808604613660629	44735	0.287897824619971	4	2	2	-6.95061016155219
chr17	137603	21641330	0.498909409084902	2649	0.0903726498474036	0.794813510544995	103939	0.261732323168369	4	2	2	-6.82684257128813
chr17	21644809	21666866	0.226282353062397	39	0.149471258842538	1.31079027866696	131	0.634938975156382	5	4	1	-6.73663495091151
chr17	21668688	22661506	0.358257262555563	161	0.116879233739374	0.782540425087841	1318	0.379564153150569	3	2	1	-6.99292970408636
chr17	24421438	26969832	0.246414895185432	33	0.126470958757696	0.822558357348675	279	0.728123321375021	4	3	1	-6.78268525027243
chr17	26986500	83194874	0.498931170588858	4569	0.0876970509253913	0.795597370831114	242215	0.269407912029069	4	2	2	-6.97871052541015
chr18	47974	112269	0.277892458462411	14	0.150255021309011	0.579058705168794	274	0.21311879121264	4	3	1	-6.80572244982407
chr18	117394	15378682	0.498880690811303	847	0.0904350968789058	0.762617355931916	28656	0.290355429226273	4	2	2	-6.7715413775817
chr18	20957605	80251092	0.498899938335127	1766	0.0885807210131379	0.756998225451943	76711	0.282641103336411	4	2	2	-7.02557469757541
chr19	107381	4117707	0.100718831986228	813	0.0886637785747588	0.469111327533781	23483	0.146329056638877	2	2	0	-7.3422345591611
chr19	4127461	13451853	0.49891396208951	1911	0.0863060043923611	0.79858907676492	80448	0.2616035672147	4	2	2	-6.7931006323096
chr19	13505879	17075326	0.0957974313770434	381	0.0871395856687622	0.468794658032866	17184	0.147973812052229	2	2	0	-7.26681680345567
chr19	17091326	19520139	0.498890295895084	359	0.0831943311949202	0.789840711819064	22619	0.257403429437623	4	2	2	-6.73890803691582
chr19	19527409	24312315	0.104945369072778	359	0.0845479010203891	0.415296823228017	11976	0.130711496667227	2	2	0	-7.04744744531745
chr19	27392072	29923680	0.0884497595170456	45	0.0773817246714708	0.44815070092324	1367	0.169634404387134	2	2	0	-6.81300000181754
chr19	30413830	33886297	0.498836599644949	173	0.087492875288449	0.77360038465632	8292	0.268986720804833	4	2	2	-6.73373689524294
chr19	33940724	35619084	0.373029905194181	217	0.0966089709435365	1.10316894901153	12396	0.621709290216126	6	4	2	-6.77721328824983
chr19	35730150	43340422	0.498878136584928	756	0.0906385693319039	0.797212658506969	54935	0.250792715035372	4	2	2	-6.77994956559339
chr19	43346589	44031846	0.353853334007196	143	0.0891041259289341	1.11432068495006	6591	0.363137399009563	6	4	2	-6.73676633223399
chr19	44056850	50704518	0.498885106224478	1066	0.0856963589965471	0.807469932104043	57674	0.270352487927455	4	2	2	-6.8120551709955
chr19	50714293	52512489	0.358653543813465	309	0.0956285055769918	1.20924919261314	15850	0.472910455779513	6	4	2	-6.77022332410479
chr19	52512611	53889327	0.498876198122751	432	0.0888597779171048	0.768496238290708	11290	0.243119532130068	4	2	2	-6.73487472320402
chr19	53891711	54303818	0.359510278077923	237	0.0944766447779346	1.16863160938278	6141	0.421700016467817	6	4	2	-6.74619892170765
chr19	54312263	54889582	0.41256183217265	336	0.0939144315864128	0.811959420348601	5565	0.224846920207571	5	3	2	-6.89503313161184
chr19	54906373	57253402	0.0953898121967417	336	0.0897499295701873	0.457024473517846	11421	0.142405775064576	2	2	0	-6.91748643265457
chr19	57254064	57353714	0.498542630136789	9	0.170607004545534	0.782096306913677	469	0.376181009314172	4	2	2	-6.73309056027778
chr19	57378656	58571238	0.1040980407554	148	0.0803202140227366	0.445473587962441	7349	0.121593946007951	2	2	0	-6.76497343765042
chr20	96321	25677848	0.498900020537034	1039	0.083143273298166	0.783209832675307	48398	0.266920409031457	4	2	2	-6.74613351317906
chr20	25761172	26119344	0.414757345608417	41	0.147239844985043	0.785554938093095	364	0.401633444596694	5	3	2	-6.78079702791375
chr20	28559315	31068235	0.493595728684866	625	0.138310455080646	0.705609204377043	3185	1.51205470885057	4	2	2	-6.74044896182903
chr20	31068248	64327831	0.498917241742625	2231	0.0843094468204033	0.81204454551412	108511	0.284565509915642	4	2	2	-7.17459130171459
chr21	5032028	7232171	0.386477228131583	35	0.114345951562158	0.706167617818113	356	0.322401297020686	3	2	1	-7.05434883529022
chr21	7916434	7955813	0.0585219077702356	34	0.0461760561762573	2.91339314038814	196	2.12651971922389	20	19	1	-6.73597340987408
chr21	8213222	10358150	0.493280069904555	166	0.155299260389332	0.65907962212165	1357	2.18831974756949	4	2	2	-6.74144120408189
chr21	10361406	10413537	0.17017858485125	221	0.138865556199073	0.98137538824184	777	0.680486570263933	7	6	1	-6.73826114694592
chr21	10413594	13096316	0.498625541418367	273	0.142194775407536	0.491629672262282	1914	0.330813888303531	2	1	1	-6.95219631020681
chr21	13215988	46697396	0.498908067881893	1925	0.0870466098173403	0.776515833491805	62924	0.269512379094651	4	2	2	-6.73330444994824
chr22	10613451	10700041	0.02531035823245	26	0.0256654511866709	9.02457247446716	497	8.04291291991397	10	10	0	-6.73511214024043
chr22	10710894	10775051	0.0761160689679335	202	0.0668159607961485	2.84925631019206	992	4.1669125244313	16	15	1	-6.73305743275839
chr22	10775105	10936253	0.0964192687987029	138	0.0530371355243789	1.60559762109889	440	0.782026477975068	12	11	1	-6.75093012476702
chr22	10936320	11024406	0.159331873061898	28	0.123000295736729	0.433618730574617	196	0.30444347502809	2	2	0	-6.84787480724296
chr22	11025039	11040391	0.0881550055178318	95	0.144343237502718	2.44249246033356	653	1.58278879754654	14	13	1	-6.73306277591769
chr22	11040886	11041680	0.446018731575614	10	0.0490876766612558	3.43920900682179	64	0.540650750602442	18	10	8	-6.73303998446414
chr22	11041683	11068184	0.0996291440654086	149	0.0790624513501534	2.01184423888945	740	1.10573424982934	12	11	1	-6.73326939980365
chr22	11068235	11829663	0.46015672706102	108	0.158926852823199	0.494568633996421	675	0.191643056192813	2	1	1	-6.97452825210414
chr22	11943723	12077186	0.00825538674111725	10	0.0151789327688082	5.70152270052112	64	5.5072629242362	20	20	0	-6.79042268588408
chr22	12120079	12632335	0.338775089809937	59	0.124282530076801	0.557531212677797	338	0.220708361712667	3	2	1	-6.79092081844036
chr22	12632346	12801469	0.0326582422157966	9	0.0489974489131832	2.02529854966899	50	1.45343069954069	8	8	0	-6.73866692377935
chr22	15509365	17045080	0.498695763049213	136	0.142477404087039	0.753643897276219	2499	0.272415167463174	4	2	2	-6.74476310019718
chr22	17046563	50768762	0.49892250918428	2891	0.0871892902614332	0.821033019136575	139503	0.282773511574121	4	2	2	-7.4135281330629
chr22	50777878	50808384	0.221930754924288	9	0.141115004320747	0.524635495618626	108	0.211449867303887	5	4	1	-6.87475956534055
chrX	255559	57679344	0.49889510288421	1975	0.0957929477034876	0.805596822566418	109113	0.306196792734103	4	2	2	-7.17420820892079
chrX	63360469	156005349	0.49889211145215	1213	0.0890848415340942	0.792692493965861	133285	0.276929364988523	4	2	2	-7.00490488470057
chrY	10098823	11747688	0.298385375254014	46	0.129977062264754	0.731428506253537	290	0.398930045984643	4	3	1	-6.76865989634409
chrY	19413653	56884113	0.496003408088109	155	0.123992919105366	0.514271930128917	507	0.161861434865255	2	1	1	-13.3922142612654
