chromosome	start.pos	end.pos	Bf	N.BAF	sd.BAF	depth.ratio	N.ratio	sd.ratio	CNt	A	B	LPP
chr1	13273	202259	0.0619651831519037	10	0.131240237732183	1.27560109528797	187	0.379094580691639	3	3	0	-6.87396529995476
chr1	267521	16509288	0.498902149629481	2478	0.0998313233186321	0.859288094084194	78355	0.320597474530904	2	1	1	-7.59620026859306
chr1	16509896	16943309	0.354557944391919	230	0.116421290650168	0.958960983557547	2992	0.298657756707108	3	2	1	-7.18330000695448
chr1	16944256	108185725	0.498918986477461	7100	0.0986419497862446	0.935004884031526	280490	0.406368662418217	2	1	1	-6.84159687712393
chr1	108185862	122777449	0.498885421038403	1070	0.0938665766700205	1.00677884064232	44084	0.387355245938399	2	1	1	-6.90891546828865
chr1	124514134	143253228	0.25720338354232	17	0.162880753024666	0.477945161370326	322	0.241120652427995	1	1	0	-7.94967849225671
chr1	143280625	157099469	0.498884243023054	1232	0.0969620213165182	0.886771218831633	70593	0.320688599477909	2	1	1	-7.11647826043507
chr1	157101949	199738958	0.498909686356885	2682	0.0888381311627255	1.03315398418028	106327	0.418555517390641	2	1	1	-7.5746975047388
chr1	199752544	219970507	0.498894069368445	1786	0.0993057834341349	0.970331015210932	66408	0.395109618657141	2	1	1	-6.76053070908471
chr1	219972242	248945592	0.498908284483715	3226	0.0971484685570382	0.962308919674445	91575	0.391591399205437	2	1	1	-6.74564544680045
chr2	188171	23879821	0.498889237830351	1364	0.0994839994521613	1.01994208621216	42291	0.439081937638548	2	1	1	-7.06229476251358
chr2	23887787	34116893	0.498879181643342	1028	0.0905950301966008	0.886380589515419	44673	0.353394530572236	2	1	1	-6.97543354988023
chr2	34130358	60389629	0.498888753996188	1456	0.0982059770021249	1.00285756103541	55639	0.452702157815075	2	1	1	-6.93262065202271
chr2	60390626	84813269	0.498889115779286	1476	0.0967596270385922	0.988305238318353	59774	0.420959214532561	2	1	1	-6.84532057874501
chr2	84838019	90221325	0.498817367493407	430	0.112846092545591	0.94512997839348	17663	0.355679599420665	2	1	1	-6.73452559995471
chr2	90234102	92075324	0.498555745738391	139	0.144779767603378	0.794689185531641	1600	0.323310940875677	2	1	1	-7.06026863564957
chr2	94190317	95939051	0.496309898302729	76	0.129186183471763	0.972211300704262	4374	0.349279049471706	2	1	1	-6.73722575788701
chr2	95939089	95957250	0.206818549437105	59	0.124572622989954	0.819779123357339	204	0.350121745153103	5	4	1	-6.83418569347075
chr2	95957268	131575958	0.498892911454516	2287	0.104597698064497	0.964798311485524	85633	0.401212370563437	2	1	1	-6.75583560007755
chr2	131591936	218207952	0.498916690231383	4744	0.0905935738560022	1.07220829678362	194477	0.433231958192007	2	1	1	-9.23150884546341
chr2	218208295	240741227	0.498903948683015	2224	0.0911093352950061	0.957270514508389	76034	0.379843655932727	2	1	1	-6.73572660131295
chr2	240741546	242183318	0.49887004396463	333	0.0941154242756232	0.880463328797625	9575	0.295467566603613	2	1	1	-6.79334965426128
chr3	13142	13481510	0.498868690817534	1007	0.103355643379652	0.94675800217317	33832	0.402263222671748	2	1	1	-6.73476013306072
chr3	13484209	75428873	0.498914968860795	4373	0.0931468221577729	0.954620868954786	183012	0.398668109221203	2	1	1	-6.7345806231051
chr3	75460768	75732267	0.495759192976217	127	0.158056914595561	0.807332808432502	842	0.416560829971548	2	1	1	-6.75893346211398
chr3	75734368	90303819	0.498845555436412	477	0.0898995806246064	1.1765223567824	13799	0.544423380237884	2	1	1	-7.8266634280058
chr3	91373993	130021855	0.49890401153456	2447	0.0940636891493814	1.02758101256059	88041	0.428648116338707	2	1	1	-7.38806329685959
chr3	130083201	130108059	0.0855674168244743	30	0.172913851382704	0.934229654486274	113	0.428527036101619	2	2	0	-6.87650393357686
chr3	130121567	143045167	0.498900229950944	1048	0.0859686910072346	1.00164031949458	35606	0.390277299098621	2	1	1	-6.8606554376729
chr3	143050368	183587782	0.498889229757109	1986	0.0954607177860596	1.05954262815139	71674	0.443161208123824	2	1	1	-7.89042014804128
chr3	183641266	187012553	0.498843413481327	449	0.100574237897124	0.856491665605624	18085	0.343738613929152	2	1	1	-6.91942070616023
chr3	187131151	194363424	0.169235097097872	464	0.100563163526681	1.07984892471197	12603	0.430849969671597	2	2	0	-8.42808403686672
chr3	194367542	198113542	0.498800071110098	678	0.107972568729934	0.830127319951239	17852	0.349810837895103	2	1	1	-7.06046551857583
chr4	13970	8587428	0.49889066337477	1333	0.0977199692511206	0.92126332498257	37131	0.324818485126928	2	1	1	-6.7859315773288
chr4	8587479	9754867	0.429422027852522	192	0.128237855630505	0.872372024419446	2755	0.364834694577937	2	1	1	-6.94958424500144
chr4	9766424	38865953	0.498880267197571	1431	0.0957484414444211	1.07459831090365	42840	0.482343449204934	2	1	1	-7.66791915805852
chr4	38877691	40948941	0.498776567262926	298	0.108714221301036	0.792190405983122	9670	0.318554509227237	2	1	1	-7.12149025964534
chr4	40950493	49061855	0.498846524888768	480	0.0932629264353527	1.01775748506898	15780	0.398578817348753	2	1	1	-6.86582096338392
chr4	49107430	49157761	0.460924573981343	9	0.139807009838563	0.0588519129137994	42	0.085814969901722	2	1	1	-14.1306867121501
chr4	49157790	49609480	0.348215543950189	116	0.146799091408567	0.637491821512956	615	0.322329529708815	2	1	1	-7.70742442343334
chr4	49617005	49709781	0.104303533707176	9	0.130531073354627	0.298810730211017	40	0.344765081669333	1	1	0	-7.19352622037205
chr4	51819050	54636336	0.107555592202486	116	0.108095205898462	1.02415275451058	5669	0.448164610551888	2	2	0	-7.31930261137498
chr4	54648963	54867256	0.236386707388927	25	0.091044274943568	2.52281799718843	1028	0.751413943898763	4	3	1	-6.76469817999079
chr4	54876038	189732627	0.498922295371327	6244	0.0936430598190617	1.0556307548223	244808	0.452361663213301	2	1	1	-9.36034825880717
chr4	189757841	190179679	0.498529929994633	69	0.159703053250059	0.863835791863725	625	0.370900094019387	2	1	1	-6.75049294944467
chr5	44595	488195	0.345984315005284	23	0.106372509004614	1.5000100563888	3275	0.505903913960776	3	2	1	-6.74399573075018
chr5	491711	796859	0.386462391001763	58	0.174353070937774	0.470765650022682	954	0.173851495943824	1	1	0	-8.78705953629818
chr5	801038	1225561	0.0183497135066526	96	0.102294612366919	0.440158432946013	1635	0.154621150077473	1	1	0	-6.8172605889521
chr5	1233934	1377819	0.235372048329962	30	0.0838581245764014	1.59621196254398	1585	0.707441464510094	4	3	1	-6.75660424919661
chr5	1393845	1466698	0.00202711158677749	14	0	0.404624750394465	275	0.127808345755891	1	1	0	-Inf
chr5	1489591	3384089	0.32576325931143	130	0.145965582117123	1.41348247866808	2735	0.661701348025958	3	2	1	-6.73492715028886
chr5	3524580	4143885	0.00611183430141171	24	0.0340887322537326	0.559461675215658	404	0.283162947028187	1	1	0	-6.87049044178915
chr5	4202431	12409478	0.295762520976527	629	0.116246274513806	1.72828226929666	18176	0.841718367242145	4	3	1	-6.88938959215491
chr5	12434562	13638374	0.155479145331187	79	0.103800246022476	3.83438401041214	2324	2.59118888418352	7	6	1	-6.74400198922677
chr5	13650357	16214692	0.338823712863463	265	0.098437162044398	1.63956018541604	8989	0.764341845056994	3	2	1	-6.78457184852231
chr5	16229251	17735091	0.169026431094594	299	0.0971228790163566	2.58795956510534	9162	1.40058583181816	6	5	1	-6.73787601023511
chr5	17736184	37284624	0.291466883413993	1449	0.114843412688012	1.73311883691763	45909	0.817905863635775	4	3	1	-6.96217361163758
chr5	37286074	37600256	0.498730702285487	59	0.101799900562474	0.715325880642276	1342	0.319697210334143	2	1	1	-6.88038594627495
chr5	37600332	45816754	0.241602262841984	581	0.108182677735959	2.11576662492275	26205	1.09243721296819	4	3	1	-6.78203012681159
chr5	49600535	50661572	0.498509450255819	9	0.21224808597488	0.918312983398435	397	0.427626411096315	2	1	1	-6.73763535960082
chr5	50750133	181288546	0.498925573477055	7386	0.097488295508556	0.999612160679929	301189	0.432047561111954	2	1	1	-7.5882144508148
chr6	160049	29866672	0.328106445948216	3461	0.105444561532584	1.48164745636086	109088	0.663377294586456	3	2	1	-6.788384189952
chr6	29871604	29874690	0.0221646961049115	10	0.0411090690183511	4.3701888316148	16	2.05222396438595	9	9	0	-6.90256907594544
chr6	29874725	30049294	0.286027125940461	295	0.115428482827062	1.56801247363905	1919	0.506583790477994	4	3	1	-6.80630094981694
chr6	30051855	32485632	0.327441953997764	977	0.106922116700507	1.33108920893045	33477	0.453992024593325	3	2	1	-6.76987876881493
chr6	32521989	32584222	0.177479192857363	31	0.155669065856117	0.378837688141814	88	0.322552957710344	1	1	0	-7.44497824312187
chr6	32618459	32822312	0.279583837488134	187	0.120783847411032	1.53389813005738	1266	0.525401491740478	4	3	1	-6.78948573172132
chr6	32822661	37587626	0.351679167559169	1120	0.100317923561511	1.36039276404935	40577	0.492145571836783	3	2	1	-6.78094419014605
chr6	37595470	41612335	0.331732218104398	413	0.103408009481508	1.50411671048003	15252	0.636766459149803	3	2	1	-6.74901243908518
chr6	41653200	44251328	0.323489327839648	588	0.100130612299744	1.22969279992813	24895	0.458558593619796	3	2	1	-6.90063352371754
chr6	44255555	58414703	0.333049596686272	1044	0.1035770259716	1.63378276599007	42485	0.708681621363739	3	2	1	-7.0239291875506
chr6	60281479	170736935	0.000612800025228344	3986	0.0314881648260971	0.5145531867906	139377	0.225501265489882	1	1	0	-10.591564197222
chr7	37991	413634	0.499028816670039	73	0.104195774928437	1.85349596670404	1373	0.626446897801989	4	2	2	-6.73350440415985
chr7	430570	705910	0.265788873722304	122	0.119255783130433	2.96561338248741	2512	1.59671295511504	8	6	2	-6.74758408580618
chr7	715957	1773126	0.320351641504953	432	0.113003992002376	2.5451997669854	13483	1.04527889057606	6	4	2	-6.74866603146603
chr7	1776476	3427285	0.498817838997116	435	0.105707333130474	1.92451901949603	13566	0.931983654006026	4	2	2	-6.73322993185867
chr7	3464299	5231042	-0.000388811415169998	260	0.0269338639343304	0.82557018707523	6768	0.348719772436935	2	2	0	-6.90568746268588
chr7	5235906	5367749	0.497365862526982	70	0.0890185513501093	1.47885549500171	1535	0.569015319348862	4	2	2	-6.7491446246479
chr7	5377790	5732595	0.00360745781643779	83	0.0010976425998969	0.867670054338248	2370	0.478618045285729	2	2	0	-10.1930404361821
chr7	5771669	5840988	0.032541036480542	33	0.120758547912516	1.92054925728692	744	0.93554159654744	4	4	0	-6.77628880532489
chr7	5841223	6120458	0.269313316423232	204	0.12543855291082	2.51376488754737	4894	1.31506684621943	7	5	2	-6.75096548370002
chr7	6120764	6254610	0.229923748695843	75	0.093054894193338	3.81666852242676	2650	1.93406109812724	9	7	2	-6.73742440447662
chr7	6255908	6295555	0.383591529144943	23	0.119544292815107	2.50815656104471	424	1.45881377302777	8	5	3	-6.73807775162946
chr7	6296610	6337402	0.000679443956714598	11	0	0.744734723426515	326	0.307899846430308	1	1	0	-Inf
chr7	6339547	6624672	0.498934077668701	126	0.107260755408461	1.49064248394406	4018	0.655667959034421	4	2	2	-6.75687921512406
chr7	6628948	6814881	0.265913554875064	80	0.119837439998176	2.27347312561571	2352	1.14119481605883	4	3	1	-6.74627730051403
chr7	6816709	7078614	0.00730447097953468	68	0.146989843347797	0.92437826144919	721	0.503759202963124	2	2	0	-6.73505667857341
chr7	7079269	8078014	0.000556985355042339	77	0.0115405907914983	1.11658210573792	2594	0.4412211297274	2	2	0	-6.81146459952208
chr7	8086564	9156631	0.498789187123821	81	0.0894267856964567	2.3112647839968	1977	1.55330838077924	4	2	2	-6.74309647326072
chr7	9156743	10048629	0.28157633009926	94	0.130367165797591	3.81098874419769	1658	1.89633674406183	7	5	2	-6.73630791872838
chr7	10056202	11736422	0.498803520548331	122	0.0891186610871308	2.27453945424595	3991	1.17075611552142	4	2	2	-6.75624212591143
chr7	11769292	19617082	0.00163707280168324	477	0.038560439818322	1.21676184744236	12010	0.588854055752631	3	3	0	-7.06429863793516
chr7	19668321	19935419	0.499410928106659	10	0.064472302407916	2.20500961867569	559	1.10446403672553	4	2	2	-6.73589939128869
chr7	19962665	20263641	0.0160799291483583	9	0.127606273792126	1.13384655736372	388	0.51656299903118	2	2	0	-6.76309420560059
chr7	20263698	25595781	0.498868374568309	713	0.108864748452958	1.99172888784181	22905	0.959749455389316	4	2	2	-6.74005859400703
chr7	25689798	34085808	4.37903612526824e-06	636	0.0380505512255905	1.05411764348601	21459	0.432740603041507	2	2	0	-6.99886832727445
chr7	34111777	34248434	0.499439657053704	13	0.0753320853084731	2.50698359072775	274	2.14966219932061	6	3	3	-6.73336547262182
chr7	34440733	51348465	0.00177166452827787	1145	0.0556755461277224	1.01191960652064	41520	0.452377015975115	2	2	0	-6.91149217033976
chr7	51359789	55664346	0.498850701924289	413	0.10192116284151	2.0921789032507	9864	1.1736070709531	4	2	2	-6.74963163747007
chr7	55664482	57652084	0.498816889364221	425	0.11181296357547	1.56144500800203	11785	0.725929640981385	4	2	2	-6.82104242054585
chr7	57672895	57714778	0.019312942162102	13	0.0453093356543207	1.8144311710048	67	0.77762831133678	4	4	0	-6.84020490808904
chr7	57727033	58091617	0.498603604294361	33	0.143978066774496	1.81687761422372	427	0.803353546457349	4	2	2	-6.73383734760529
chr7	60958177	76611899	0.332819810426815	2308	0.119852219859726	1.17455104080654	67047	0.546109888211108	3	2	1	-7.74621916431341
chr7	76618351	77965746	0.322986351325695	191	0.107853089153259	1.39806634551603	5880	0.616727683707206	3	2	1	-6.73952254470176
chr7	77978887	97744913	0.3352507924344	1248	0.108939067352425	1.66672060281497	48067	0.724917470503228	3	2	1	-7.22772088983083
chr7	97752825	100951903	0.333248837663289	607	0.0978693396165243	1.21927398258411	33475	0.454505585456796	3	2	1	-6.95717194966902
chr7	100951933	101004395	0.170284955429379	200	0.147066697342861	0.880069876106986	1842	0.252079793931131	4	3	1	-7.18587972196762
chr7	101004538	102861969	0.325086416050114	506	0.106948357683548	1.06895422806729	15166	0.451125550167934	3	2	1	-7.16457933037738
chr7	102864659	128048098	0.332303936618965	1698	0.103593570587966	1.59767745175266	65640	0.781479375823345	3	2	1	-7.02859461029531
chr7	128074439	138047463	0.339295660765336	1077	0.101267886696953	1.43454076066878	42469	0.617880713918353	3	2	1	-6.73540243365446
chr7	138081867	140998751	0.344183325503068	653	0.109371497694482	1.23482974304548	17546	0.526742953329167	3	2	1	-6.86972569822343
chr7	141000438	152323834	0.334322424846009	1288	0.104644910448111	1.46073402667794	53546	0.557479046040299	3	2	1	-6.74405385693449
chr7	152379854	152410518	0.173608237369462	101	0.139467015157103	0.691561830559693	336	0.460570257902596	5	4	1	-6.88412856319599
chr7	152410761	152729301	0.305625152502308	76	0.138147103772398	1.14950806185509	2017	0.49637941954234	3	2	1	-6.79343688126171
chr7	152729326	159261057	0.334400152364585	793	0.113540185407392	1.43206452607754	19781	0.623424939922498	3	2	1	-6.73315086376973
chr8	213654	43500515	0.498906677518258	4028	0.0962456072407088	0.957497466865392	109314	0.404271050150819	2	1	1	-6.73793823729596
chr8	45952307	140183554	0.498907876482805	4245	0.0929459882962612	1.03530971671433	168997	0.454901446999339	2	1	1	-8.21216425760051
chr8	140229632	145003393	0.498891275379002	734	0.103534154691143	0.91862239868768	28604	0.29344326778139	2	1	1	-6.77574044743076
chr9	69434	33677434	0.000253506502250533	1500	0.0226365788645432	0.515906342696615	37499	0.234100593006114	1	1	0	-8.4800434263374
chr9	33737204	39042342	0.498849823148527	629	0.09383571332093	0.916884762489406	26941	0.340303145722662	2	1	1	-6.7721905951459
chr9	39042522	42975633	0.31160419453409	461	0.139111947182514	0.957483452547481	4416	0.42443453550751	2	1	1	-7.67086932365551
chr9	43110489	65652606	0.309789072190778	156	0.149354559521826	0.959591283529361	2537	0.45282668805781	2	1	1	-7.57978823043245
chr9	65658031	96727038	0.498896796816003	1990	0.097296440535626	0.978852784612636	71609	0.426779468041732	2	1	1	-6.80993159859564
chr9	96734675	98359193	0.25062138824741	254	0.104926262101847	1.87717046139191	11517	0.792138309717069	4	3	1	-6.73337435597533
chr9	98371236	138176464	0.498913030086118	3996	0.0971721849870743	0.92504258275025	155329	0.369560168924587	2	1	1	-6.87636624634341
chr10	47588	38634516	0.498886870881553	3445	0.0984579278485592	0.946593805846776	98053	0.418619690278827	2	1	1	-6.73775974817668
chr10	38638124	39131354	0.329936256701581	81	0.1421010204045	0.710839076279284	391	0.274157396013143	2	1	1	-7.80767340318558
chr10	41859953	42067576	0.0888749435841716	9	0.0569188018145147	0.266827016670758	36	0.1811362264697	1	1	0	-8.98573395008029
chr10	42070183	42409983	0.321822530514992	46	0.147715788276948	0.680083177801658	661	0.34415505524955	3	2	1	-7.56034982971711
chr10	42411753	67074605	0.498875927096524	1415	0.0995209137067816	1.02705566628184	44772	0.451148919938327	2	1	1	-7.12269120342851
chr10	67109837	75422261	0.498878507525843	1004	0.0910219067891957	0.867672426835424	38003	0.353481274775205	2	1	1	-7.05984564446123
chr10	75467672	91658970	0.326935329180812	888	0.108398492548664	1.53864153019079	43918	0.719788581061428	3	2	1	-6.83711116895892
chr10	91686498	103644209	0.336297222707825	1638	0.103623970736837	1.36383435979879	75730	0.569721794924374	3	2	1	-6.78036732389826
chr10	103672006	131153015	0.326370705188241	2387	0.10571807603158	1.5041499070927	87609	0.656701758853135	3	2	1	-6.83616545897206
chr10	131153096	133787106	0.334163258286858	386	0.109697459537717	1.36883882812442	12068	0.471950827517121	3	2	1	-6.74588535167112
chr11	198665	997658	0.498869423667128	338	0.0882373024126241	0.889982373346722	9571	0.261995545681425	2	1	1	-6.76488017412973
chr11	1016665	1018385	0.401047062400681	30	0.129780167799333	0.578261445604311	136	0.101411297998082	5	3	2	-6.92756441217262
chr11	1019375	50553118	0.498921340167721	4090	0.0927288806199948	0.982681619643401	139041	0.397267514132763	2	1	1	-6.91413317193309
chr11	54591430	56700571	0.48467811261861	127	0.0874264952745476	1.01044932294807	4968	0.315755174307086	2	1	1	-6.79577112585122
chr11	56700635	56740404	0.0959485672123243	22	0.123970705937878	0.725913008927937	97	0.534984325291461	8	7	1	-6.98656599588307
chr11	56740556	78142656	0.498920377986724	2599	0.093384821331369	0.909520567421224	125635	0.329325137501818	2	1	1	-6.97262545480449
chr11	78158225	124238468	0.498901106544369	2233	0.094769383312331	0.993837779006205	107706	0.427940031195038	2	1	1	-6.99726233446665
chr11	124238663	124274783	0.154291934219899	14	0.0989035771972762	0.74623703958184	144	0.248015498409751	5	4	1	-7.29871271631001
chr11	124309760	135064783	0.498870739373932	574	0.0991872258567011	0.996529316958145	25672	0.396141071453978	2	1	1	-6.81694849236311
chr12	16965	7618555	0.331625786412978	1356	0.106103484923415	1.38924684240311	47653	0.509006221670742	3	2	1	-6.74671580285737
chr12	7628425	7992962	0.410259198992184	121	0.111398977694613	0.965048870031775	2966	0.431935390852202	2	1	1	-7.09933960294912
chr12	8000486	30900774	0.330727829185354	2289	0.104376776269223	1.55953373501901	78536	0.698512680483707	3	2	1	-6.94331740312806
chr12	30906853	34614483	0.355920700181774	613	0.106372620525321	1.31601943224723	14065	0.584369189486398	3	2	1	-6.80334835991601
chr12	37418138	94478061	0.330291407368947	4712	0.102885639165245	1.4608149626578	221074	0.638439478747902	3	2	1	-6.77569315459078
chr12	94482127	133224747	0.329275186876124	4083	0.106475320539603	1.31059008962044	195685	0.577714372989654	3	2	1	-7.20969183060371
chr13	18177561	18587761	0.498387942519733	68	0.181693694912211	0.798791148455247	797	0.360847487461484	2	1	1	-6.79087203103753
chr13	18691666	101653813	0.498905601295022	4546	0.0999979941661914	1.047380251319	154916	0.462942266782153	2	1	1	-8.32896772958753
chr13	101679186	110019383	0.499022407618907	431	0.0914418863118893	1.14135400294592	11808	0.478335480504723	2	1	1	-7.37665739381451
chr13	110051503	114331576	0.498880195739445	488	0.109083950364007	0.991001650682711	14701	0.356003908782606	2	1	1	-6.76519328461364
chr14	16057734	16099236	0.149134942289247	3	0.247683265482349	0.648886745655071	8	0.100112793530954	1	1	0	-7.17219694423661
chr14	18330642	19936577	0.310475437644825	162	0.111716453163903	0.969814128119588	2801	0.361375336040654	3	2	1	-7.69956500372246
chr14	19975490	21904458	0.498874388085663	399	0.105634372231381	0.905455374522537	12557	0.331481741867556	2	1	1	-6.75970263225995
chr14	21904597	22515608	0.225931309700202	72	0.0655491295158196	1.41296458346982	2738	0.448758514141888	4	3	1	-6.97083430626587
chr14	22515831	24442802	0.498893003436305	495	0.0950892344897503	0.955418131567885	19959	0.288373711863552	2	1	1	-6.73326631095981
chr14	24442963	34359033	0.49887610881103	446	0.0918495887535683	1.05362129623707	15801	0.504445709065491	2	1	1	-6.96341510036566
chr14	34374273	63064335	0.498892445641946	1820	0.0950089529448644	0.994230445392277	62101	0.453697234555064	2	1	1	-6.88499465895964
chr14	63086086	77958440	0.498877637164053	974	0.0934576593845485	0.904617356562104	59461	0.365139633281047	2	1	1	-6.90424376206585
chr14	77970993	105108951	0.498896557264813	1971	0.0967686762320806	0.950451408767405	75876	0.405224455568757	2	1	1	-6.73345452215126
chr14	105113311	106638951	0.498765245863666	421	0.122059820518843	1.00061237345836	9383	0.284249244909888	2	1	1	-6.76079023619907
chr14	106639148	106643616	0.0623355949971159	24	0.0964566434102442	0.738382048374756	87	0.199819568437378	2	2	0	-6.9780403218122
chr14	106644803	106878743	0.499021313494321	59	0.0998017614266857	1.20200014510784	1263	0.349882365339045	2	1	1	-6.79466415569901
chr15	19841981	22234241	0.346375920107913	294	0.131746803135859	0.785997553818083	3862	0.345071302354552	2	1	1	-7.86844808659137
chr15	22234318	45414541	0.498887775936906	1738	0.100852619809076	0.921475561772283	85628	0.371741701921041	2	1	1	-6.83966806380976
chr15	45424227	91206396	0.498907836929337	3163	0.0994875542500309	0.94658749861881	158094	0.384517988783019	2	1	1	-6.73965839331518
chr15	91219057	101980762	0.498847188416007	947	0.101530026994352	1.04122794379764	22393	0.423966032377046	2	1	1	-7.0069947744937
chr16	11641	33958558	0.498912186422481	4591	0.0980021158040082	0.858764004867828	159157	0.327498582839507	2	1	1	-8.28170668301418
chr16	34064776	34163345	0.055296788595869	12	0.114083800937572	0.734039661381796	170	0.205147148635091	2	2	0	-6.96447693782377
chr16	34163346	36100344	0.498557657204156	50	0.136193805487112	0.868655526546425	1760	0.44346647122822	2	1	1	-6.78255449604133
chr16	46386441	46455290	0.38957555867181	56	0.0975764086215542	0.475163790742801	625	0.214393530602261	2	1	1	-7.8227445013337
chr16	46506166	58973801	0.498901702540323	1114	0.0945710784716816	0.93692028205103	43738	0.381247862105735	2	1	1	-6.74660197441637
chr16	58998615	66438149	0.498782872364313	197	0.10670155989524	1.14210497473989	7464	0.536494065542041	2	1	1	-7.20641831757556
chr16	66443907	70124034	0.498832509671564	249	0.0914981349499179	0.824282773699412	28303	0.287229701116817	2	1	1	-7.24425280638952
chr16	70124077	70680681	0.257691153690191	62	0.14736231193327	0.705966768588499	4861	0.331805787162291	3	2	1	-8.10776163803353
chr16	70692892	74353782	0.00174510313000409	182	0.0482303949549532	0.447353846986843	8938	0.195768792326574	1	1	0	-6.94846877016046
chr16	74359817	74418173	0.498461616664883	36	0.186194647681927	0.39595485421311	385	0.157855489783415	2	1	1	-7.65697904340268
chr16	74423310	90106232	0.00156603614476275	1825	0.040627989273121	0.445685554120731	36113	0.187490300166318	1	1	0	-7.72015141140785
chr17	132172	21270186	0.498897571210241	3035	0.103081399851298	0.858509157305267	117927	0.323682919724055	2	1	1	-7.81276081812463
chr17	21290766	21339843	0.347360132633743	150	0.144607747463261	0.797837272498528	619	0.302377173231095	3	2	1	-6.84595421264609
chr17	21340043	25074523	0.396751019741969	305	0.161328969332814	0.856513297495401	2472	0.428178075805918	2	1	1	-7.10335245619869
chr17	25920162	26982170	0.294354598438272	17	0.130232512656944	0.562350652915507	202	0.309131032885462	1	1	0	-9.02418671143955
chr17	27000484	46161124	0.498906855939199	3030	0.100513501425251	0.849274322381327	114118	0.331053239516745	2	1	1	-7.86390738930088
chr17	46165271	46503013	0.324918287998638	266	0.1227424430268	0.790367263878045	1588	0.316719838177514	3	2	1	-7.37104806882646
chr17	46516163	64913361	0.498895636940315	1900	0.0974943011256285	0.883720851935894	77584	0.367934859572351	2	1	1	-7.15636871168579
chr17	64919373	64922362	0.498181028703893	27	0.166983724064844	0.68826180025523	75	0.377585692201062	2	1	1	-6.73442632361047
chr17	64926306	68299960	0.49882019021434	461	0.105892154133736	0.867877741645176	13148	0.389023102252875	2	1	1	-6.84602882641223
chr17	68326389	72840864	0.498837286867405	283	0.0890148001121138	1.04605075106028	9850	0.421043916616055	2	1	1	-6.865107888607
chr17	72846351	83135542	0.498902855549768	1994	0.0980914777731843	0.888230350296751	70276	0.323511683444962	2	1	1	-7.00586415844212
chr18	35847	93641	0.499086691695222	19	0.0785870843368133	1.06653004578581	217	0.396902254034356	2	1	1	-6.73593805159545
chr18	108128	110425	0.104746702599205	9	0.120604495954523	0.124029965715545	57	0.0693645476896554	1	1	0	-7.63265241929489
chr18	117394	15379023	0.498882434199546	1546	0.0995444658868417	0.981793296371129	39692	0.436190216299144	2	1	1	-6.7777590843329
chr18	20941007	22287595	0.498704103152849	106	0.13234586756403	0.815688856253557	5284	0.352797659597148	2	1	1	-6.88469172195748
chr18	22308042	80250865	0.498896416675313	3105	0.0966424075720133	1.03611986860492	104940	0.454686537683606	2	1	1	-7.74163439005121
chr19	107329	861102	0.498839999416023	227	0.10342629642151	0.800089500228786	5277	0.281617823219058	2	1	1	-6.9011281083435
chr19	861157	879855	0.498226426536923	23	0.168803262711289	0.605260758542482	267	0.277714856198554	2	1	1	-6.76281773913204
chr19	880126	24394204	0.498915557117103	5027	0.104662002250659	0.789280143179978	191066	0.29525849358011	2	1	1	-9.92750987672233
chr19	27392127	32391316	0.434550978659035	115	0.0896120420356729	0.944688481845057	7295	0.410298950136298	2	1	1	-7.03826349851157
chr19	32399876	51088782	0.498911524974285	3730	0.100917656611136	0.816235356235838	151858	0.301552462150841	2	1	1	-8.77655731961479
chr19	51091894	52266990	0.498866335391342	303	0.0808156468502108	0.855912200062169	7978	0.292100489371855	2	1	1	-6.82567734617216
chr19	52267821	58599150	0.498888767776869	2109	0.109472440202914	0.801795568125175	54701	0.300424468525218	2	1	1	-7.77413219845547
chr20	87623	25773465	0.498897243264696	2026	0.0971842370283321	0.971188160951771	64596	0.41736920082185	2	1	1	-6.76729195786376
chr20	25773589	26168423	0.49826173490614	46	0.184351863733014	0.904815669581721	527	0.447039150844923	2	1	1	-6.73617395754235
chr20	28559257	31247355	0.498650429262661	741	0.166502211634536	0.783391727048144	3567	0.384091729642396	2	1	1	-7.12304576938207
chr20	31248651	37254007	0.498877369765286	965	0.102942230763012	0.809938702717867	36666	0.317894477376854	2	1	1	-7.54622633172877
chr20	37257234	64327831	0.498904729187767	2764	0.0987519580481878	0.92172980614487	94087	0.372815251492503	2	1	1	-6.85446596633504
chr21	5034010	10372303	0.495794046994485	295	0.163180044781443	0.767752257001482	2436	0.371117355079319	2	1	1	-7.654707487883
chr21	10372482	10431003	0.484776642556239	310	0.163311885862266	0.478732544990473	943	0.215477253469397	2	1	1	-7.07609341516622
chr21	10431130	10739746	0.390378099627584	221	0.150660111611432	0.631689398267158	1696	0.233222815501749	2	1	1	-7.55968390938043
chr21	13000242	13079168	0.00196969611263892	23	0.197462069204958	0.647202418520457	184	0.267309216753942	1	1	0	-6.79491031692879
chr21	13099253	23453144	0.000127245539277676	376	0.0560660469180883	0.562978303868914	8103	0.261741231986035	1	1	0	-8.57675091561226
chr21	23556204	43028608	0.498892880717761	1705	0.098704314921069	0.969454472305368	52558	0.420216128270919	2	1	1	-6.75429243241344
chr21	43066168	43317427	0.497735376250238	9	0.168086122105439	0.727521974561093	156	0.378681860140327	2	1	1	-6.80835268126916
chr21	43327329	46661749	0.498862996986454	600	0.101915296209932	0.91788310404095	17044	0.304438005005232	2	1	1	-6.76209679443842
chr22	10679289	11068208	0.407513755859374	490	0.147157790993567	0.63364282569663	1825	0.276978751931026	2	1	1	-7.42756657996861
chr22	11253680	12797360	0.498580577315267	264	0.164877240809073	0.801942644117018	1570	0.312848464052317	2	1	1	-7.00004763592288
chr22	15350241	16553787	0.498631669288714	127	0.140197957159158	0.83902244196728	1122	0.366752456883648	2	1	1	-6.81788287114875
chr22	16553915	50808263	0.498917869233659	5020	0.101320415501595	0.867150094342367	165444	0.341391907793629	2	1	1	-7.97919938374995
chrX	279402	3089439	0.000795342804245591	521	0.0675127292490829	0.375448514998665	7154	0.182120296275477	1	1	0	-8.74593922502795
chrX	3093040	57977737	0.00112123701108846	1666	0.0208621060280142	0.489543375034497	83994	0.214529858372429	1	1	0	-7.24273251346614
chrX	63299790	155996516	0.0013809034421545	2327	0.0436087402310811	0.497463902230814	113416	0.207977084874025	1	1	0	-8.53776595804612
chrY	11185998	11333215	0.101441442656048	20	0.127825909571944	0.10184563235999	57	0.105059071580246	1	1	0	-13.0708202223616
chrY	11343635	56837194	0.100257234989755	87	0.156762124057952	0.418284674871491	215	0.37791662596278	1	1	0	-9.14917158908832
chrY	56854907	56886905	0.481350044960238	112	0.143684791040385	0.764163676220863	368	0.277703419475145	2	1	1	-6.75514897729383
