chromosome	start.pos	end.pos	Bf	N.BAF	sd.BAF	depth.ratio	N.ratio	sd.ratio	CNt	A	B	LPP
chr1	13273	202217	0.0784026275555751	9	0.124079723475586	0.860126155251558	148	0.340841280642199	2	2	0	-6.96648028343658
chr1	770072	16509896	0.498902188131921	2482	0.0979557426485144	0.924870621059154	79695	0.3098198729977	2	1	1	-6.76251325474013
chr1	16510071	16960032	0.358332840512281	231	0.121445926107841	0.895501163986646	3020	0.280164987110588	3	2	1	-7.31188775364281
chr1	16964604	123177111	0.498926011706874	7557	0.0984109009648768	0.914757169444749	305083	0.31934482434721	2	1	1	-6.75808443046172
chr1	123755777	143437162	0.137931020779665	25	0.127137812366476	1.20263801839122	800	1.1274158039378	3	3	0	-7.51011531468491
chr1	143595303	248945592	0.427032257442698	9217	0.0969229433332403	1.11263723670501	353559	0.381478812277778	2	1	1	-12.8573392555509
chr2	188171	90209947	0.498912538592545	5234	0.0981863300779878	0.958606273051964	206546	0.343369358127342	2	1	1	-7.80929273264129
chr2	90210549	92075324	0.498568733111004	158	0.143054169898246	0.871143205697119	1767	0.338577815258978	2	1	1	-6.7506809171592
chr2	94190317	95939051	0.498727157302527	69	0.101234439617681	0.934461756988052	4013	0.275881999923751	2	1	1	-6.74364421154795
chr2	95939089	95954051	0.38797623465807	59	0.146392289800898	0.775018108274502	191	0.23927907394366	3	2	1	-6.86510423389244
chr2	95957191	242183318	0.498928664788471	8700	0.0966900952844948	0.953007597290721	332830	0.328706688585547	2	1	1	-8.15354752763272
chr3	13142	2624934	0.498651066422935	145	0.139588592970043	0.920184527579256	2318	0.354425144241353	2	1	1	-6.73495773161307
chr3	2629435	75630060	0.498917357921681	4898	0.0966757228274199	0.965687193475199	207062	0.325504150390335	2	1	1	-7.95882035299426
chr3	75630786	75696622	0.20822507878577	41	0.160968747913618	0.758750204047976	262	0.348059851634697	4	3	1	-7.01233807590392
chr3	75698811	90303819	0.460957349019305	425	0.123146734434973	0.935285171063331	10913	0.370084778248333	2	1	1	-6.84436829653212
chr3	91404436	130021855	0.498899594294282	2229	0.0944888558225112	0.964206266479587	79684	0.326058579630625	2	1	1	-7.40910786709579
chr3	130083201	130108059	0.153719699868074	30	0.178570324857016	0.888307201591613	111	0.425416967494946	6	5	1	-6.83810663656037
chr3	130121567	195774150	0.498911442213001	3716	0.0980386847528995	0.96153700456483	131559	0.344232682331456	2	1	1	-7.6336779485493
chr3	195778965	195788578	0.322853574939031	61	0.118721748436892	0.756891877086545	318	0.218692242584072	3	2	1	-6.77918983225844
chr3	195791459	198113542	0.498977940473771	411	0.0970218124601414	0.992121917726181	12824	0.378276935487091	2	1	1	-6.80677045311439
chr4	13970	49061855	0.498902835979127	3417	0.103414813715543	0.905704392446751	97628	0.322044115926071	2	1	1	-6.73679188478279
chr4	49092775	49154222	0.0191365123213512	14	0.181568259800641	0.0612030402978013	70	0.0502632325520738	1	1	0	-15.8089437074916
chr4	49157695	49627391	0.471360424696959	119	0.160562335675769	0.709841972461295	653	0.311352114210407	2	1	1	-6.92475503719356
chr4	49627400	49711644	0.0606111802380181	9	0.216666666666667	0.354115593201037	39	0.364334495802016	1	1	0	-6.80324118464589
chr4	51819050	54636336	0.498783949357107	99	0.112004141190336	0.914085105583816	4848	0.323113161614484	2	1	1	-6.73360837212982
chr4	54649043	54830850	0.218289041928657	18	0.0726443795647877	1.99149130452414	755	0.591098027725592	5	4	1	-6.77625378408689
chr4	54867256	189588898	0.498903030879454	5323	0.0996707122632831	0.903224653974568	207340	0.32789359630723	2	1	1	-6.76327728179428
chr4	189642124	190179679	0.495602290001392	72	0.153333470478608	0.796105671566564	636	0.305386475098326	2	1	1	-6.79371480059591
chr5	44595	488195	0.335146601967451	22	0.0833741891190278	1.43450366887478	3016	0.532818903160702	3	2	1	-6.73573067796351
chr5	491711	796859	0.352349283426407	57	0.157220442512606	0.442312490604692	910	0.163691778057289	1	1	0	-8.8242798965532
chr5	801038	1225561	0.0106906980470188	93	0.124935917187411	0.435060632731912	1600	0.159757025729005	1	1	0	-6.75640954577198
chr5	1253629	1377819	0.257784490012301	29	0.0892103839854837	1.76634815858388	1414	0.624586920596944	4	3	1	-6.73775325111895
chr5	1393845	1466698	0.00201723472078708	13	0	0.444559728043144	283	0.127116639556458	1	1	0	-Inf
chr5	1489591	3384089	0.357410356162725	105	0.147184636481248	1.19395228958793	2374	0.549340848391269	3	2	1	-6.81471097337376
chr5	3524580	4095539	0.00245040535008989	19	0	0.423548775019256	318	0.216968722702954	1	1	0	-Inf
chr5	4202431	12486934	0.299122592724032	508	0.119538100031648	1.46848059761624	14663	0.651733663953014	3	2	1	-6.84551532031366
chr5	12512944	13638374	0.138609343569585	50	0.0920200599248415	2.54132315703243	1520	1.36183410863212	7	6	1	-6.75262646967651
chr5	13650357	16214692	0.343804557536223	219	0.107089171897607	1.37503203844457	7507	0.548296476304448	3	2	1	-6.73912580662376
chr5	16259179	17270188	0.161307123463036	264	0.0927653653494186	2.60933300008962	7660	1.31200234024601	6	5	1	-6.73571664830184
chr5	17271804	30480452	0.349094867450378	496	0.104169546841902	1.33362744916146	12785	0.618248015238969	3	2	1	-6.75687136743123
chr5	30495188	34544046	0.250689026059813	506	0.105167392794445	1.76456574540952	15676	0.680294232076592	4	3	1	-6.73771638028503
chr5	34549896	37287068	0.313050555499501	209	0.120498745024368	1.48295429072913	11229	0.569418112922947	3	2	1	-6.78551309412583
chr5	37292137	37604946	0.464601312578414	60	0.0917798812930671	0.906868144305899	1399	0.336773224986478	2	1	1	-6.82099129781505
chr5	37656989	44949180	0.246467140387519	471	0.104783861376239	1.79900981036308	20857	0.742463289675425	4	3	1	-6.73458296211301
chr5	44958572	45816754	0.373570453585433	11	0.106238753415469	0.992782781327739	693	0.563148855234859	3	2	1	-6.97702881461982
chr5	49600535	49666466	0.026884065048164	12	0.0961288198200727	0.0370748915285693	30	0.0460360803029013	1	1	0	-17.8523087137295
chr5	50273780	181288546	0.498920798102638	6526	0.100259849384042	0.907406542295057	268516	0.322911294215831	2	1	1	-6.7353596796427
chr6	160049	29830682	0.331737530399006	3093	0.107570937873215	1.3495454934024	96308	0.510760981461393	3	2	1	-6.74034292139838
chr6	29830840	29995088	0.283903199084254	246	0.117177252535197	1.275340341919	1331	0.437454494375969	3	2	1	-6.84024179829691
chr6	29995097	32485632	0.327330629405651	988	0.103248391790078	1.37120656233642	33622	0.381036546109216	3	2	1	-6.73538664124709
chr6	32521989	32584222	0.498170424289473	33	0.210484317057763	0.309468245737718	89	0.309533242796832	2	1	1	-7.15448581396404
chr6	32618459	32765482	0.268930857235365	162	0.124300692908349	1.32944910534797	920	0.370612325660258	4	3	1	-6.80916352768262
chr6	32765669	58414703	0.330012438666384	2947	0.103714455670452	1.3709542209612	115188	0.48159366380469	3	2	1	-6.73563290378874
chr6	60281479	170640200	-8.33755506704503e-05	3546	0.0350987253974661	0.454954377299346	125503	0.175280197523677	1	1	0	-6.73528264186417
chr7	37991	413634	0.498899974063114	71	0.103227256082831	1.67377796286732	1200	0.666137830170606	4	2	2	-6.73656390227386
chr7	430570	713375	0.247836556877023	117	0.110873682516642	3.10610724497535	2595	1.45327125692375	8	6	2	-6.73525027504074
chr7	715957	1773126	0.316818880148447	420	0.101807081169918	2.64747301719724	13702	1.14816417320891	6	4	2	-6.74919699935711
chr7	1776476	3403239	0.489670789734612	433	0.100268309699257	1.99787332439387	13477	0.947277314508024	4	2	2	-6.74906148032189
chr7	3586416	5231042	-0.000831467751795989	258	0.031936966855022	0.892534848071984	6642	0.349770281872669	2	2	0	-6.73612366187758
chr7	5235906	5367749	0.499189457102298	72	0.0746808336660612	1.79105084430384	1730	0.656687842863405	4	2	2	-6.73314119083809
chr7	5377790	5748531	0.000817294816642611	84	0.00995672650793787	0.949628031208555	2570	0.446152535673949	2	2	0	-6.73920777240492
chr7	5771669	5840988	0.000159749586863489	37	0.125531171726687	2.33470197225182	858	1.14836766628323	5	5	0	-6.73305373172969
chr7	5841223	6265394	0.246353118431082	306	0.1193162236396	3.48742012989302	8156	1.85511133592771	8	6	2	-6.73371878527101
chr7	6265448	6295555	0.499236889986561	18	0.0753343961403426	2.28439839968522	355	0.902148888644974	6	3	3	-6.73378717016018
chr7	6296610	6337402	-0.000844488821657441	18	0	0.951209488764853	380	0.350821373739885	1	1	0	-Inf
chr7	6339547	6620602	0.49882107203747	145	0.0968187606499541	1.87893137570749	4447	0.757438336751037	4	2	2	-6.73343854349179
chr7	6622968	6823843	0.282195130227532	101	0.137378810679676	2.70009382875282	2914	1.17145387984607	7	5	2	-6.73578593409593
chr7	6824929	8078014	0.00112530083018414	118	0.0493959228330131	0.871179066618983	2656	0.304534217904346	2	2	0	-6.74793154981482
chr7	8086564	9171060	0.499332216820988	63	0.0647168870823552	1.67596699738899	1469	0.693740415236149	4	2	2	-6.74202207738637
chr7	9188464	10048629	0.271969994200931	70	0.106668236272095	2.74564625185593	1167	1.15222015429324	7	5	2	-6.75139913415591
chr7	10056202	11636750	0.498836599794102	90	0.0811896725042558	1.72779471215387	3005	0.593775261233085	4	2	2	-6.74010492050649
chr7	11764261	19617082	1.01820559521015e-05	359	0.03335062920456	0.908220177797175	8992	0.400940277871636	2	2	0	-6.73305024725834
chr7	19729671	20284691	0.0241920372631577	15	0.217273516454217	1.09534044806108	559	1.02384792911192	2	2	0	-6.75148803788993
chr7	20301113	25595781	0.498870384211516	595	0.0974250997911763	1.7703359552658	19742	0.71007171014884	4	2	2	-6.73754679521566
chr7	25689798	26464739	7.47749144871523e-05	45	0	0.929154747208503	1652	0.401358859224319	1	1	0	-Inf
chr7	26464794	26543114	0.498760511355157	9	0.201013059277252	1.64420280710838	152	0.90948906979276	4	2	2	-6.73362581177846
chr7	26572000	34079243	0.00244241513922672	498	0.0114590004584374	0.874739587121679	16300	0.306784342427113	2	2	0	-6.82990536882101
chr7	34085808	34440733	0.498342839433494	9	0.149598165467064	1.56823479352306	320	1.51734766391544	4	2	2	-6.73512221306918
chr7	34456679	51348465	0.0017427253450138	966	0.0580416820958117	0.892220040826563	36195	0.323935725091234	2	2	0	-6.76683486516877
chr7	51359693	56246693	0.498874520233351	536	0.0910642898868327	1.7386742526659	14047	0.752847739594479	4	2	2	-6.74339064592746
chr7	56285850	58091617	0.498726206301016	313	0.136429413189829	1.87880390512286	7106	0.820432478106323	4	2	2	-6.73482602561527
chr7	60958177	100955413	0.333149392496261	4270	0.113480447375539	1.33820088963667	149813	0.506747661379901	3	2	1	-6.76555602972813
chr7	100955962	100958510	0.0999082899757073	26	0.142233702594871	0.728903889054005	193	0.361463140369602	9	8	1	-6.7713612260794
chr7	100958568	100974764	0.386716094319086	126	0.148140838393739	1.08689467211427	788	0.284576720847717	5	3	2	-6.80242191292418
chr7	100975964	152236248	0.332693043115803	4644	0.104936623822869	1.32333401976936	174377	0.470330657711454	3	2	1	-6.85466948892674
chr7	152241349	152416418	0.25200346413691	120	0.150002763746715	1.15794023957615	1211	0.536986001683902	4	3	1	-6.80635429480205
chr7	152429815	159261057	0.34685420766223	806	0.118455884934242	1.32689954717665	19944	0.51970007300535	3	2	1	-6.75203276319388
chr8	213654	43500515	0.314467416239132	3024	0.120327015635813	0.663113644941781	80907	0.244062908620985	2	1	1	-16.1139459632495
chr8	45952307	145003393	0.393263685883805	5083	0.101946326812556	1.15116549996607	206120	0.428734740962656	3	2	1	-11.1573291613631
chr9	69434	33677434	1.07676141605784e-05	1368	0.0181812594314575	0.449983102385768	33549	0.173930900970704	1	1	0	-6.79850429448956
chr9	33737204	39049115	0.498870856116755	614	0.101051611305645	0.905646023393788	25930	0.311863819656583	2	1	1	-6.73354692891176
chr9	39055109	42975633	0.372896970889929	417	0.14388876117544	0.871072362596105	3963	0.337916103905358	2	1	1	-7.20522890729031
chr9	43110489	64499829	0.308192336350044	112	0.151740112613843	0.846497659476236	1746	0.342857565545578	2	1	1	-8.07305985777703
chr9	64499877	96727038	0.49886792929186	1784	0.101257643872801	0.906701233677188	64843	0.33536502164382	2	1	1	-6.73418722820727
chr9	96746577	98430157	0.237241582620011	245	0.103872125395887	1.83800347411229	11141	0.734818961362242	4	3	1	-6.74229308211272
chr9	98447306	138148979	0.498914364560171	3763	0.0971147132194298	0.911028345930648	147398	0.306611841467004	2	1	1	-6.73438893195087
chr9	138152304	138176464	0.237117844539225	15	0.0503483106067361	0.702686893122851	95	0.293633190589724	4	3	1	-6.92024562518351
chr10	47588	38646805	0.498889678116676	3121	0.101326394496408	0.909656421824904	90202	0.342567501745571	2	1	1	-6.73321114771578
chr10	38649759	39131354	0.321827689104358	71	0.14475969958432	0.76430540069575	364	0.34861249724566	3	2	1	-7.44329031947512
chr10	41860304	42286998	0.36827054675135	52	0.149771785921849	0.88202943971688	599	0.35896854117647	3	2	1	-7.12056218747986
chr10	42337130	75467672	0.498898994762978	2175	0.10026939687242	0.905979008796451	76728	0.324869140260882	2	1	1	-6.7351603807299
chr10	75504283	133597485	0.331976996010288	4714	0.10594813566797	1.35996264820441	198281	0.488344239377697	3	2	1	-6.73409708385023
chr10	133622304	133787106	0.0558968137576168	10	0.141925802211343	1.164711635379	177	0.445394543418109	3	3	0	-6.83703228749255
chr11	198665	866499	0.498880832796092	321	0.0933303433961451	0.912944706985184	8638	0.250094215041592	2	1	1	-6.73323737947043
chr11	910819	1018385	0.339159657659176	43	0.123854798349507	0.843639707452173	1088	0.286039878432269	3	2	1	-6.91085128118438
chr11	1019375	50553118	0.498920612106265	3695	0.0942007433490778	0.895558423332051	125514	0.299341205155967	2	1	1	-6.80561487691009
chr11	54591430	56700571	0.499099179799805	121	0.0846854168951818	0.851416004639487	4343	0.226206953470292	2	1	1	-6.83712231097015
chr11	56700635	56701244	0.0986442852888477	17	0.0863003050229767	0.575154084693054	47	0.0499961885688835	8	7	1	-7.24840284574269
chr11	56701339	124238468	0.498925042789429	4512	0.0935955371903059	0.90512749642979	217512	0.298998969119899	2	1	1	-6.7412720854645
chr11	124238663	124274783	0.148242356931263	14	0.114372823944951	0.603822745471663	134	0.220154999034873	5	4	1	-7.5510714070648
chr11	124309760	135028117	0.496570336435697	495	0.101298086814828	0.890620200486334	22512	0.295013707531368	2	1	1	-6.76432479745282
chr12	22477	14027711	0.498886959047872	1824	0.100704569896709	0.867265043495981	56552	0.288047020477481	2	1	1	-6.94868068449851
chr12	14093696	34523014	0.498848223494563	1486	0.0989863785439672	1.1189745458191	46918	0.410607757393068	2	1	1	-8.88210975647839
chr12	37323776	49379923	0.404054584694279	1062	0.0933415389505468	1.6026718600372	46361	0.553815442623211	3	2	1	-7.61952182743232
chr12	49408890	133224747	0.322032139672019	7235	0.10569214768487	1.41646857485886	361162	0.513623882137644	3	2	1	-7.00503104884115
chr13	18177561	18587761	0.498422678227251	69	0.162889823589922	0.79484381316167	808	0.35151327917	2	1	1	-6.76873403541524
chr13	18693562	114325598	0.498901635923077	4702	0.101590282524044	0.928118605808383	156277	0.340253479943882	2	1	1	-6.94092219221583
chr14	16057734	16402218	0.445645568711216	6	0.121864542286371	0.867688390226007	32	0.37441596994304	2	1	1	-6.85326334107642
chr14	18330642	19855311	0.317978470367724	145	0.113147990350278	0.864366988353922	2158	0.303652875478087	2	1	1	-8.00941317940729
chr14	19865971	105209711	0.498920377256974	5674	0.0961515779674859	0.918594854238969	231136	0.32272645857074	2	1	1	-6.78705590117145
chr14	105211929	106639148	0.498792145090473	389	0.122951007327066	0.878379557461156	7920	0.255748810852958	2	1	1	-6.74840086019541
chr14	106639151	106643810	0.0593140895240808	23	0.0787289089643656	0.668387108649372	76	0.343945837229306	15	14	1	-6.86307039161355
chr14	106652206	106878743	0.478761451276626	53	0.0740858120504177	0.826991632584929	1006	0.209798804542793	2	1	1	-6.80940562684127
chr15	19874598	22584399	0.357085299259409	324	0.127029164638404	0.866565227243182	4439	0.297241913919123	2	1	1	-7.45173766604272
chr15	22608045	101980762	0.49890881017427	5231	0.100975069169468	0.914019990398961	248345	0.314803856614166	2	1	1	-6.74775945375457
chr16	11641	33958558	0.498916233509075	4642	0.101338715418895	0.9194508244528	161527	0.316371609536842	2	1	1	-6.75967811484239
chr16	34098208	34163313	0.0384446260294148	12	0.0826681482027554	0.774077743077864	149	0.261576430001038	2	2	0	-6.87476161972088
chr16	34163345	36100342	0.498562152220008	60	0.13091133843588	0.853894644294416	1775	0.312274072131977	2	1	1	-6.77932130836449
chr16	46386441	47973995	0.498632826076195	91	0.119728706356342	0.910497605842273	5726	0.358173411452517	2	1	1	-6.73312863502869
chr16	48088671	69930471	0.498888031054588	1417	0.0929349586991319	0.91883932992832	70159	0.319639411928588	2	1	1	-6.74800874532689
chr16	69932071	70680681	0.302581422357146	73	0.151290324133965	0.875180818853118	6365	0.316357788921076	3	2	1	-7.53107120545347
chr16	70692892	90106232	-0.000467878801650945	1989	0.0571503781513635	0.460084007648915	44455	0.172289992471622	1	1	0	-6.79123159864555
chr17	138189	21290834	0.498906025618569	3103	0.10071862631626	0.918249848040586	119402	0.309278817676278	2	1	1	-6.7467308452776
chr17	21290855	25074523	0.215675961906309	430	0.154833815296944	0.803838599645978	2935	0.307311926722509	2	2	0	-8.05962309132197
chr17	25920162	26964961	0.192045220940015	17	0.129448717986063	0.777468177889475	203	0.281327657441177	2	2	0	-8.01482461946997
chr17	26982170	34394610	0.49885005445157	616	0.0931638336605651	0.927352297745009	35721	0.324508163183129	2	1	1	-6.7499858694408
chr17	34431417	83114337	0.345412267517229	8834	0.105575062140636	1.31242260220047	322894	0.466898032003445	3	2	1	-6.92988660356376
chr17	83114471	83135542	0.488576352311492	22	0.187971513914449	1.02063344819215	80	0.425221266117098	2	1	1	-6.73618331871299
chr18	47492	2719670	0.332083475615067	223	0.121732985867016	0.661246668622538	4624	0.263825676813194	2	1	1	-9.42592360515585
chr18	2719989	15350708	0.49885397594303	1155	0.107664334563985	0.920508101232808	30758	0.332601333030232	2	1	1	-6.74395981908106
chr18	20941007	80250865	0.498885708325237	2726	0.100384965821688	0.910394005649862	95199	0.33653928610781	2	1	1	-6.73386329029497
chr19	107329	876882	0.498831741285459	244	0.113565666221901	0.909386580172749	5755	0.297713643966137	2	1	1	-6.73309426200962
chr19	877808	879735	0.254099210744574	19	0.170555919385482	0.254698082734886	62	0.148572738214165	4	3	1	-6.92917206625953
chr19	879855	21558914	0.498918325675551	5132	0.0958634365914317	0.916828100377949	194811	0.309615468346999	2	1	1	-6.74265802484451
chr19	21566498	21569186	0.193013714380972	9	0.0975717684578895	0.657949767872397	35	0.253334176616612	5	4	1	-6.7744657135633
chr19	21569207	24394204	0.498783113917494	198	0.114125119568281	0.863623943764448	9765	0.287309385336627	2	1	1	-6.78641804111921
chr19	27392149	54563589	0.498918640500074	5211	0.0997104957623098	0.90560131765666	195664	0.296307179227934	2	1	1	-6.73567338349673
chr19	54573977	54632090	0.141287972195252	49	0.150719380414906	0.800413045698229	567	0.174920004953171	2	2	0	-7.23713578241336
chr19	54632735	58599150	0.49888260356036	1161	0.106110762718844	0.893549923678952	34118	0.272247069525425	2	1	1	-6.74249272095324
chr20	87623	25773465	0.498895397047551	1882	0.0978144363242053	0.941321577249367	60113	0.325523453444075	2	1	1	-6.90581727241943
chr20	25773589	26168423	0.121943073744886	39	0.162319514634899	0.857392515370675	473	0.354690528337884	2	2	0	-7.06029483771303
chr20	28559257	31248651	0.490627573618523	729	0.161974393798436	0.797823234422168	3474	0.342006278721962	2	1	1	-6.9610174661031
chr20	31259408	64327831	0.498911424429757	3713	0.0945671569584461	0.949949161005145	131721	0.331193945645347	2	1	1	-7.06555117710146
chr21	5034010	10372303	0.498605321574292	288	0.160662389521914	0.725855046110595	2334	0.314631222990398	2	1	1	-8.03982837393222
chr21	10372482	10397484	0.495588693795735	140	0.166330220466677	0.45877281315935	372	0.235784348411304	2	1	1	-6.85702862215919
chr21	10397502	10739746	0.400295016929786	401	0.155698740699344	0.694671262537371	2275	0.236612494353476	2	1	1	-7.22361285177416
chr21	13000242	13437305	0.0260339420129208	49	0.180752967345163	0.597320885893832	609	0.308061766436855	1	1	0	-6.94502619145579
chr21	13452182	23556656	0.00174744480554273	297	0.0303495856206859	0.448372615419709	6428	0.190292775877235	1	1	0	-6.76560447790065
chr21	23558117	46661749	0.498898248962796	2110	0.0987608277676468	0.897855995102017	63767	0.308816151990062	2	1	1	-6.75506046085093
chr22	10679333	11573362	0.395837794817463	570	0.15287260524725	0.708122302165279	2293	0.295962335318913	2	1	1	-7.35882906271156
chr22	11573464	12705518	0.296377986780233	204	0.148363646938295	0.849230621237689	1117	0.330800260346181	2	1	1	-7.72071033901973
chr22	15350241	16404736	0.42411713229364	93	0.112321514951044	0.875493921041982	885	0.289091125274679	2	1	1	-7.00573950119209
chr22	16404886	16434688	0.295688090384086	15	0.156384142418597	0.708164788109815	80	0.407978905316861	3	2	1	-6.81335289140591
chr22	16443324	50743331	0.498917736573254	4988	0.100570251556749	0.920474222587817	165739	0.318500578878164	2	1	1	-6.76496652868379
chr22	50744589	50808263	0.498113503676245	9	0.218195503569111	0.836116697015386	311	0.259531613761494	2	1	1	-6.73703173739359
chrX	284193	1138418	-0.00096988900712297	178	0.0750374087285163	0.445806596072803	2181	0.213140904791345	1	1	0	-6.73732518194881
chrX	1138480	1173832	0.0929924762219311	21	0.171184083594797	0.426298773438638	129	0.245753083899519	1	1	0	-6.90650122535727
chrX	1176950	57946559	0.000200044826790924	1919	0.0273445487720293	0.461143607730399	83718	0.177560970203744	1	1	0	-6.95301802533945
chrX	63479271	155996516	0.00137609618842327	2126	0.0454106901819514	0.458267053514839	104184	0.17012186373473	1	1	0	-6.86217927148577
chrY	11185998	11295839	0.147789444521506	16	0.114232055483564	0.0972724628494297	41	0.152356645936354	1	1	0	-11.1346210587794
chrY	11312516	56837187	0.157649910972398	84	0.136553165720437	0.408641058441031	223	0.331963905844691	1	1	0	-9.42116370112889
chrY	56854825	56886905	0.335885646288965	117	0.131489335417812	0.794513546736885	373	0.273053650224123	3	2	1	-6.80762202013575
