chromosome	start.pos	end.pos	Bf	N.BAF	sd.BAF	depth.ratio	N.ratio	sd.ratio	CNt	A	B	LPP
chr1	284929	1842235	0.302128099976744	176	0.0985438131842031	0.831189361007434	9019	0.319993083934785	3	2	1	-6.99531728362214
chr1	1891013	12883169	-0.000143009674922367	635	0.0256378293455056	0.767944311946522	35224	0.26316447501609	3	3	0	-7.19551093506917
chr1	12902192	13318452	0.0182869669588877	49	0.139672755902848	0.690988210466365	476	0.251638774330532	3	3	0	-6.74762440469293
chr1	13368078	16490636	0.00115892813735036	344	0.0332464849206186	0.735029629369055	10003	0.259410284624326	3	3	0	-6.75653102704567
chr1	16507983	16947199	0.49859844315415	205	0.156463556995305	0.875818814379808	2670	0.321579997976227	4	2	2	-6.75091140019852
chr1	17087810	36394549	-4.29567265008979e-06	1118	0.0481140274748226	0.76563151028192	66141	0.26595243479349	3	3	0	-7.43414173387713
chr1	36410976	42533008	-0.00122743438204415	235	0.0266931108652935	0.47783284174198	12079	0.163308868311951	2	2	0	-6.73595531419942
chr1	42577929	124514134	0.00132309342932141	1969	0.0387812519450015	0.753358410075136	116849	0.26235733481788	3	3	0	-8.2828750310039
chr1	125094663	248084290	0.00103810442627844	5788	0.0399581272692409	1.36613954867968	323900	0.519373579845	6	6	0	-7.2347412800969
chr1	248441313	248945575	0.498520331038789	12	0.178419831755431	1.26376315146221	1776	0.376115174523343	6	3	3	-6.76502401282226
chr2	136124	91987666	0.246786935581267	2787	0.111056473686574	0.938676809146861	151476	0.330632706068097	4	3	1	-6.83724088516894
chr2	94190317	95951011	0.489227703602628	87	0.14656269704349	0.883264499046439	3303	0.290544312130088	4	2	2	-6.80642714378914
chr2	95951483	214956856	0.261158436646534	3019	0.107966134098155	0.931772515760751	178643	0.319808326565409	4	3	1	-7.05549352000976
chr2	214968691	242120118	0.00170517787274277	1212	0.0211491283461429	0.687060316265586	56576	0.222341918408162	3	3	0	-7.19679360961337
chr3	176516	75703310	0.336301312725353	2143	0.110166632448164	0.705181107014482	128408	0.228589067853177	3	2	1	-6.8723387192763
chr3	75707567	75739422	0.16300246972698	20	0.123941667094264	0.596238597843592	171	0.198161244209281	5	4	1	-7.01014220125887
chr3	75758873	90051177	0.361455510879214	117	0.110649933354036	0.690220204684075	5108	0.26199283139094	3	2	1	-6.91459317040058
chr3	91404436	198056766	0.330763721442965	2912	0.112777049225709	0.709426636769477	135751	0.244836951506058	3	2	1	-6.78229732565798
chr4	46210	48972171	0.498891526089874	1618	0.0981753658715282	0.939511409891336	73653	0.332480439024734	4	2	2	-6.78167656733684
chr4	49107484	49609124	0.125703501802633	66	0.148260606565626	0.688272873090835	355	0.34295099670113	3	3	0	-7.13953830848689
chr4	51848078	107903083	0.498888031054588	1417	0.0964011475526961	0.945371018698775	70145	0.330854204780081	4	2	2	-6.74971376836651
chr4	107909386	108180866	0.497665561155005	9	0.180063491888587	0.945389422618591	594	0.269413453017419	4	2	2	-6.7332515373737
chr4	108216370	188356309	0.498895610420515	1898	0.0962058514097104	0.939250458072734	87153	0.338637559543849	4	2	2	-6.81255801346128
chr4	188384310	190179679	0.419347846346209	71	0.13353004921839	0.770425798693727	1191	0.301483127103331	3	2	1	-7.03933619976591
chr5	161693	795926	0.0132810438319224	51	0.0816755561388365	0.673096320632348	2144	0.203289202059977	3	3	0	-6.78113336494192
chr5	795949	1285922	0.499258909369713	63	0.0675992793630561	1.3868670069821	3269	0.404918349240466	6	3	3	-6.73467256819835
chr5	1362933	2788487	0.0139730671413341	43	0.100826605762957	0.563811317261775	1207	0.213347491522765	2	2	0	-7.23788992172092
chr5	3077167	5408461	0.256696457175107	49	0.120056849487414	1.04008951449801	1433	0.609943621599584	4	3	1	-6.76395235243798
chr5	5436496	24608539	5.00635259907956e-05	274	0.0573222699995157	0.471334992958659	10784	0.176533101087289	2	2	0	-6.77135839531045
chr5	24922887	25572613	0.370943039842584	12	0.0642233319256823	0.904398228554911	202	0.398485246929039	5	3	2	-7.03330645081761
chr5	26220393	27502224	0.000679443956714598	11	0	0.473973411628563	356	0.151010520830463	1	1	0	-Inf
chr5	28063241	34549896	0.498889265233888	210	0.102940178550413	1.10326861634804	8967	0.527066280030152	4	2	2	-7.02187434513236
chr5	34626700	34867198	0.0015984106569531	12	0	0.482181193993044	461	0.193933537523368	1	1	0	-Inf
chr5	34911809	45847891	0.330918461961982	222	0.11425967543074	0.71965091043105	14081	0.2437916654941	3	2	1	-6.73951692636949
chr5	49601573	49602134	-0.00319841251747544	9	0	0.0502226430265328	17	0.0675242875694717	1	1	0	-Inf
chr5	49602178	49666631	0.0101263591205285	22	0.125232848062185	0.0739701044257178	54	0.0640953059590313	1	1	0	-11.7331736152759
chr5	50399214	181281775	0.332210142315845	3339	0.108626038020228	0.708357499813228	166926	0.247608525727183	3	2	1	-6.82022375918565
chr6	160049	553701	0.498584023015294	43	0.110322737059467	1.62021909643371	1375	0.753618214085068	6	3	3	-6.7397145773722
chr6	556106	3002826	0.203239310245858	171	0.0964492854897465	2.09473204777781	6297	1.16777675514505	10	8	2	-6.75130560527585
chr6	3006573	8458777	0.498816837123556	224	0.0996138274439513	1.01509585761282	10057	0.437013754168089	4	2	2	-6.80203796373081
chr6	8472862	10493010	0.216733323949601	101	0.123608447594943	2.07221765027146	3244	1.4323841131517	9	7	2	-6.73487529724837
chr6	10574898	31617442	0.374559845111117	1571	0.103520239506642	1.18269230865355	60147	0.467594989426873	5	3	2	-6.77151270958213
chr6	31618965	32406863	0.430274049848856	293	0.0978845823554532	0.787268901132948	9867	0.208468470806649	3	2	1	-7.37166449794215
chr6	32418922	32580883	0.0128989347950358	21	0.0466986285105024	0.677475876473613	211	0.38759709558798	3	3	0	-6.78026975493859
chr6	32580885	33163957	0.382870007014165	135	0.10473514570701	0.763055525386837	2325	0.225252240118536	3	2	1	-6.89428671287971
chr6	33166325	35139905	0.403965347240793	105	0.0814012356918565	1.22239626773658	13248	0.404439989728653	5	3	2	-6.73952730057852
chr6	35187995	39126664	0.414022971318128	267	0.102812228557251	0.813396345961926	13071	0.289374171845369	3	2	1	-7.52393075154128
chr6	39139319	43458947	0.349330304691087	276	0.0997171065759207	1.30546335539374	20399	0.455587667933703	6	4	2	-6.84810492815341
chr6	43528924	44814980	0.499091756662863	68	0.0845277058443661	0.870935287674391	4824	0.268547734720382	4	2	2	-6.81736456855153
chr6	44849523	60873526	0.335198816708617	368	0.105730384007145	0.710360484582846	16546	0.229332615510245	3	2	1	-6.73870980262662
chr6	61531726	170582405	0.328075575057466	2599	0.110107781753877	0.709735643903261	115924	0.245200873747933	3	2	1	-6.77815614893889
chr7	50462	23142130	0.498880541984854	1445	0.0991833473164612	1.29463452195509	56704	0.496284851413821	6	3	3	-7.23379625993957
chr7	23145876	57600882	0.374561830069912	1607	0.107361767803468	1.52331260912592	83957	0.625495498822858	6	4	2	-7.03071591401941
chr7	57600976	58091558	0.227073889668299	24	0.15379682037195	1.51486822629984	356	0.762858371199153	8	6	2	-6.77274125927514
chr7	60981913	67157584	0.291743722223189	501	0.133974621542906	1.33147460267965	15415	0.583605652311025	6	4	2	-6.84368186697993
chr7	67162015	100952788	0.193523207969092	1538	0.10263709021424	1.183364477834	86809	0.448448287841282	5	4	1	-6.73900368132545
chr7	100953452	100960659	0.127298028762616	68	0.0987058966760871	0.899853089641325	525	0.270710874364314	8	7	1	-6.76635067315267
chr7	100960708	100969617	0.498632362467611	63	0.128028806602344	1.000762083381	311	0.279543492157988	4	2	2	-6.73326632116684
chr7	100969826	152401932	0.196862648773252	2037	0.100450847428157	1.15692080069685	121540	0.420864924402444	5	4	1	-6.87250865982042
chr7	152403170	152404426	0.0671137252262947	24	0.10223512967239	0.432671697314268	39	0.186011147780222	13	12	1	-6.82170748519226
chr7	152404512	152407544	0.498300835422928	38	0.170317060619247	0.561421406977873	96	0.239680444239569	2	1	1	-6.73394812853248
chr7	152407952	159260734	0.197659227460731	382	0.105030372798181	1.16211486065741	13078	0.470282113036717	5	4	1	-6.7440933751662
chr8	243622	43192450	0.272356748923658	1674	0.113369599786297	0.851105072376427	68783	0.301393477913324	4	3	1	-9.11445826940468
chr8	46845988	145043147	0.175170275859531	3207	0.0961855206455653	1.32256576022022	174068	0.517775959428068	6	5	1	-7.82159692584022
chr9	117696	39040787	-0.000523395430943208	751	0.0241815269921023	0.470975238655738	36596	0.157007562090745	2	2	0	-6.84552981792621
chr9	39067483	43242683	0.498580804977958	213	0.164618325419877	0.462313188348135	1847	0.212629575248064	2	1	1	-6.78106906321625
chr9	61902912	67800317	0.445047571608057	95	0.16559088741015	0.450945427283269	1333	0.185563678821186	2	1	1	-7.08851137943672
chr9	67881655	84670680	-0.00070564979059673	283	0.0151805620763037	0.470056482859333	14042	0.170813998701579	2	2	0	-6.79157554719374
chr9	84671000	138214444	0.332309394594512	2123	0.106332017499993	0.703991480737755	120812	0.232832681876162	3	2	1	-6.85500885229768
chr10	47476	38455661	0.000266959986007453	1213	0.0542285723246475	0.713888213138906	51460	0.26122667779875	3	3	0	-6.73313929269321
chr10	38527682	38998192	0.498242836717351	49	0.18621683149848	0.680702384215642	253	0.332844174965301	4	2	2	-7.00750603154821
chr10	41859953	42283185	0.338750073721786	22	0.161814501514645	0.890345504787539	206	0.565087368574685	3	2	1	-6.77206877971888
chr10	42737002	46130684	0.00147972633916643	102	0.0570387376159195	0.691114651063349	5230	0.231739277187134	3	3	0	-6.77432194978303
chr10	46131979	46783104	0.498765480648162	113	0.147689656615831	0.852976638733201	1694	0.297570963610032	4	2	2	-6.78618465706107
chr10	46814011	133787230	0.00071036943130573	2747	0.0387020881279537	0.704803742971397	134567	0.2413081811568	3	3	0	-6.88855926227272
chr11	193863	50422246	0.327852909350824	2202	0.107270133982889	0.698194907352011	89983	0.218356454617022	3	2	1	-7.04531796147108
chr11	54592062	56663740	0.36143061501246	108	0.0951253108607543	0.694104966695795	3373	0.203904321493328	3	2	1	-6.80933693088366
chr11	56700357	56740376	0.150777317337411	32	0.122205896952643	0.464432960171083	91	0.173614687826404	5	4	1	-7.46266868328587
chr11	56741049	100070590	0.328482803308508	1532	0.105555808880498	0.705215580716236	101175	0.222677378239756	3	2	1	-6.81838332793833
chr11	100191133	134835285	0.498891824039604	986	0.100671183693466	0.466854509042332	46724	0.151988934416173	2	1	1	-7.06579728609432
chr12	12867	154788	0.276658751957559	27	0.094431693457995	1.08968101354147	361	0.500737424472307	4	3	1	-6.78662673731812
chr12	157758	34523014	0.16724058699084	1931	0.0971404000432604	1.13551867059047	87808	0.412837136814778	5	4	1	-7.05899403661886
chr12	37418138	45478155	0.158753655217016	230	0.0908710923261243	1.1313259133347	11771	0.437059432441557	5	4	1	-6.91914261424837
chr12	46068253	47318737	0.348553723516493	40	0.0832419242252241	1.40324171383168	2115	0.505345475632718	6	4	2	-6.75395979258294
chr12	47320918	133239285	0.17351077476997	4320	0.0927019348584671	1.14712569826483	251729	0.413308342962553	5	4	1	-7.17001298790025
chr13	18177561	18272516	0.2462626731748	16	0.167820737693528	0.874619848596437	196	0.491497162135482	4	3	1	-6.73503677169074
chr13	18317712	104158373	0.498897365590872	2036	0.0927806524043116	0.945323425624225	99066	0.345913536566309	4	2	2	-6.75666775820558
chr13	104175240	114299067	0.333511048020564	335	0.113553479108962	0.69479972658308	11778	0.238856564038577	3	2	1	-6.81324796443768
chr14	16057642	16402209	0.306771512131126	7	0.110301103046766	0.619434162496816	23	0.359587747046652	3	2	1	-6.79989416238736
chr14	18330620	31380986	0.243249453101044	691	0.100295274984369	0.955295428481533	37221	0.342107112911498	4	3	1	-6.73638192484262
chr14	31394629	31858958	0.156094311356622	35	0.115546869241865	1.47210679898999	1150	0.763759527785146	6	5	1	-6.73847982126507
chr14	31931530	106622553	0.245354616942076	2852	0.109826996837582	0.983688510238316	153089	0.383380874735588	4	3	1	-7.03769737728896
chr14	106622776	106823737	0.152427060122401	71	0.105661768182882	0.82836856418347	785	0.258290321868855	5	4	1	-7.08097529828321
chr15	19882428	23400385	0.498699310961145	251	0.12314021431876	0.915688070703675	5144	0.330301712850591	4	2	2	-6.76277506872273
chr15	23440059	23440748	0.153293153745158	9	0.130249866709251	0.475272024196843	32	0.197657753962785	6	5	1	-6.75213667928137
chr15	23442769	76260022	0.498902177524742	1938	0.0910133826228516	0.943011878224319	137128	0.319115810690333	4	2	2	-6.7632198808994
chr15	76260449	76261159	0.0602302781414013	16	0.0945110002415945	0.748425190917782	31	0.149300332375088	15	14	1	-6.78212340921865
chr15	76311412	101951325	0.498894311049335	1311	0.0875661450358274	0.930234343114713	53182	0.320763574583488	4	2	2	-6.8145979282112
chr16	35561	7240671	0.417599525516312	937	0.0923500608612261	1.16958784526318	52373	0.3859206103522	5	3	2	-6.76379723528652
chr16	7328134	7554090	0.024482558646038	9	0.0833333333333333	0.681186402073752	118	0.220600626121303	3	3	0	-6.79063376620631
chr16	7568593	32454414	0.401822346728635	1647	0.101128019109915	1.17795261790796	96030	0.436129523165535	5	3	2	-6.74194805939587
chr16	33734713	34163346	0.0644696750797087	17	0.104807631906662	1.05265129301463	784	0.301648161913127	4	4	0	-6.98007990029087
chr16	34268517	35575377	0.37087648907651	53	0.113290275408691	1.34201234641892	1350	0.60973124016124	5	3	2	-6.80256107669766
chr16	46386441	61034107	0.412636701369965	619	0.105790757559357	1.16742693937575	40012	0.431122093083054	5	3	2	-6.75955077039304
chr16	61050118	75688029	0.291879484013152	1061	0.111825135288986	1.66630943391509	75624	0.657955654598171	7	5	2	-6.7348536429324
chr16	75704388	90095778	0.31832845328638	903	0.114528780060677	0.709541140198675	29122	0.270381913323781	3	2	1	-6.74851140457475
chr17	137603	21298703	0.37735597130515	1778	0.105539060277212	0.758056056571436	82489	0.242999532699592	3	2	1	-7.51405513444712
chr17	21298744	22654773	0.126458436183118	271	0.14508038885112	0.647793439271601	1648	0.277333710704206	3	3	0	-7.25668563318102
chr17	25920193	30970910	0.424903687628413	196	0.109756577981716	0.778575980719153	16684	0.257646063347403	3	2	1	-7.44547870125981
chr17	31209972	83051719	0.498920590123725	3814	0.0897751910471965	1.00023676966908	213945	0.340588566583025	4	2	2	-7.31752453613379
chr17	83051746	83158753	0.24751812317063	11	0.0697722268267513	0.946597065366541	189	0.284779151333687	4	3	1	-6.73381793571575
chr18	48740	15341512	0.3169645657451	610	0.118813894040202	0.705894837122478	21547	0.254587945445945	3	2	1	-6.76401225876779
chr18	20942964	80250865	0.324660144420401	1098	0.110548417208712	0.700700284794818	55372	0.245717623583037	3	2	1	-6.9459871694895
chr19	263280	876910	0.499088605110186	156	0.0831205976091261	0.935967860727307	4741	0.304214310246489	4	2	2	-6.73430025462479
chr19	877871	879912	0.143223234813108	18	0.170360220049058	0.271760895068764	64	0.280590618585325	7	6	1	-6.78376299854583
chr19	886257	3139469	0.498890880927004	531	0.0873294638054765	0.95064518492612	19747	0.306659977335266	4	2	2	-6.73317297837599
chr19	3139727	3169065	0.498161002028168	17	0.173657624618775	0.965561419524819	204	0.336112338663252	4	2	2	-6.7331265571664
chr19	3176000	7447273	0.498870037397661	753	0.0949066668869906	0.952360722395837	30815	0.330261753818162	4	2	2	-6.73311477535297
chr19	7451357	21569093	0.331875216824859	1831	0.104864660396421	0.718389797059603	87675	0.22959522651423	3	2	1	-6.73846393890966
chr19	21569186	24394204	0.498851385431294	193	0.109833872482369	0.908247098783011	7565	0.281127273526914	4	2	2	-6.78094364132546
chr19	27392128	31376715	0.498962303585616	90	0.0932546591901668	0.908847774216157	3443	0.350367764615559	4	2	2	-6.77538988986572
chr19	31490736	40837793	0.498904040319544	1009	0.086735939963437	0.934107373110257	53850	0.302006011071652	4	2	2	-6.75605453911125
chr19	40843645	40876760	0.35590901410778	17	0.134545886552638	0.890561989560204	361	0.280471447488445	3	2	1	-6.76214083662861
chr19	40877312	58558166	0.498910634837531	2605	0.0919485496777814	0.925639808719295	129890	0.292354333405355	4	2	2	-6.83195563983521
chr20	101505	25775036	0.403071504351888	1051	0.100153187918543	1.16169284848599	53470	0.420015954534937	5	3	2	-6.78533957183317
chr20	25775425	26081167	0.045400639842841	17	0.146506449366171	1.10791120442056	223	0.46568831554971	5	5	0	-6.79446563770744
chr20	28559767	31064342	0.498645136754469	468	0.156159951558999	0.682759144165866	2312	0.347602896780943	3	2	1	-7.36492630928114
chr20	31064388	31074237	0.497973582118355	14	0.196425991991056	0.199258238136572	50	0.140028312006056	2	1	1	-6.95353037346467
chr20	31284993	38796225	0.327068142202314	420	0.111364790582256	0.729053749668767	28353	0.277875376988679	3	2	1	-6.75933453912252
chr20	39725446	43567223	0.369038030063708	80	0.121293059038372	1.25695136467547	7131	0.544105610740976	5	3	2	-6.79479531468129
chr20	43567858	49026042	0.492102779156295	366	0.0922446078896048	0.850986640895284	17438	0.278135777601936	4	2	2	-7.23073698162751
chr20	49030723	62464902	0.39544604066529	735	0.105071174284205	1.20357208786382	34871	0.487702875686257	5	3	2	-6.73822954137042
chr20	62546157	63776526	0.270540596617741	319	0.0845278671919053	1.68173147355039	12105	0.504883247425262	7	5	2	-6.75253807084411
chr20	63777396	63946700	0.132984687831994	11	0.0985154348774389	1.80005181159463	1898	0.908848035600192	8	7	1	-6.73736138220468
chr20	63961877	64302708	0.407147881375538	21	0.0811671115662003	1.23201309793101	2430	0.403658015125293	5	3	2	-6.73915737198174
chr21	5218123	13035101	0.435564135417038	583	0.14601823305895	0.712350987840263	3744	0.320454110846057	3	2	1	-7.01392478939973
chr21	13249755	20683831	0.498718111898805	181	0.120064432773359	0.808183203205952	5317	0.369877198335941	4	2	2	-7.50361290719306
chr21	20827038	33408522	0.00119701820991164	189	0.0487182335877759	0.473636157437156	9693	0.178666467201394	2	2	0	-6.74015884282978
chr21	33421281	36995015	0.412423445949011	224	0.120253678901719	1.32742570515219	11015	0.624865173226459	5	3	2	-6.8038729505547
chr21	37024300	46003722	0.000991605294336007	395	0.0782403800146271	0.494095457442673	15311	0.256966141261007	2	2	0	-6.84242984190962
chr21	46021040	46226006	0.333141077866275	89	0.0810711581662351	1.33413850878119	1936	0.384366810659236	6	4	2	-6.73692087995798
chr21	46236750	46661856	0.000525397707291542	78	0.00158518784780243	0.479060469307889	2094	0.151943478212233	2	2	0	-6.79863070196525
chr22	10685500	12900610	0.284913237509358	603	0.15727550169649	0.697347689026498	2697	1.05464393083114	3	2	1	-6.79005366767283
chr22	15333075	15722137	0.186967078599586	20	0.119172762695261	0.553278920127612	324	0.308796484769254	4	3	1	-7.5433168148325
chr22	15722253	16440543	0.0422344323964399	60	0.0494262304842986	2.94457458648765	601	3.5837355709768	20	19	1	-6.75554687296755
chr22	16443192	16445590	0.0850437146447046	9	0.184514979819466	2.53343722826765	27	1.4106331457168	12	11	1	-6.73309172865828
chr22	16445591	16938678	0.0453653823014477	152	0.0370252026682449	5.35979564483602	4637	2.79159962767063	20	19	1	-6.74294753270891
chr22	16955872	17535232	0.0198383146120393	337	0.0284249807168822	11.2603882403094	16123	6.88221687142842	20	20	0	-7.01734168915098
chr22	17537871	17691350	0.0834345719320055	33	0.0659666898265076	2.13348860741487	2133	0.887378828109971	12	11	1	-6.74298836054361
chr22	17696093	18109227	0.205594001492638	102	0.0950321983056935	2.28517038167862	3573	1.24826281860348	10	8	2	-6.73537585690111
chr22	18125190	18892553	0.111197372671102	12	0.0961300807460517	2.81842687941975	913	2.93847529742658	9	8	1	-6.73703265298884
chr22	18979391	20700300	0.262834197543633	305	0.100571738311632	1.81925035016963	15765	0.819089333875512	8	6	2	-6.74602637554339
chr22	20703341	21406862	0.0395985468658113	355	0.0544358828875476	10.1908681472388	20156	5.93551273609281	20	19	1	-6.76178479566218
chr22	21408770	23828396	0.171576353593009	620	0.0924880238812978	2.58282129546286	23287	1.25767394966813	11	9	2	-6.7405556861459
chr22	23833396	23928398	0.00103868713484012	25	0	0.483559581416053	464	0.130766426513965	1	1	0	-Inf
chr22	23935805	24003916	0.498237786487064	18	0.187860085608162	0.538610066888698	203	0.218520005449259	2	1	1	-6.74604445408824
chr22	24064327	35421604	0.00110684312443782	429	0.0358440250404798	0.488829775625917	23208	0.221860537720323	2	2	0	-6.82731805491576
chr22	35495985	36169713	0.148206699936855	38	0.119839710395873	1.56269413703414	1503	1.54206689715666	7	6	1	-6.73492976023393
chr22	36191154	37734452	-0.000463944224540103	131	0.00307103223526189	0.478272831361357	5658	0.146829670876119	2	2	0	-6.74751954452331
chr22	37750426	38553068	0.180926641862115	193	0.091838147620564	2.83252882442332	12769	1.3962343194354	11	9	2	-6.73460372371903
chr22	38594657	39155984	-0.00116974933398284	41	0	0.489869764059749	1961	0.164495392058791	1	1	0	-Inf
chr22	39181115	39295444	0.171225596558952	66	0.0780592999735093	2.54901730357006	826	1.56304536576443	12	10	2	-6.73544104319264
chr22	39300882	39650072	-0.00132340384423535	28	0	0.492893477664061	1170	0.155478039543909	1	1	0	-Inf
chr22	39819069	41682933	0.173411187519128	408	0.0948956425153242	2.8407488603011	23795	1.53289621311179	12	10	2	-6.73607463550412
chr22	41684184	42142896	0.00295477960772178	82	0.0604875317195705	0.53456839279648	2193	0.193958462109841	2	2	0	-6.83077957577417
chr22	42144194	42304216	0.162167031913721	14	0.151566998205595	0.840595718761447	609	2.01025239310214	6	5	1	-6.74023236844698
chr22	42313894	43782092	0.499068014985868	81	0.0828308200676923	0.971395572628326	5500	0.363717240655558	4	2	2	-6.73571377849163
chr22	43880664	50808180	0.000277549112189579	371	0.00592628400736385	0.48041500052497	14909	0.157935211059743	2	2	0	-6.74739374144774
chrX	278445	2777789	0.00301438081012306	228	0.0808211719079862	0.482944236170092	3817	0.201707263549974	2	2	0	-6.74119288813789
chrX	11918330	52862710	0.183225142463855	12	0.0844343029529558	0.924802847270063	29855	0.295456501683408	4	3	1	-7.31986924536798
chrX	74583034	155985886	0.082124477976358	31	0.130998711312713	0.469135156597375	34906	0.15611364150483	2	2	0	-7.37493944514596
chrY	11111650	11295719	0.498023942356751	18	0.213332904411334	0.116737520027959	50	0.155074240285097	1	1	0	-10.6702985511765
chrY	11295743	11788344	0.00290813812375523	20	0.074461063650743	0.459996442012565	66	0.209868474740673	2	2	0	-6.74195504949981
chrY	19413653	56836969	0.0279917188224343	42	0.125085392435315	0.157992380858782	96	0.113106096365703	1	1	0	-20.5602460326349
chrY	56837046	56885714	0.492935705678605	114	0.132044587523457	0.552654403054716	319	0.235269375039025	2	1	1	-6.74642666108574
