chromosome	start.pos	end.pos	Bf	N.BAF	sd.BAF	depth.ratio	N.ratio	sd.ratio	CNt	A	B	LPP
chr1	13273	121530952	0.498909215661114	8535	0.113438870103822	0.898281037911119	298730	0.377278515921283	2	1	1	-8.11832743426307
chr1	124514134	143253209	0.350257089520344	15	0.158055505621104	0.622178014586316	283	0.303847449695179	1	1	0	-12.8682822639069
chr1	143595303	157187075	0.412252294794605	1101	0.102015563272786	1.03498803164032	58807	0.380645227223466	2	1	1	-7.51196552462856
chr1	157189708	189024413	0.418486436671968	1909	0.101303752555615	1.1864634496507	75935	0.44557081612288	3	2	1	-9.36621687615293
chr1	189055349	199600180	0.498775114675033	330	0.103381812039226	1.36448742092286	11002	0.582705672842864	3	2	1	-8.01294766950573
chr1	199752544	223496280	0.431804718929089	1747	0.110251964589206	1.13746032084029	61972	0.450354030017721	2	1	1	-8.61108111705243
chr1	223503864	248945592	0.411743291501203	2574	0.114233801764465	1.1321424258627	67821	0.455801353114366	2	1	1	-8.71741428163468
chr2	88159	92075324	0.498893167292327	4377	0.113604183663638	0.947076208883289	161100	0.406264156209945	2	1	1	-6.74404286948253
chr2	94190317	95939329	0.47519376602852	69	0.124638553298957	0.941134119354171	3283	0.344921944104581	2	1	1	-6.7579775429643
chr2	95939402	95957250	0.183111929457305	54	0.118357894518991	0.838716046572971	178	0.272338652565055	5	4	1	-6.89846699108518
chr2	95957268	174555551	0.498886627223547	3414	0.109892860465635	0.995981936936034	125840	0.414865652997883	2	1	1	-7.23431354257819
chr2	174562286	217885654	0.498869804405835	1897	0.104649653538144	1.04431162170908	77483	0.405872702342848	2	1	1	-7.83791691806517
chr2	217885980	242183318	0.498892036183686	2073	0.106159988492945	0.914956965697889	63882	0.357895748596661	2	1	1	-6.91187951161901
chr3	13142	8659850	0.498784664587053	439	0.123529980566884	1.05930214238986	9156	0.451781402061628	2	1	1	-7.00716302789853
chr3	8663869	75515458	0.498889015866457	3733	0.106098772185839	0.920626411928494	150450	0.384128004013954	2	1	1	-7.03286044447169
chr3	75515493	75736929	0.489213268937989	96	0.163956892869127	0.803912739479749	556	0.397315525581666	2	1	1	-6.75974273491127
chr3	75737079	90303819	0.498808420178452	347	0.110046288461286	1.15611847789778	9396	0.510528748988498	2	1	1	-7.78390261927586
chr3	91404436	130006543	0.498878095999586	1881	0.109134735599285	0.995341575650181	63947	0.402868145017406	2	1	1	-6.99711537035924
chr3	130014654	130085579	0.497958635658909	12	0.166521884083708	0.830606124321707	123	0.293274336754333	2	1	1	-6.74238552615673
chr3	130086421	195774150	0.498884175634576	3120	0.110440522458807	0.98816757715157	104660	0.417308634634908	2	1	1	-7.02406255110489
chr3	195778965	195788578	0.495361162540084	58	0.15037822048223	0.626051968268999	261	0.180324682446198	2	1	1	-6.7646802138799
chr3	195791459	198113542	0.498802417188307	302	0.100096090331887	0.814004804747479	8824	0.34852473463516	2	1	1	-7.00376775097989
chr4	46210	9863231	0.498857022851152	1266	0.119971018100924	0.885315142707633	29757	0.331385669632412	2	1	1	-7.00728764361174
chr4	9908226	39156013	0.498851867726744	1085	0.111365117538315	1.039007252338	30976	0.466846460628305	2	1	1	-7.28689657762548
chr4	39289763	40981911	0.498716059302204	175	0.127294030936202	0.782402733196161	5777	0.340324823374901	2	1	1	-7.05453763120596
chr4	41033078	49061855	0.498812973211616	377	0.108272073336872	1.02269927679878	11664	0.408862237155085	2	1	1	-6.87531935201593
chr4	49108385	49627330	0.498458450838458	111	0.168976409676105	0.616957159552453	551	0.396086217784494	2	1	1	-7.08586115519431
chr4	49627355	49711644	0.227278902803736	9	0.159245704634205	0.163481501180796	28	0.242344140716632	1	1	0	-8.60966012889337
chr4	51819050	54636336	0.498742391890961	90	0.11336026833487	1.0087860299088	4052	0.40038588079752	2	1	1	-6.76763843662063
chr4	54649043	54867256	0.245207939777895	19	0.0735670915495803	2.33280801403587	702	0.761814843356573	4	3	1	-6.74481767621352
chr4	54876038	58507284	0.498786349394987	212	0.113234672685072	0.921913916741364	6934	0.409416579771303	2	1	1	-6.74692875193935
chr4	58975852	189881386	0.498893648638116	4460	0.106495446242491	1.0368463645385	169206	0.436181576163792	2	1	1	-8.79790989197174
chr4	189881413	190179679	0.498501297896514	56	0.160774537623505	0.811790780013678	414	0.336097080782153	2	1	1	-6.77330020073783
chr5	44595	488195	0.375875743538711	21	0.104704004562522	1.4104506280849	2310	0.493385248965797	3	2	1	-6.83066507654638
chr5	491711	796859	0.0566142636455247	55	0.173134583022526	0.446839550833475	742	0.15544415971279	1	1	0	-6.82715810259329
chr5	801038	1225561	0.0161048391083667	91	0.119815937388391	0.40359957826593	1367	0.164909578255211	1	1	0	-6.99011975962265
chr5	1253629	1377819	0.252630503692177	25	0.0784154109003241	1.61538042342859	974	0.413049668048179	4	3	1	-6.74556184818107
chr5	1393845	1466698	0.00201723472078708	13	0	0.440138447868005	233	0.147196025666052	1	1	0	-Inf
chr5	1489591	3384089	0.319148461984101	97	0.136774696689992	1.38575526684467	1939	0.636989811803758	3	2	1	-6.74209365560971
chr5	3524580	4095539	0.000223222210228857	17	0	0.558178801173724	289	0.237061832651315	1	1	0	-Inf
chr5	4210499	12439481	0.290221436715332	440	0.118415119324233	1.69365794963572	12362	0.748783841340887	4	3	1	-6.92086580893131
chr5	12439592	13638374	0.187328355812977	42	0.086968565349125	3.68158514446781	1489	2.11662075812751	11	9	2	-6.75534943620143
chr5	13650357	16214692	0.313565247586501	198	0.107580515774234	1.57353634095222	6180	0.633563303843182	3	2	1	-6.78870922520176
chr5	16259179	17729178	0.162185481071939	188	0.0960404587251653	2.5185569521106	6180	1.28772750545177	6	5	1	-6.74280551683289
chr5	17736184	37284624	0.309853555780172	998	0.118984072633462	1.7178577466472	31572	0.780687434091168	4	3	1	-7.08023152409334
chr5	37292137	37600256	0.485853279677583	44	0.123572070282533	0.746736274992209	1008	0.34952145963274	2	1	1	-6.82921986115247
chr5	37656989	45816754	0.235869685175722	425	0.105535099284125	2.0363553000313	17948	0.909254142940613	4	3	1	-6.76996683951453
chr5	49658498	50661572	0.497789685016602	9	0.173623715098037	0.938133250535892	282	0.435518479490989	2	1	1	-6.73386158340464
chr5	50750133	131243364	0.498880817043443	2765	0.111470739961602	1.03475433414519	102235	0.443919804766585	2	1	1	-8.06755300259174
chr5	131319780	181288546	0.49888158790813	2842	0.114925198990135	0.917273755380813	115483	0.377489500450632	2	1	1	-7.01818094705897
chr6	160049	32485632	0.333619878254446	3597	0.115520290114255	1.38217212551728	100732	0.56370691214796	3	2	1	-6.79941804858925
chr6	32521989	32581639	0.189784696517191	32	0.176850467066426	0.502387226815373	90	0.47549671367855	4	3	1	-7.07060685533348
chr6	32581704	32937204	0.286775184656841	201	0.116855069056413	1.46590293568521	1819	0.436723530414184	3	2	1	-6.82753104170689
chr6	32950871	41543021	0.3377138907384	1091	0.109914879018595	1.32881886587867	37607	0.498505164015532	3	2	1	-6.84117035178122
chr6	41587255	44312930	0.32818165591776	479	0.11175302186237	1.2156630112834	19402	0.439316808044937	3	2	1	-6.94762783372876
chr6	44313075	58414703	0.332764160074328	760	0.103161372484908	1.58998502298485	28952	0.608569648888053	3	2	1	-6.98340318020083
chr6	60281479	170736935	-6.82686176606828e-05	3245	0.0331928991089493	0.505665753494609	110931	0.23133449543412	1	1	0	-9.46001530190001
chr7	37991	413634	0.498924542170111	56	0.093898299156138	1.75819250639088	913	0.593484884208323	4	2	2	-6.73722290200901
chr7	430570	1773040	0.314406926778872	406	0.109697119629913	2.51154666911635	11128	1.01196873914749	6	4	2	-6.76391132517438
chr7	1773083	3464299	0.498773689191116	321	0.111269810270217	1.85286970459528	9289	0.84694781303077	4	2	2	-6.7341929244013
chr7	3586416	5231042	0.00101797938318804	198	0.01899012445851	0.83230581204921	4860	0.370586919006195	2	2	0	-6.86275662105188
chr7	5235906	5365706	0.476931112577652	59	0.0980242339339622	1.49452436361937	1101	0.556856178393557	4	2	2	-6.78083412931552
chr7	5377790	5732595	0.000121539468290188	57	0	0.825928686447383	1695	0.43861444845935	1	1	0	-Inf
chr7	5771669	6086683	0.269558637994909	153	0.130895646851364	2.39985904246329	3402	1.31239966717387	4	3	1	-6.75224131778114
chr7	6092463	6265394	0.207377498638968	83	0.0927344009280609	3.63420764898129	2345	2.03505060628016	10	8	2	-6.73865601804152
chr7	6265448	6624672	0.498728286570212	112	0.135944642651001	1.47681385868837	3350	0.715866805414307	4	2	2	-6.76022471517737
chr7	6629829	6814881	0.281659848600959	64	0.109607071256577	2.30839232618125	1685	1.02477678553485	7	5	2	-6.74810087224718
chr7	6816709	8078014	0.00101721117311998	111	0.104863595342586	1.04108720680034	2441	0.41730740609756	2	2	0	-6.76724521451687
chr7	8086564	9171060	0.46471869561568	53	0.0925662003723757	2.14667156136693	1309	1.00056756809245	4	2	2	-6.82820571208442
chr7	9203449	9878564	0.28754186245724	61	0.0956519790328259	3.87416436917054	921	1.67776409276316	7	5	2	-6.73649401740806
chr7	9932900	11736422	0.499204240224766	89	0.0744340787109267	2.26873801037228	2846	1.02248954175763	4	2	2	-6.76453074544463
chr7	11769292	19617082	0.000663147993794688	337	0.0439312088295675	1.16836525349931	8449	0.526960958528398	3	3	0	-7.35137949527689
chr7	19729671	25595781	0.498857759522123	510	0.101138222810446	1.94334824197546	16207	0.831281647618148	4	2	2	-6.7351249702374
chr7	25689798	34085808	0.00232621725031862	484	0.0414227865866265	1.00967987173194	15334	0.41364454777126	2	2	0	-6.83329213791896
chr7	34116625	34216886	0.499000490354005	9	0.0962472221821377	2.43286235115347	155	0.78721783611108	6	3	3	-6.73560636909029
chr7	34440733	51348465	0.00353065732049251	858	0.0635590882206128	0.982121170009397	30129	0.425515111625784	2	2	0	-6.78690960218171
chr7	51359789	54419901	0.308027706860532	127	0.0891564433514265	2.3911584379134	3391	1.1736150066112	6	4	2	-6.82301034611778
chr7	54420187	58091518	0.498814849372916	504	0.116760758908615	1.7310657095988	12180	0.740767124950011	4	2	2	-6.76968132248847
chr7	60958177	77983653	0.325046521378663	1853	0.126053340619683	1.21739174016849	51713	0.541226581323148	3	2	1	-7.51806482442244
chr7	77997117	97767006	0.333420051009785	876	0.10971775611918	1.61820367011456	33541	0.643290381690147	3	2	1	-7.14734666762783
chr7	97803453	100951903	0.326801917938727	480	0.104095994933876	1.18856487449026	24145	0.441186367032348	3	2	1	-7.04742217685404
chr7	100951933	100965637	0.152610598219805	143	0.14936816400822	0.76423858472975	706	0.206936009526268	5	4	1	-7.03112084060808
chr7	100965685	102480374	0.32029084985968	372	0.115431760194625	1.03861165569889	10536	0.412661709479073	3	2	1	-7.23964533063203
chr7	102492750	152273892	0.333045415661081	3517	0.109126926129633	1.43949658599574	126268	0.59293520502333	3	2	1	-6.73777700234661
chr7	152281681	152410518	0.147399995228222	95	0.145303969144164	1.10489173348263	655	0.598764975214459	6	5	1	-6.93218605258997
chr7	152410761	159261057	0.349114831875824	660	0.123452914308725	1.37414455045249	15081	0.581863504142378	3	2	1	-6.76121498792072
chr8	213654	21969651	0.205643295135381	1254	0.138513534480835	0.635227210135725	23768	0.282226132150444	1	1	0	-12.9601927339955
chr8	21970322	43438973	0.220259628830704	1222	0.13676086753147	0.572256379787529	38529	0.258330829778256	1	1	0	-11.4474027448544
chr8	45952307	145003393	0.36598106024051	4474	0.110338551175491	1.3463648175309	174644	0.578416285510793	3	2	1	-7.35446930563253
chr9	69434	33677434	-0.000698530447274026	1233	0.0158165438854279	0.501688800436115	30042	0.239541391252534	1	1	0	-7.5602129953119
chr9	33737204	38636229	0.498818304041745	440	0.106012042294308	0.880101584544927	19264	0.336127293163707	2	1	1	-6.89151199994447
chr9	38636334	42975633	0.498661403551112	411	0.149408092174554	0.965805391015693	3685	0.43752713345379	2	1	1	-6.73568701248487
chr9	43034215	67800317	0.317403172249753	156	0.16357938253967	0.959297014701812	2653	0.453793559706428	2	1	1	-7.40418242971348
chr9	68337625	96727038	0.498862296450536	1490	0.115557248652898	0.956061062543763	50977	0.411226934398282	2	1	1	-6.73447621373042
chr9	96746577	98359193	0.24038022380229	173	0.0972446992028572	1.85754402872653	7979	0.690239550207623	4	3	1	-6.74018955469727
chr9	98447306	138176464	0.498884585748428	3167	0.110401705744133	0.890549597442762	113210	0.355698323882601	2	1	1	-7.48349022410339
chr10	47588	38655428	0.498878295110787	2530	0.11148544575521	0.914323465711225	69445	0.397951227498615	2	1	1	-6.96858145811613
chr10	38681065	39131354	0.234604824999045	54	0.170784031848974	0.738895226168548	250	0.406870449981653	3	2	1	-7.56411136508748
chr10	41860304	42286998	0.271719300072463	42	0.156236464222067	0.539316134305616	313	0.270604922430435	1	1	0	-8.20584474547426
chr10	42337130	67503895	0.498849555713977	1014	0.102589792127538	0.989255412650905	32461	0.418365047384611	2	1	1	-6.85418260023231
chr10	67606844	75422261	0.49884019788796	778	0.114497360508812	0.822906089916525	27359	0.333088277234478	2	1	1	-7.52343091918452
chr10	75504283	91630923	0.338998998964466	624	0.108642164379468	1.47478473042393	29764	0.625811947706389	3	2	1	-6.75937574633027
chr10	91641350	105383334	0.331344104010618	1312	0.108909279306017	1.31839477434816	58386	0.514539966750768	3	2	1	-6.9280946825595
chr10	105383414	132047164	0.322438417153786	1658	0.111934917403622	1.43536303064134	56130	0.60236040317472	3	2	1	-6.73964103672243
chr10	132048948	133787106	0.344902315515496	272	0.122596326743135	1.29457916425982	7427	0.39814817862102	3	2	1	-6.80169705028651
chr11	198665	4389477	0.498844771251938	873	0.104400486816839	0.832461644904025	21065	0.279939574138178	2	1	1	-7.2653362255097
chr11	4389704	8117316	0.49890654096321	590	0.090157363265985	1.00092773373059	14325	0.27887512012677	2	1	1	-6.80297348522787
chr11	8129093	50553118	0.498873376588688	2137	0.110603180765691	0.949810503527308	73895	0.397106373302492	2	1	1	-6.73439939372948
chr11	54591998	56700571	0.499000989528442	114	0.0977125067219159	0.99872712996516	3856	0.288333039339882	2	1	1	-6.76705098541268
chr11	56700635	56701244	0.0970690009446149	17	0.0935014155287627	0.791454524036692	50	0.134480199589503	10	9	1	-6.79799981423188
chr11	56701339	124238767	0.498894728002301	3794	0.111390008681675	0.910198567859322	171337	0.363567824972024	2	1	1	-7.30756371956623
chr11	124250452	124274783	-0.00319841251747544	9	0	0.548998957838895	90	0.161875726443113	1	1	0	-Inf
chr11	124309760	135028117	0.498817556880491	432	0.111626004840288	0.969152570010884	18739	0.381143923104665	2	1	1	-6.74633743413211
chr12	22477	8916217	0.351454125132939	985	0.130433200540141	0.676033128163241	28003	0.270025500884543	2	1	1	-11.4830345515703
chr12	8917770	14193008	0.381127210756207	444	0.117732355214963	0.765705063524779	12581	0.285566207080085	2	1	1	-8.7307115541403
chr12	14199384	31088026	0.498823617647259	809	0.108054668546554	1.18740531232491	28273	0.477649258623209	2	1	1	-8.3588139745448
chr12	31089337	34523014	0.498809627656993	357	0.110678717710851	0.981117479055093	7793	0.413666266473694	2	1	1	-6.74361743038929
chr12	37418138	47258472	0.338236888126172	534	0.100123641547691	1.97025817159156	22430	0.81182381247397	4	3	1	-7.1763246019868
chr12	47270546	94274083	0.297651552943494	3286	0.109382138627085	1.61679694875892	150775	0.672625547583251	3	2	1	-7.62359364727868
chr12	94274228	133056950	0.28860949318596	3282	0.114776832759742	1.49413720299775	153305	0.63294713210549	3	2	1	-6.93679394041324
chr13	18177561	18692949	0.49837079496646	62	0.174698005650358	0.78225352758322	724	0.375400267220276	2	1	1	-6.8169953756448
chr13	18693149	94627251	0.498882703098215	2958	0.11485081851534	1.00753475008475	95612	0.440810630820956	2	1	1	-7.39395746053659
chr13	94636082	114325598	0.498852178743853	1095	0.109959860228188	0.969465022668577	32082	0.395545283543277	2	1	1	-6.75648780869466
chr14	16057734	16402218	0.497774397568054	6	0.19133260743184	0.911008706851509	35	0.381303088602953	2	1	1	-6.73593184931391
chr14	18330642	19975490	0.319583402044005	145	0.106040182960512	0.978802528271926	2142	0.332466663296796	3	2	1	-7.80729589694639
chr14	19975505	21754293	0.498839665757488	302	0.111702657617131	0.861092981113864	8965	0.306818386069011	2	1	1	-6.84636696329677
chr14	21754934	22514585	0.499193702460329	95	0.0653188115664767	1.2670286584073	2500	0.353295070007432	2	1	1	-7.01657297623079
chr14	22515608	106638951	0.498895255001199	4751	0.113167945547758	0.924360758522384	176389	0.389556729289444	2	1	1	-7.01853537267731
chr14	106639148	106643616	0.0729571831943999	24	0.10383612192966	0.795169168112931	75	0.48024645962462	13	12	1	-6.78246964508061
chr14	106644803	106878743	0.498792572156689	52	0.106224887015321	1.10824354152366	931	0.255352237608836	2	1	1	-6.78206380150094
chr15	20011061	23442768	0.496073404007527	345	0.136161471828545	0.818548294957281	5986	0.330864064696572	2	1	1	-7.13724447857465
chr15	23443797	40265863	0.498826331267107	938	0.113777404074897	0.967840897121384	30920	0.389719637975904	2	1	1	-6.74997118145619
chr15	40266281	101980762	0.498886721856537	3426	0.11696338057981	0.902664181914062	161529	0.368617267021112	2	1	1	-7.43240273023652
chr16	11641	32993084	0.49888835288426	3641	0.11517268147165	0.828218001920453	117024	0.326881915023374	2	1	1	-9.10808656351109
chr16	33048885	35414415	0.498511037514902	80	0.182398921202117	0.820218496529023	1817	0.387308590787914	2	1	1	-6.93751924198841
chr16	46386441	46437595	0.331546983274599	49	0.144299280361772	0.424978041498351	472	0.149453949042555	2	1	1	-8.23938820289974
chr16	46455290	70123202	0.49886486503701	1210	0.108264304533225	0.874755916178432	57882	0.372484039897164	2	1	1	-7.39639755073516
chr16	70123927	70680681	0.236495436742715	54	0.13640023756514	0.695934357064872	3839	0.306038078753286	3	2	1	-8.45945397167491
chr16	70692892	74359841	0.000853174218597819	160	0.0555969459677723	0.436714508845965	7251	0.204239785798915	1	1	0	-7.10540075133197
chr16	74360527	74418173	0.00242840737776562	27	0.212940851571055	0.410374845344137	316	0.209751945118544	1	1	0	-6.75048514790818
chr16	74433795	90106232	-0.000508113374661445	1563	0.0420171565140956	0.431680339703973	29003	0.197415474204472	1	1	0	-8.45753543690957
chr17	138189	21266324	0.498877004110804	2419	0.116789860422009	0.833039778052212	88061	0.325870605376518	2	1	1	-8.35098430061627
chr17	21290766	25074523	0.498593475727292	388	0.15913631443545	0.808518092950489	2271	0.346722332627977	2	1	1	-7.20181349771228
chr17	25920162	26952458	0.394865861859365	12	0.17188147783936	0.456328694988337	127	0.266892582640782	1	1	0	-8.91048030873871
chr17	26982170	33443715	0.494106534544692	474	0.113386920562907	0.840956455006691	25847	0.340862282609148	2	1	1	-7.21230750530869
chr17	33457647	83135542	0.342683066690216	7007	0.115383265483637	1.23784607957503	234689	0.498433243560615	3	2	1	-8.53827667335963
chr18	47858	2728688	0.204170634892922	179	0.144464301923213	0.60773661186362	3553	0.293845789617585	1	1	0	-8.68363032672298
chr18	2729179	15350708	0.498847987332382	969	0.111061689745843	0.96250292246286	24606	0.406887802734875	2	1	1	-6.73806457676018
chr18	20944336	80250865	0.49887664295101	2389	0.110292934076925	1.00729305545371	78693	0.441498018682091	2	1	1	-7.25555687803115
chr19	107329	876882	0.498782872364312	197	0.116593022170337	0.775328946818975	4152	0.295546855694976	2	1	1	-6.94906439786523
chr19	877808	879735	0.0961394376808139	18	0.156803455093986	0.220908585720198	56	0.172681208228703	1	1	0	-6.97329923578132
chr19	879855	24394239	0.498892090868227	4198	0.119611761645704	0.783494404233639	144595	0.299526143645418	2	1	1	-10.0292318907993
chr19	27646333	44497346	0.498884423906708	1808	0.114799521594047	0.815284044169995	72313	0.318155323335496	2	1	1	-8.50614195822744
chr19	44497567	53617219	0.498873069655435	2115	0.121335950645057	0.787748315594208	62133	0.296651768134382	2	1	1	-8.40790891019196
chr19	53625193	54081169	0.49871903030529	173	0.138841653833999	0.657399929370176	3047	0.268609157714258	2	1	1	-7.21381785271732
chr19	54087155	58599150	0.498855057187737	1193	0.122028194658587	0.821644065561327	30573	0.296884995107724	2	1	1	-7.33861084735881
chr20	87623	6952722	-0.000138539652007302	765	0.114057619805958	0.890636890982996	21221	0.366953973387205	2	2	0	-6.86797257348112
chr20	7001509	25773465	0.498839585754868	765	0.10271690683824	1.02607123602715	26359	0.416631877014295	2	1	1	-7.07221155486008
chr20	25773589	26168423	0.0720010392125301	37	0.174770742151861	0.902698701066086	384	0.342187683487876	2	2	0	-6.83900608972929
chr20	28559257	31244855	0.498642232607556	616	0.169424210319675	0.774033845908666	2777	0.387102216319704	2	1	1	-7.16360728954445
chr20	31248651	37232085	0.498839538151338	764	0.113417186441786	0.812209103037176	27692	0.327500968889757	2	1	1	-7.48142485098134
chr20	37241420	64327831	0.498873473454903	2144	0.110225559155645	0.901836260930815	69077	0.358533138825514	2	1	1	-7.08906276721017
chr21	5034010	10372303	0.495689669181414	255	0.166839869366377	0.734077081103194	1921	0.340023151444807	2	1	1	-8.19296716370928
chr21	10372482	10412095	0.474715717332211	180	0.171088226520353	0.464770782808443	502	0.2363586039368	2	1	1	-6.95753904648421
chr21	10412173	10739746	0.370123318166158	304	0.149310983636668	0.64658907000963	1756	0.279614290220796	2	1	1	-7.5111367162346
chr21	13000242	13035101	0.406903190847947	20	0.148513077574085	0.708547384321145	112	0.327332736890588	3	2	1	-6.97128535686283
chr21	13036507	23556656	0.00225455617738879	287	0.055441958390964	0.559033373387982	6253	0.275688448840169	1	1	0	-8.34504917280693
chr21	23734519	46661749	0.498868859227267	1839	0.116922112660504	0.913926855046827	50893	0.377430648245433	2	1	1	-6.89387708652723
chr22	10684424	11573342	0.493167562132888	531	0.159331602058158	0.666177691607606	2005	0.305670372749178	2	1	1	-7.38733502742331
chr22	11573349	12797360	0.255762854621761	179	0.141042964894187	0.8223168414014	922	0.325679726205405	2	1	1	-8.28849651886085
chr22	15541395	50782306	0.498891553928246	4112	0.118958187484889	0.840289061014469	123108	0.33500371467853	2	1	1	-8.79295396742996
chrX	284193	2959835	0.00158183241400994	424	0.0664800338235881	0.384172321854697	5461	0.202627263656804	1	1	0	-8.14665799239462
chrX	3001312	57977737	0.00103176124531373	1391	0.0289809206379441	0.482034532928923	67104	0.226954355028885	1	1	0	-6.82542777859291
chrX	63895417	155996516	0.00182942903950095	1969	0.0424117855199172	0.491735217441711	91126	0.220646469484181	1	1	0	-7.71540940426057
chrY	11185998	56854914	0.227847171932782	93	0.172102887619786	0.346820313602757	225	0.320657844708368	1	1	0	-14.5228338339862
chrY	56858009	56886905	0.49855066633692	104	0.139826722157374	0.767337208823036	308	0.271108056467625	2	1	1	-6.7440981254415
