chromosome	start.pos	end.pos	Bf	N.BAF	sd.BAF	depth.ratio	N.ratio	sd.ratio	CNt	A	B	LPP
chr1	133160	121564715	0.362773617200891	5309	0.102670173990513	0.850940714052497	280486	0.28321098373051	3	2	1	-6.85551088106053
chr1	125094663	240933088	0.362323544388153	4277	0.0989768727635796	0.851618960270367	213437	0.277645075534473	3	2	1	-6.87144640836513
chr1	240983022	242100800	0.185456741904804	56	0.145364654549198	0.394717533230771	1358	0.139539770401956	1	1	0	-6.75968735678951
chr1	242114809	248945592	0.372640006162504	356	0.111291164424674	0.841347809443851	13552	0.283676727555945	3	2	1	-6.73589042544957
chr2	41366	24395822	0.282041738841479	959	0.107974338724219	1.08381057535807	34578	0.388762267553847	4	3	1	-6.7548531983804
chr2	24395868	25137327	0.206355733920197	22	0.0871844961196448	0.414527766282627	1232	0.208444392907091	1	1	0	-6.78189013302887
chr2	25139325	92007009	0.29135622025754	3415	0.10422730897881	1.08122205560984	137235	0.38079084554203	4	3	1	-6.7744732990814
chr2	94199373	242101788	0.289395666150863	5035	0.103635454026312	1.07929208578196	286409	0.373377156935538	4	3	1	-6.80084043014941
chr3	27782	90613961	0.498921144339069	3794	0.0872313129159082	1.07851521038251	185349	0.369003856711556	4	2	2	-6.77000205842323
chr3	91396126	130035239	0.498911009404496	1669	0.0868159350000838	1.08528615330097	68500	0.379955906414554	4	2	2	-6.77345114646496
chr3	130083158	130131043	0.498387510965624	35	0.13918772765374	1.24124873008501	130	0.426115212331223	4	2	2	-6.73667665418741
chr3	130178104	198111126	0.498906833218674	3027	0.0865132564670808	1.08201565375763	119849	0.383391882174309	4	2	2	-6.77879387795937
chr4	13969	49711699	0.356195283492537	2370	0.108084221157884	0.846497200742291	70757	0.285927518020422	3	2	1	-6.75226400494423
chr4	51995997	118938077	0.361479922074724	1817	0.0995797063886425	0.834954997978362	78591	0.292000964659548	3	2	1	-6.75839929437705
chr4	118945870	190179679	0.330077030387897	2112	0.111131532863898	0.97938101991017	81441	0.356704548861458	4	3	1	-8.65487975312624
chr5	44922	1309789	0.267153420300173	350	0.114070186184545	2.152170497766	10776	0.859822348730447	8	6	2	-6.74086796664039
chr5	1320607	21293742	0.128497204687157	387	0.107451269735862	0.6197089988784	14349	0.220796925163509	2	2	0	-6.75495642848953
chr5	21478808	21786465	0.329823877905353	21	0.14697764650255	1.37180481096439	747	0.905581183394189	6	4	2	-6.74767567860327
chr5	21813194	30365610	0.138510225605711	86	0.125979098976509	0.63244784654631	2462	0.950780181064959	2	2	0	-6.74079785373116
chr5	30403102	36955957	0.126162388120129	756	0.0986732119289422	3.71929049224683	37748	2.11959912222306	17	15	2	-6.74108183562173
chr5	37003399	40257479	0.253408713449853	138	0.129622526457714	1.96743959573639	11320	1.12237129349166	8	6	2	-6.74309922401254
chr5	40257690	40806733	0.0996318902257815	57	0.0816085581720281	5.25086710276348	2771	2.92127509793425	13	12	1	-6.74366214987047
chr5	40808844	46206800	0.498728521002354	119	0.136496099948823	1.31933074158035	7822	1.03490033583338	6	3	3	-6.79445418901193
chr5	49599598	52498003	0.430580975294948	90	0.141612012369858	1.02780503452287	2030	0.373577889851517	4	2	2	-6.89228382662983
chr5	52683776	181286981	0.498922633156427	4400	0.0884446548502176	1.0685204027429	229770	0.368806226638527	4	2	2	-6.73318106385233
chr6	175346	32471090	0.348329394455289	2874	0.0983793628880946	1.51819318692503	114999	0.57292270272088	6	4	2	-6.73387154246149
chr6	32473323	32660834	0.200352993784779	88	0.11598599165948	1.82018785845275	741	0.735691169198406	6	5	1	-6.73972544740215
chr6	32660844	51446028	0.349659481915898	1542	0.0984703842305168	1.53110296628159	85030	0.530892209106383	6	4	2	-6.73439715277564
chr6	51584195	51836303	0.0801308196598103	16	0.053939124637564	1.06681796876243	494	0.264610295790519	4	4	0	-6.73908117113453
chr6	51895729	60874771	0.34356562212469	336	0.113294102769999	1.54290036100755	18221	0.582675464594769	6	4	2	-6.73830505804084
chr6	61077116	64735342	0.339936615043425	139	0.104841207363034	1.51360252463183	3731	0.680893814666732	6	4	2	-6.73963300668733
chr6	64886866	170640022	0.126321850758311	2389	0.0989633307529648	0.626570609685325	106634	0.213226446788707	2	2	0	-7.26706004798359
chr7	31439	4132182	0.129540756678768	389	0.103226738143951	0.685113310599868	10444	0.64771922998434	2	2	0	-6.8028884575925
chr7	4145960	4663095	0.223115863526077	150	0.110164347432326	2.40628181428519	3129	1.29925855551362	10	8	2	-6.73362674863725
chr7	4667225	5864210	0.353398450441295	151	0.119311294843626	1.67350612558235	9929	0.998978641228903	6	4	2	-6.73974688123857
chr7	5925426	5945430	0.019620815602096	18	0.106518156419734	4.42360046664049	383	2.96086842813292	17	17	0	-6.73304490515016
chr7	5968652	6289241	0.0986436600940026	17	0.112689415704248	2.87435879559372	4774	1.41187558822145	13	12	1	-6.73364063263091
chr7	6294517	6652974	0.338559664509759	86	0.0927657125676323	1.56214987102348	3662	0.718709851155949	6	4	2	-6.74374484897741
chr7	6662037	10029115	0.129802566293139	360	0.0922903617042958	3.88596634294566	13713	2.41901969320291	17	15	2	-6.73407556048974
chr7	10325066	13833281	0.261451571705125	141	0.112349526971588	1.91039642148689	5736	0.959700849820544	8	6	2	-6.73931506845133
chr7	13857342	32224099	0.132273360410869	467	0.0919629772812468	0.623748652084018	19449	0.251640592238417	2	2	0	-6.77725804440649
chr7	32396306	34361032	0.273030571927887	109	0.118579910646662	1.99698478793771	6028	0.834319378169071	8	6	2	-6.73355103948078
chr7	34440733	51494210	0.120225097709969	572	0.0942417706463003	0.622107079938504	22059	0.211332372472473	2	2	0	-6.77972413527808
chr7	51536707	53131805	0.440526241294905	33	0.101002812742112	0.966211151993408	664	0.422171394967513	4	2	2	-6.98772578487516
chr7	53175268	56106447	0.143227899433691	95	0.113964369395006	0.635118694104331	3567	0.228837653972207	2	2	0	-6.77967295637302
chr7	56160710	56277588	0.499106696906469	21	0.0870095232882996	0.917625254977742	237	0.301500803124118	4	2	2	-6.7508427245585
chr7	56288234	58091518	0.130280149243531	145	0.117273345428076	0.63755550693922	2075	0.272520431317491	2	2	0	-6.75380775284695
chr7	60981598	77794257	0.492014365213395	1353	0.1036992502085	0.98044215690938	40977	0.373607008299132	4	2	2	-7.22525856304447
chr7	77871417	79544453	0.137626387514126	25	0.125440849274336	0.506697407430878	833	0.284428182309584	2	2	0	-7.16056156970461
chr7	79802446	128731361	0.470173293213415	2051	0.0892646755954732	0.983486338288746	92061	0.327188593906504	4	2	2	-8.25322109982239
chr7	128798230	128917352	0.115886695615618	40	0.0550966458563077	0.641467370867757	1592	0.163861284273808	2	2	0	-6.77727907248058
chr7	128942604	159260906	0.498892845492902	1876	0.0933478054106374	0.985215775573643	72021	0.33212543889778	4	2	2	-7.65385064347478
chr8	311290	3616820	0.275381607686075	181	0.0987494852384964	1.06613394747178	5090	0.349489823823151	4	3	1	-6.74189858075295
chr8	3619761	7115785	0.0940920178264847	122	0.0803466312567934	0.832392047800173	2516	0.320082718757536	3	3	0	-6.73526906412466
chr8	7120484	8162866	0.104663142351062	50	0.161220018253672	0.776101625747627	698	0.503193532290082	3	3	0	-6.75113474936872
chr8	8162873	12496754	0.0964587168316042	316	0.0776283441479315	0.831715452967907	6680	0.292623611493567	3	3	0	-6.73703674883388
chr8	12532912	12582753	0.33907688595175	22	0.121862503244311	0.732481860920536	340	0.242098312134053	3	2	1	-6.76970981636586
chr8	12582801	42592983	0.0943318945960444	1264	0.0747314943984376	0.844686181021861	52567	0.287905306471456	3	3	0	-6.73715363723741
chr8	47880777	145008961	0.0933194047214124	2522	0.0849068647255366	0.846524635719614	120003	0.292313953869314	3	3	0	-6.76204429093607
chr9	103776	35189738	0.498886470421838	1337	0.0896071804519429	1.0193782116873	49242	0.35784002679926	4	2	2	-7.07250136905804
chr9	35295987	35753901	0.126996750683963	43	0.0789334637169316	0.605579998770325	2837	0.161869176047274	2	2	0	-6.7358447237494
chr9	35792426	38917230	0.499085751179509	177	0.0873053679490973	1.0211382997336	9485	0.359599963376216	4	2	2	-6.76234596828505
chr9	38923248	42405487	0.406421995440953	285	0.125545735107398	1.00901982759596	2164	0.411472992575919	4	2	2	-7.08890077268544
chr9	60521862	65735389	0.307876122603493	150	0.1251368290933	1.01616516588505	2047	0.405525491250006	4	3	1	-6.79612800748573
chr9	65735805	138214444	0.496778979513385	3519	0.0894500690811505	1.02741507389847	183448	0.345601670249937	4	2	2	-7.23955177210483
chr10	139936	38527882	0.126288446218194	1595	0.099681006399707	0.613548232730007	47476	0.217455181937515	2	2	0	-6.73401134216215
chr10	38645093	39475579	-0.000261561244171038	24	0.143566672639417	0.768986593509126	213	0.450822922124773	3	3	0	-7.00524636975259
chr10	41859788	42283185	0.498496652103344	47	0.155814104472722	0.822582374499942	336	0.358915370296155	4	2	2	-6.86474834382284
chr10	42337130	46532570	0.131609047844965	208	0.10841590670061	0.605444870489572	6214	0.204736161198062	2	2	0	-6.74465966996125
chr10	46544521	46559872	0.0941010575265973	29	0.139861138029956	0.614047636204365	132	0.23044604938985	3	3	0	-6.75016060230154
chr10	46559923	125860018	0.128284813075641	2516	0.096488186109297	0.619337255693459	114507	0.206150254696589	2	2	0	-6.81938794402083
chr10	125891446	125917965	-0.000651269240480284	13	0.133362528854863	0.609015547089928	81	0.200215182851962	4	4	0	-7.04152336288691
chr10	125997444	133787145	0.137040253139276	368	0.103244661963257	0.631149453110618	10620	0.199995762724084	2	2	0	-6.82434560103842
chr11	192997	50553108	0.36269213591241	2679	0.0944326756478134	0.869237051341626	104981	0.270559005843931	3	2	1	-7.15203743447136
chr11	54591798	135055593	0.498920739900415	2646	0.0905650480689742	0.619993877628163	151705	0.193356422635525	2	1	1	-6.85698168480957
chr12	13488	34614483	0.283640617486599	2605	0.104184238912211	1.06052890411435	84988	0.35582988787302	4	3	1	-6.74222373485837
chr12	37540858	133259640	0.28611888357201	4944	0.103926664489603	1.06463764653049	254333	0.369102241741373	4	3	1	-6.73772695348994
chr13	18177561	114325855	0.369520480329909	2981	0.105739267818712	0.859338578403436	109398	0.31778809362624	3	2	1	-6.98809064503159
chr14	16098225	16402213	0.498219686944832	8	0.166492331440735	0.720907810423716	28	0.194953976389436	2	1	1	-6.85453310097346
chr14	18330620	19680240	0.484391225273896	79	0.151556784545932	0.651720105164608	1271	0.256020375736161	2	1	1	-6.78324623722174
chr14	19684889	106005446	0.12879071808595	3299	0.0936072245800383	0.620647458510534	138150	0.203985814745234	2	2	0	-6.8787685739063
chr14	106011794	106874951	0.16540710459298	218	0.122023934327523	0.610350655815575	2960	0.16831577950199	2	2	0	-6.78373728710679
chr15	19848288	22830254	0.408880092374432	319	0.125534359113016	1.05425969163431	4737	0.359486423122892	4	2	2	-7.03595619419636
chr15	22838044	93621418	0.498932109604332	4814	0.0874069221037778	1.06036195348076	201886	0.362328340976371	4	2	2	-6.75046542857031
chr15	93648614	101829176	0.403798022317962	377	0.110065837312817	0.844963830761551	9891	0.293187288925105	3	2	1	-6.80805314945967
chr16	11641	2500474	0.498905094751798	653	0.0756663125682384	1.18686023808959	27961	0.346008532803694	4	2	2	-6.86853521083906
chr16	2501103	4545268	0.131428785164307	275	0.0845351514153581	0.625784047676612	10114	0.190190895984386	2	2	0	-6.74566383157436
chr16	4546113	5514782	0.498846851780389	232	0.0820500941070549	1.17000220705132	6002	0.397755470487826	4	2	2	-6.76345744290053
chr16	5524801	6142486	0.148857637399326	21	0.108569617779386	0.618119696721471	341	0.263419775176645	2	2	0	-6.75132856587467
chr16	6202846	33979048	0.463538104868985	2157	0.0918416725625267	1.15693810207762	97077	0.411641840083435	4	2	2	-7.39538567767158
chr16	34099206	34163346	0.155784389985265	17	0.0819843510892744	1.23194758793197	182	0.418998087543447	8	7	1	-6.78166712974718
chr16	34266408	35826946	0.444773777790949	47	0.108936750186361	0.994239405982529	1453	0.416484849277324	4	2	2	-6.9110389884753
chr16	46386441	63346838	0.339071214258395	691	0.103732219384177	0.94908094258328	35393	0.336750231833157	3	2	1	-7.85786166172496
chr16	63356097	90167920	0.498905821864014	2897	0.0889575710340146	1.17792895756649	98357	0.413489591183379	4	2	2	-7.52038978362912
chr17	138189	13397180	0.126830194773604	1412	0.0913910913671712	0.6128468941188	51301	0.192431826553495	2	2	0	-6.73437113580857
chr17	13435886	13629866	0.268458012773351	19	0.0900102333363444	2.26674886355867	519	0.910334884687721	8	6	2	-6.73588220458619
chr17	13632182	15034547	0.137081377963824	40	0.126966659766679	0.711661914648408	910	0.411230563064395	2	2	0	-6.84164798730404
chr17	15115318	15817600	0.210255305095132	125	0.0926316325821731	2.47774033057449	4659	1.09308689335933	10	8	2	-6.73938463011274
chr17	15820207	18388245	0.124599140744598	221	0.0931677821094842	0.618763252650931	9688	0.19825210488221	2	2	0	-6.73749658615085
chr17	18397782	18514575	0.498603548627478	34	0.146861618933827	0.847523232138115	389	0.36935328596469	4	2	2	-6.76045900386165
chr17	18598283	21285176	0.132465804949434	186	0.11902219271959	0.806148272476181	7707	1.06335860770255	3	3	0	-6.79479820346768
chr17	21290809	21435535	0.413853290332782	177	0.108471724651141	0.630520646305585	619	0.200203665312086	3	2	1	-7.02711739033491
chr17	21478660	21508947	0.154530972801001	14	0.0599569900790613	3.44517460696161	135	3.1807964313605	8	7	1	-6.73367750527722
chr17	21546859	22429774	0.498573685006963	163	0.143936003582563	0.661437733629053	1046	0.270178032315023	2	1	1	-6.77320913700454
chr17	25074459	30634042	0.498850726930844	328	0.0998935308131701	0.968162203897378	18032	0.303618155587379	4	2	2	-7.06384245874789
chr17	30658659	31803084	0.172968271078082	54	0.111047966858454	0.585128666402919	3118	0.33643986217988	2	2	0	-6.83547574050484
chr17	31808581	46119666	0.496631685725406	1696	0.0952100699297433	1.20798341812688	84485	0.422079194661516	4	2	2	-7.38660916954072
chr17	46134136	46499052	0.381426898402425	228	0.128006388290716	1.18012334658769	1693	0.462616946701692	5	3	2	-6.77663951407991
chr17	46548981	83134125	0.439689538940187	3710	0.0917202694067921	1.19106535334383	158919	0.413097976533441	5	3	2	-7.57724346946998
chr17	83134137	83233421	0.258705814674362	14	0.101062188448826	0.841761859110665	75	0.412306493187197	4	3	1	-6.80068482253911
chr18	47948	15357314	0.37327056350222	983	0.108705303882756	0.850134876868637	25344	0.299810544180089	3	2	1	-6.74836306064689
chr18	20946254	65173226	0.383062650202307	1349	0.10365365408615	0.8421644222231	53295	0.298308691320129	3	2	1	-6.75181187575545
chr18	65472965	80257347	0.125878147423483	350	0.108415964955466	0.617676550754219	10080	0.220612846314254	2	2	0	-6.74078542794249
chr19	111392	24394098	0.370425000711143	3422	0.100639501395312	0.84013328097287	155002	0.26753084836145	3	2	1	-6.73502657738612
chr19	27392054	58580350	0.362205277571786	3964	0.0976873585571978	0.840095208533647	174984	0.259175495027787	3	2	1	-6.73385071603988
chr20	101498	26274736	0.498886021517551	1315	0.0920485489862631	0.967063596462393	47505	0.329319213735204	4	2	2	-7.90362292089808
chr20	28559257	64239656	0.498883130884536	3004	0.103450739976783	1.00079906274761	108310	0.345998493026864	4	2	2	-7.4096508938804
chr21	5218123	13099377	0.498709170984561	673	0.144169993390067	0.825378373693226	4669	0.407295125499247	3	2	1	-7.21951977418683
chr21	13227652	13399490	0.0666735766551556	9	0.0671914759805471	1.04257062724649	255	0.369563449260313	4	4	0	-6.74205033275327
chr21	13431450	13438241	0.498511766375792	9	0.134388842956218	0.954764268186339	26	0.414956835568009	4	2	2	-6.73340136737957
chr21	13452291	14510007	0.0857150512602125	66	0.0949280281904693	1.3906534890472	1688	0.746896361860679	5	5	0	-6.77719995330824
chr21	14512628	15146203	0.469528221602609	33	0.146018354491772	2.19676575761898	1428	0.884664908038718	9	5	4	-6.74549028981625
chr21	15174298	19180475	0.0609840927281229	133	0.078830662161868	1.35178853858324	4306	0.590415776264571	5	5	0	-6.74560352970722
chr21	19342577	19763472	0.368593940568107	16	0.112492944223182	2.23645938953963	414	1.14274643519416	11	7	4	-6.73928889374876
chr21	19804946	32363802	0.0550484145329313	655	0.0623654435309892	1.42168512147381	19482	0.649942976037186	6	6	0	-6.81658896639492
chr21	32383454	32433931	0.376017233364847	9	0.143182963760048	1.51822902829174	285	0.505978243725263	8	5	3	-6.74366663021535
chr21	32434038	37342479	0.0591355277874548	406	0.063873502633129	1.41469946090482	17878	0.569279017541768	6	6	0	-6.78822004885862
chr21	37363019	37625399	0.498687032690864	25	0.142062451055865	2.13755341962571	923	1.34162010392428	8	4	4	-6.73361608542615
chr21	37635807	39263083	0.0599005781193614	78	0.0531243130844309	1.26172595047906	2796	0.54744820565262	5	5	0	-6.73589858907495
chr21	39270230	39353261	0.450102580861159	32	0.0999761060163555	2.75345934594374	982	1.37950243675527	9	5	4	-6.73448755705408
chr21	39356098	39459624	0.498089459333143	17	0.173498368359848	1.76462786212317	623	0.938554607132171	8	4	4	-6.73401073226313
chr21	39464515	43032345	0.0588180100974693	388	0.0644740193529787	1.33326212493026	11479	0.510775275773474	5	5	0	-6.74099277711158
chr21	43207517	44335925	0.0829978274658614	99	0.0860297118282642	1.03180919668105	3558	0.371775055318147	4	4	0	-6.74445801843146
chr21	44343759	46623385	0.0596131337237341	424	0.062179037679149	1.40989617386068	14467	0.520640592279089	5	5	0	-6.76969136554107
chr22	10684424	11257874	0.360913226388774	395	0.134412432072042	1.00096684150264	1852	0.390147898641652	3	2	1	-6.80131673796716
chr22	11279246	12900564	0.498643377528145	222	0.140304756393888	0.75024147062832	1350	0.383119470632817	2	1	1	-6.98853891640935
chr22	15563583	16692122	0.49842509843116	42	0.145585455505761	0.657800783529355	1098	0.242487764538963	2	1	1	-6.78756913951403
chr22	16694664	19188899	0.125802931251198	176	0.10862189812946	0.610498330020699	5503	0.206285034663081	2	2	0	-6.73500381670326
chr22	19210386	26585915	0.498899306447413	1009	0.0944571867268816	1.07163244228861	35311	0.358517415416347	4	2	2	-6.73347252093353
chr22	26625972	27276494	0.178169989419438	98	0.0929683332244767	2.89461912458762	2045	1.63101442851533	12	10	2	-6.73636941559097
chr22	27295768	34721649	0.498877219889276	550	0.0883899832593388	1.06531333715776	28109	0.374397314760432	4	2	2	-6.73335388885251
chr22	34731984	36327652	0.255049628308692	273	0.0975128635871414	1.97467012237564	9215	0.79092675795211	8	6	2	-6.74745405082668
chr22	36338558	36804626	0.499208406288615	58	0.0706333631531207	1.12563626448698	1841	0.64791571453361	4	2	2	-6.73493392402413
chr22	36811147	37785959	0.256406138192402	248	0.112428814853216	1.98528738133643	10819	0.76998336585969	8	6	2	-6.74204843201891
chr22	37789344	38559987	0.2063123876205	208	0.105300879166742	2.40213789690524	10626	1.10154756503339	11	9	2	-6.73850579292784
chr22	38568988	39193347	0.256443263362172	147	0.100423492887731	1.97732849764641	6222	0.746094130530706	8	6	2	-6.74424573959912
chr22	39196875	40251495	0.130997913630255	55	0.112106181629721	0.605971098137647	2773	0.19575155499888	2	2	0	-6.73585873634189
chr22	40262762	41759572	0.186759277852428	436	0.0981649023283809	2.83290449228685	22662	1.57998865438297	12	10	2	-6.73332054723762
chr22	41761036	42006395	0.344072809253815	56	0.0829457575846933	1.51378742705825	2558	0.546092257178329	6	4	2	-6.73699741059515
chr22	42010784	42706084	0.228669457138965	244	0.107114094615652	2.2345827622941	7323	1.05155497777726	10	8	2	-6.73991338794775
chr22	42713737	43821813	0.31904300871785	192	0.0972734534936493	1.55258055801947	5798	0.638077389382065	7	5	2	-6.76825925373444
chr22	43833628	45079001	0.26871755750345	317	0.0986114533094157	2.01180947765402	7127	0.949091169831131	8	6	2	-6.73341962541988
chr22	45089705	45161922	0.136635590793376	18	0.0836127277111213	2.38032106308577	329	1.18872798280466	9	8	1	-6.73380981656342
chr22	45179105	50032087	0.141450775310505	293	0.0844959306616459	0.630638107823867	8135	0.263300407031539	2	2	0	-6.77430945227501
chr22	50033757	50125984	0.237366730492175	19	0.113731807233545	2.43947290983297	1437	0.858559827080159	9	7	2	-6.73495109463301
chr22	50147099	50808396	0.133955971193965	157	0.0900236871581634	0.622756003382911	5845	0.167277589914068	2	2	0	-6.73710306992252
chrX	260234	57876210	0.498900814922551	2344	0.0954498963504063	1.08113530749008	111737	0.387125028407767	4	2	2	-6.76651791729101
chrX	63643756	90315892	0.492101211310369	545	0.0877782697239234	1.08660297508604	36731	0.370776642334952	4	2	2	-6.77178207899241
chrX	90471954	96807043	0.435577840158631	90	0.10467976790068	0.850601875830397	2879	0.31313035795668	3	2	1	-6.99930533043641
chrX	96815980	97351542	0.0835640048799264	9	0.126505709137748	0.850571139410442	628	0.325351486123001	3	3	0	-6.73822210860992
chrX	97623525	156010162	0.498895143538202	1599	0.0915590830188958	1.08698588048411	96715	0.371790147933176	4	2	2	-6.80944392943485
chrY	10796683	11722122	0.334091679729422	43	0.147846040958974	0.876296986978285	291	0.355404749762257	3	2	1	-6.76648698640391
chrY	56830432	56885653	0.490357363362636	123	0.135828394646394	0.880167241245739	388	0.335334963075789	4	2	2	-6.74707383095349
