chromosome	start.pos	end.pos	Bf	N.BAF	sd.BAF	depth.ratio	N.ratio	sd.ratio	CNt	A	B	LPP
chr1	87190	16456329	0.168834790349731	1418	0.104241576107142	0.557029449506035	50301	0.176920744576551	2	2	0	-7.86678127557851
chr1	16476772	16947843	0.484479113228424	168	0.144834839888239	0.510941584319475	2084	0.1692307377644	2	1	1	-6.74395673861423
chr1	16970387	35534588	0.165400133055196	947	0.103174657597133	0.547339124183255	56894	0.185468061603048	2	2	0	-7.41499613497997
chr1	35563657	124514242	0.498927944921574	3834	0.0846011757137196	0.889984372142727	188098	0.305059177667813	4	2	2	-6.87478527680144
chr1	125065988	143352108	0.206004380396595	15	0.146701089034163	0.378632734351292	382	0.208278160107039	1	1	0	-8.48293334000445
chr1	143542957	143884651	0.499262253833478	12	0.0829083100707515	1.01692459925272	601	0.444621917345917	4	2	2	-6.75608638308514
chr1	144104296	145608293	0.0601623263751347	31	0.0670043169849798	5.35744290831108	2425	4.41344847881976	20	19	1	-6.75275840843086
chr1	145737064	146228533	0.499058180289821	24	0.0912309440098453	0.913565976126628	3068	0.289753426764792	4	2	2	-6.73929933289216
chr1	146530120	150853154	0.094424024563135	158	0.111917515676709	0.515784609704006	8597	0.195039508196617	2	2	0	-6.94022261696092
chr1	150855831	151300530	0.205094876314643	71	0.104545697266322	2.16723132516202	9747	1.04682951536173	11	9	2	-6.73334256098732
chr1	151323376	152309604	0.332780457616904	73	0.0905234818212104	1.47815471055124	8627	6.5544863526565	15	10	5	-6.74670708140487
chr1	152909659	159713648	0.104406540831585	416	0.0764077914653816	0.500520842252437	28022	0.149296277892329	2	2	0	-7.32608839863911
chr1	159765212	160263634	0.133123627423204	102	0.0751140438828148	3.04807775340982	9407	1.2270701499287	17	15	2	-6.73562005201677
chr1	160269293	160960774	0.0424425585828417	127	0.0311210468984415	7.95774223959554	16382	4.88258623597724	10	10	0	-6.76771233093731
chr1	160962417	161570409	0.0653936968984279	327	0.0555166310297603	6.96644234275185	23585	3.60565680468625	20	19	1	-6.74866640930968
chr1	161572445	161599779	0.498745108826094	13	0.203665795877109	8.33902926214313	792	3.81672823578335	20	10	10	-6.73378976951226
chr1	161600348	161642566	0.036465657219954	56	0.180686637687907	10.3966243142223	2141	4.85598248739066	13	13	0	-6.73538120096931
chr1	161645605	161650475	-0.000222119909285917	10	0.203033549499146	13.0730324607762	85	9.13877349603133	20	20	0	-6.74057198151955
chr1	161653235	161798259	0.0387776436393228	74	0.0375953065083265	9.96071054303219	4415	4.9823878501703	11	11	0	-6.74159444534826
chr1	161829119	163180946	0.0807781739280002	216	0.069046634273982	4.83331834946857	11359	3.86732135337326	18	17	1	-6.74145595710157
chr1	163281094	166439709	0.115281667453813	44	0.0884675619294557	0.468852481202387	2044	0.17946918611611	2	2	0	-7.48224558171506
chr1	166472365	166849329	0.107836348518812	37	0.0719337574819046	3.65948188788943	1124	2.00986488397884	13	12	1	-6.74228545858111
chr1	166857536	179382377	0.112214643245514	380	0.082909124470276	0.490150719773589	18136	0.155433589269208	2	2	0	-7.92663809245076
chr1	179776241	182734194	0.498778254793867	179	0.102716942721314	0.998652090613281	8180	0.421915153916003	4	2	2	-6.89977084332535
chr1	182784358	184051687	0.170384764990364	127	0.110617277028739	2.06926963289944	8848	1.03867094223549	13	11	2	-6.75746428641818
chr1	184174980	184251122	0.0468480365571421	20	0.0396607654463384	5.81186214101002	442	4.10842729864918	9	9	0	-6.73697249000834
chr1	184374385	185166613	0.218563564000916	51	0.102990751536052	2.0313134602816	3628	0.880981744844723	10	8	2	-6.73730306879245
chr1	185175522	188436796	0.348822887968616	103	0.0823109756147005	1.090917157393	6686	0.533061027908347	6	4	2	-6.83569216394126
chr1	188436816	197172123	0.157481555864129	421	0.107362666542778	2.35242863287306	14477	1.35696479531296	13	11	2	-6.76015306398894
chr1	197199495	197840964	0.144731778262723	20	0.0924577286058195	0.487240063600706	793	0.166867324020533	2	2	0	-6.81213035116571
chr1	197894620	199778127	0.0818341399082332	146	0.0805905121995729	4.49861988963616	6971	2.81882098658325	18	17	1	-6.74679764212429
chr1	199787871	200143875	0.227963129673724	68	0.117225718014451	1.97050035948373	2084	1.00416175417364	10	8	2	-6.7332857695129
chr1	200155870	200287521	0.441288818135578	11	0.116436092498691	1.17445221964546	317	0.46414341853106	7	4	3	-6.74584460818319
chr1	200295797	201305403	0.150182867570835	229	0.09261799111208	2.78340536354084	12948	1.28514686493856	15	13	2	-6.73472437590201
chr1	201314230	201349955	0.260641859289972	21	0.0755007410875013	1.5705958819714	397	0.345482884439966	9	7	2	-6.75083568032602
chr1	201350166	201978306	0.134662258860187	204	0.0895718601459779	3.37861086210725	10225	1.76275289852533	17	15	2	-6.7341647940683
chr1	201980122	203372182	0.0601381136100388	504	0.0455123684553271	6.69048459295888	34678	3.69812429028954	20	19	1	-6.78347093834681
chr1	203372218	203407895	0.128978434642767	17	0.105013129431234	4.2954436452312	241	2.52340070240054	18	16	2	-6.73334900769382
chr1	203411838	205394235	0.066445584290464	888	0.0494811814358788	6.13890106831587	45548	3.5770973441449	20	19	1	-6.75995354066145
chr1	205395356	205702320	0.223763254495095	68	0.0996190108473903	1.89984091677584	2617	0.975944727198225	10	8	2	-6.73336500335691
chr1	205720679	206867269	0.0965818213966938	53	0.0982532346195663	0.516110611124979	2752	0.194089640631995	2	2	0	-6.97502251940398
chr1	206995845	207071712	0.465794826045563	14	0.026398155946252	0.851093719106158	474	0.209397532061163	9	5	4	-7.45305730817099
chr1	207096574	213242035	0.126273134722106	220	0.0819264996756697	0.870864967097934	10088	1.03309493109164	4	4	0	-6.81803482594931
chr1	213425973	214153329	0.24366461800443	10	0.0874187877086181	0.76334282013751	436	1.20816935005788	5	4	1	-6.76502007918409
chr1	214245464	214436479	0.499334465820711	13	0.083378193053838	0.934325202796766	716	0.254038468542145	4	2	2	-6.7404526900525
chr1	214449302	219200688	0.119337792932053	139	0.0741513547940124	0.524624029931554	4163	0.775727085647197	2	2	0	-6.90841735798389
chr1	219262673	219410748	0.18267239369693	20	0.0958251010956941	2.17133174573674	228	1.7468721049839	13	11	2	-6.73546287163389
chr1	219411806	220053197	0.0467304507799253	142	0.0399642958222133	7.91750253291653	7462	4.4891219711449	10	10	0	-6.77576984029784
chr1	220055316	220334792	0.112894092790772	90	0.0737014771922829	3.14546460649636	3766	1.54298442547652	20	18	2	-6.73781589330771
chr1	220354989	220881139	0.101989687128061	23	0.0699140635679616	0.478040026526704	717	0.142567403225342	2	2	0	-7.2348626563953
chr1	220977350	221978907	0.151328370498506	56	0.109420372221734	2.0593057589647	1372	1.19353139120401	9	8	1	-6.74382363276387
chr1	222133747	223676881	0.0818872749952888	79	0.0647869802316023	2.60918205964201	3834	2.76079750824908	17	16	1	-6.73778929519362
chr1	223702105	223950486	0.208684885859922	63	0.102545028387056	2.05831599680334	2285	0.782297372213338	11	9	2	-6.73340373384457
chr1	223956282	224192147	0.0737960798901544	106	0.0929477633007141	4.7040462544599	2599	3.57364237462851	19	18	1	-6.73393423710394
chr1	224198958	224415767	0.281350619443541	31	0.126834207251168	1.74815387935456	2047	0.880077275666058	8	6	2	-6.7355860457982
chr1	224418547	224991453	0.160142162534066	108	0.0984462786596399	2.97849807826744	2917	2.24522415733481	15	13	2	-6.73486648148675
chr1	225040235	227508301	0.106983480320768	173	0.0871374531648224	0.522013222417157	5627	0.213075146724319	2	2	0	-6.94734608433319
chr1	227563411	227893267	0.117819547843372	65	0.0634268506597591	3.70030665191876	3056	1.7790005136707	20	18	2	-6.73303410366755
chr1	227895491	228100545	0.0528382895519193	141	0.0597159240963315	7.3444437833676	4014	4.76533365573562	8	8	0	-6.745748124158
chr1	228106599	230747753	0.106483958698451	180	0.0735228759208638	0.555094255127708	6358	0.424746585085678	2	2	0	-7.06943856459743
chr1	230755502	231721935	0.498720864860983	101	0.0982028613646162	1.13931394219559	4253	0.50397553693309	6	3	3	-6.74663212278677
chr1	231767264	233519715	0.110437150718875	72	0.123644645009142	0.502180135282044	2181	0.261726509647559	2	2	0	-6.8494835127069
chr1	233521125	236811820	0.498834845872229	355	0.0887589415752395	0.967915617223851	10491	0.442458762658715	4	2	2	-6.83202650501369
chr1	236852328	237658691	0.151259252883971	185	0.0788529946854133	2.57582858629559	5438	1.59858023500339	15	13	2	-6.73599208533099
chr1	237678090	242110553	0.496461910097089	246	0.098226353265601	0.90442856549653	7936	0.649386241929868	4	2	2	-6.74026035409922
chr1	242183623	242300571	0.208776619673758	40	0.0870027408940484	2.06447495441815	463	1.24118354747202	11	9	2	-6.73333848734899
chr1	242321361	242813119	0.470831958115489	16	0.0987104984284853	0.794806541936858	466	0.324357261750474	4	2	2	-6.81134725331087
chr1	242862338	243140024	0.0992064838538353	83	0.0768092901834004	3.81868447408079	2012	2.59635189965253	14	13	1	-6.7363980099874
chr1	243159908	243750694	0.0513147415885462	96	0.0402169759368948	8.01262173937346	7093	5.55040713057237	8	8	0	-6.76373394575292
chr1	243755080	245600260	0.10073765541496	456	0.102178673289996	3.98330609927465	14998	2.69789121724867	20	18	2	-6.75081661912798
chr1	245600280	247123595	0.000406234292606486	176	0.0897501132293176	0.872750709705035	4340	0.314005413641955	4	4	0	-7.33778413587826
chr1	247123958	247244310	0.139337514583477	64	0.076139778519614	3.60599757276338	1400	2.23552536676786	17	15	2	-6.73353335292734
chr1	247249058	247775278	0.499249008504806	71	0.0750033560617333	0.844432177581569	1827	0.234429390911375	4	2	2	-6.7407908080602
chr1	247840994	248453582	0.164399399714239	75	0.10732891267266	2.12687209391404	4608	0.716166874992824	13	11	2	-6.75768221016449
chr1	248471528	248945674	0.106512272313627	109	0.101009048588253	3.32675499511289	4416	2.15869361070041	13	12	1	-6.73847961006501
chr2	92957	69124489	0.498914912298738	3407	0.0885079573320154	0.907913176662676	135793	0.322234584888297	4	2	2	-7.2063764911448
chr2	69338213	73773530	0.177628400742348	230	0.0857532850513327	0.571814266587322	10358	0.182894144161398	2	2	0	-7.36945443584923
chr2	73830868	73945773	0.499026871472787	25	0.0965474839996707	0.902961082843583	582	0.258038406449844	4	2	2	-6.7340461370107
chr2	73960740	92075691	0.167729686840692	503	0.125502846328235	0.555246326765011	21798	0.18385794870033	2	2	0	-7.7959519226808
chr2	94194584	242074617	0.374567886241995	5171	0.102342957011179	0.704304756321154	248457	0.235745861354664	3	2	1	-6.8344972520083
chr3	13132	90232259	0.498921863693806	4064	0.0873909746497189	0.871135005651268	189314	0.287860026118208	4	2	2	-6.7528391431507
chr3	91404517	103691661	0.498856082878065	222	0.0796921731704976	0.847496019362884	13455	0.273386346956622	4	2	2	-6.83877997407935
chr3	104104417	130083286	0.0981420348475709	767	0.0840256622921748	0.49038825826095	37493	0.158600595572724	2	2	0	-8.7655283793714
chr3	130089776	130108059	0.0990289965815754	10	0.186645951231499	0.58400412366209	38	0.224823358826998	3	3	0	-6.74713708460792
chr3	130121457	178980172	0.0944316326560884	1097	0.0881632628364696	0.495825339034741	46591	0.166430013910321	2	2	0	-8.96062165059349
chr3	179115214	195617886	0.498899737907389	1027	0.0830072657906621	0.884462857618636	38914	0.307265232196598	4	2	2	-6.74294730282221
chr3	195619082	195982009	0.316627836708611	166	0.105172226665477	0.867839851568438	2807	0.266378159939076	4	3	1	-6.75283106349731
chr3	195982102	198120733	0.468391862399929	334	0.0818386941262348	0.929145872130859	9581	0.363521551143652	4	2	2	-6.85479567242867
chr4	13970	49711665	0.380543589122898	2104	0.103096084070952	0.71086801469741	73115	0.244162040847413	3	2	1	-6.88239291862674
chr4	52072077	96963928	0.377201598070704	1571	0.102877221932228	0.70658374396016	56550	0.236844613823027	3	2	1	-6.79429958749645
chr4	97723103	126952741	0.169892964157349	536	0.103709557456646	0.538671972506546	28915	0.185783021203683	2	2	0	-7.23504845587756
chr4	127165063	190179679	0.357021169561626	1724	0.109955034913519	0.683168704496613	64739	0.242108062131717	3	2	1	-7.05412447215784
chr5	44595	256357	0.499148655463846	87	0.0760084830449042	0.932309672465936	1109	0.265239297372059	4	2	2	-6.7401211264253
chr5	263571	688563	0.0800411046191111	130	0.0691634608534966	5.35862028129431	7164	2.41588352104276	18	17	1	-6.74328346611117
chr5	693457	878410	0.498510561957774	171	0.163624657529883	6.29188295041552	6544	3.15322926433429	20	10	10	-6.73618463656949
chr5	966706	1302029	0.220801516952378	81	0.0927436946710372	1.98121214597735	3587	0.908091093264671	10	8	2	-6.73488656986022
chr5	1321758	8628099	0.498990524407535	277	0.09409039695496	0.918897696890177	8535	0.545466798542933	4	2	2	-6.76667991634383
chr5	8781006	9379998	0.0890136744178721	73	0.0859029619609719	4.12855357446402	2389	2.61864273555785	16	15	1	-6.73872938678675
chr5	9426207	46381441	0.498889633243348	1374	0.0826058421220316	0.858041271798217	48890	0.31968282592313	4	2	2	-6.82423966670356
chr5	49599598	49661768	0.397872395675209	60	0.113130017446554	0.533921547209453	519	0.145032174310029	3	2	1	-6.88717166892544
chr5	49661770	181281936	0.498925867844337	5154	0.0860257022943458	0.879903384967865	239958	0.309390184776336	4	2	2	-6.74987290648922
chr6	178170	60964215	0.44574928470555	4021	0.0903511212394255	1.04143417365794	193722	0.364714420676324	5	3	2	-6.83256363786398
chr6	61077116	170610647	0.44585130225924	4391	0.0913006925241077	1.00419292017865	188473	0.367341230254049	5	3	2	-7.7390270280574
chr7	119262	58100473	0.372317993492804	2516	0.101967322027903	0.706918487742489	96224	0.241640444809876	3	2	1	-6.81407553292517
chr7	60981598	159268017	0.390268731813381	4831	0.103872781746973	0.711356339848698	196279	0.241274246241928	3	2	1	-7.06071253173438
chr8	242991	43618035	0.498887523228704	2878	0.0968145372423894	1.0501403143253	103465	0.385504471677755	5	3	2	-7.14639155948734
chr8	45952323	143315910	0.465891214969218	3549	0.0941784250877141	1.05009114455629	159947	0.40166021769264	5	3	2	-6.90106579241997
chr8	143317895	145003654	0.455427325773923	363	0.0700166232727012	1.12589126883772	20726	0.339065883483019	5	3	2	-6.95785717818495
chr9	117877	43249804	0.403075528329999	1775	0.105889184472958	0.681666845644138	58790	0.229744425684369	3	2	1	-7.06432315516089
chr9	61221196	138199123	0.378280649616313	3644	0.100556959527844	0.694363100581605	163711	0.228662670673541	3	2	1	-6.76815805924665
chr10	47876	39967657	0.287056754907164	2179	0.110668211891052	0.7728984038089	69588	0.283185089645776	3	2	1	-9.17757448943872
chr10	41859953	94171330	0.394265359907076	1752	0.10453108145417	0.556588396293457	71627	0.185242294026815	2	1	1	-9.79141985017602
chr10	94361748	133787147	0.498893969222474	1779	0.093024960204403	0.732541515760842	86062	0.239390945265519	3	2	1	-8.47407083309465
chr11	223868	35180435	0.229592797256583	2899	0.091345056652661	1.0162638999051	106766	0.335419679844302	5	4	1	-6.98490999977658
chr11	35186704	50553225	0.346512441635036	450	0.10140021873895	0.679040435488619	25447	0.218183064254742	3	2	1	-6.92738417316316
chr11	54591430	135055593	0.353891474597931	3647	0.0971088621697505	0.677613780503079	187737	0.212603730824764	3	2	1	-7.61955756408646
chr12	13488	34309801	0.397638977074337	2065	0.0995693137342694	0.68949118708372	73305	0.227225957531637	3	2	1	-6.83802975180053
chr12	37433302	133219447	0.390981468489936	4063	0.0946309561792898	0.692940892865308	219114	0.227121730351432	3	2	1	-6.82884555831183
chr13	18177561	114349341	0.498913868455023	3349	0.0899828547959248	0.862760286186061	132815	0.31298254385013	4	2	2	-6.86558558482726
chr14	16037128	16402034	0.192905215229809	5	0.111883868363585	0.658029775398803	41	0.324814340966591	2	2	0	-6.89484197265286
chr14	18289828	19976331	0.325886191838535	103	0.119173108432493	0.511354259298229	1979	0.165548476697948	2	2	0	-7.72950951754263
chr14	20002744	106874951	0.498909421831893	3393	0.0971260175176053	0.522972767719775	145074	0.170812144443456	2	1	1	-6.74938867937112
chr15	19841982	22618416	0.403365379142465	362	0.13558427932421	0.79344900068596	5672	0.27525504336997	3	2	1	-7.0989656912464
chr15	22630270	33131095	0.498879370566794	474	0.100175726302665	0.819751764537314	22621	0.277070712793329	4	2	2	-7.07375577731109
chr15	33144374	65051748	0.14432825311062	1081	0.102418388666625	0.529035915499572	68869	0.171603527305887	2	2	0	-6.88161455566372
chr15	65055067	82628387	0.209821797842866	651	0.110656177892507	0.567975813996435	41365	0.186137385487121	2	2	0	-8.51877956153492
chr15	82632278	101980754	0.498892869149628	1097	0.0943321636029122	0.897362089175795	44229	0.327197540656555	4	2	2	-6.79574636563645
chr16	11641	32882559	0.498923224157727	3187	0.0882136507943017	0.904836241099495	144706	0.301991199774766	4	2	2	-6.95266337983198
chr16	33048864	34267372	0.498464798777628	42	0.151387243719461	0.846943661740332	1313	0.27994830215036	4	2	2	-6.74364594551095
chr16	34573026	35301693	0.454067873745937	64	0.115255026919257	0.593013701898764	1058	0.259451739810816	2	1	1	-6.93255381420138
chr16	46386256	46401545	0.491882572312864	60	0.10001955176096	0.532990678155887	1030	0.134214534197893	2	1	1	-6.73722555120361
chr16	46831226	90173575	0.498914987242836	3419	0.0889389884311289	0.891644579260181	132458	0.299980099063783	4	2	2	-6.82298899117068
chr17	137637	22512368	0.498908255371635	2765	0.0982387338410196	0.869625399046699	110056	0.282915703962101	4	2	2	-6.74187651766572
chr17	25920193	27001123	0.267388117724601	23	0.0985922853735416	0.716135415772704	242	0.355489907178567	4	3	1	-6.9902398742786
chr17	27025282	44935523	0.498905506520177	1309	0.0867575622547807	0.87836306392244	96657	0.286237514164123	4	2	2	-6.73412417517484
chr17	44951613	47111431	0.498733814328621	275	0.110082090741669	0.90607143801323	9349	0.396287930597587	4	2	2	-6.74253155719799
chr17	47121034	82150238	0.498923232846766	2999	0.0852227300193637	0.884820598199066	142753	0.295560880256245	4	2	2	-6.75749607506437
chr17	82150316	82151037	0.136761570570431	9	0.0770811260945246	0.860804471158504	44	0.190947681089138	10	9	1	-6.74140849133181
chr17	82151147	83214512	0.498836569526569	197	0.0925393415347744	0.91048875847334	5842	0.327076471802925	4	2	2	-6.74203496500082
chr18	48121	110648	0.499831486507163	40	0.12031202755485	0.62101139416858	396	0.40014689812367	2	1	1	-6.74018507570288
chr18	139489	15357277	0.476343288264616	845	0.0897342740195604	0.864548319465299	30564	0.320184590003694	4	2	2	-6.78967203207716
chr18	20946254	80195329	0.498897328968854	2033	0.0905443064544872	0.852324967196966	81924	0.309828562900884	4	2	2	-6.99775029353666
chr19	273592	24394059	0.395512053080793	3871	0.0939831391187926	0.731556321893141	163290	0.228709628729559	3	2	1	-7.30162811076304
chr19	27392072	58586610	0.391147039203039	4050	0.095807246337945	0.718246454542985	182936	0.218780608197422	3	2	1	-7.03888507149627
chr20	96321	23377596	0.496708738127515	1172	0.0883746426835659	0.899296422117284	47660	0.314014282734849	4	2	2	-6.83037468092785
chr20	23379534	26230416	0.333709356903898	246	0.104400339849432	1.17261433866603	7732	0.400691642699233	6	4	2	-6.78471986355358
chr20	28513612	30877089	0.498732951593284	743	0.124896757834377	1.05225594948855	3959	0.413775404017665	6	3	3	-6.92933166333597
chr20	30877203	64327831	0.328821060933654	2624	0.1062889681825	1.25582735064624	156594	0.484801506669407	6	4	2	-6.8070813412262
chr21	5034010	13036544	0.24404832752344	767	0.122611432014351	0.781422397460853	5404	0.274704263059506	4	3	1	-7.57786471881619
chr21	13238671	46692843	0.498908718591674	1916	0.087319188739226	0.884438292270951	67371	0.307269001606812	4	2	2	-6.75286742952302
chr22	10662913	12813444	0.325178454915426	687	0.118770434341226	0.760966378365714	3332	0.260881235411832	3	2	1	-6.96450594192505
chr22	15541395	50808020	0.498921735680793	4038	0.0893205711443843	0.946341881416879	159557	0.331034534145336	4	2	2	-7.70942916225866
chrX	256771	2774669	0.0850463065996656	272	0.114706223179938	0.495299522232294	4706	0.192690701138257	2	2	0	-7.08425437538225
chrX	6533823	52862789	0.313754667966325	13	0.0869529050251209	0.894035889971023	37269	0.284678384040164	4	3	1	-6.89368519192318
chrX	65956689	155996516	0.422116852408142	53	0.138843494500704	0.882729632682279	64808	0.27723232735685	4	2	2	-6.95771195898195
chrY	10796639	11812749	0.457165477422722	110	0.122028155804337	0.730848567679709	1008	0.74094749044967	4	2	2	-6.84226257415722
chrY	19413653	56887153	0.417058387336496	229	0.124300849011136	0.772240822286693	2062	0.24915922099979	3	2	1	-9.18624324254736
