chromosome	start.pos	end.pos	Bf	N.BAF	sd.BAF	depth.ratio	N.ratio	sd.ratio	CNt	A	B	LPP
chr1	191870	1842235	0.35175603014179	188	0.0990612330184298	0.826317168474878	10809	0.558911115826441	3	2	1	-6.77005843979695
chr1	1891013	12938859	0.101001019482595	702	0.0876990029615076	0.776534924991097	42368	0.308490151159973	3	3	0	-6.77753745065242
chr1	13006683	13368078	0.498872450635856	52	0.0889655058817878	0.798414995865778	627	0.42092150742074	4	2	2	-6.77423616508664
chr1	13375016	16490636	0.0947309985786125	378	0.0802723657889788	0.749883720512573	11972	0.319618084118181	3	3	0	-6.73635221347838
chr1	16507983	16880707	0.495884003816411	190	0.13287318939934	0.874432602309771	2514	0.780680195162273	4	2	2	-6.73677466096618
chr1	16922005	16947199	0.499385943046082	23	0.0591202298796924	0.915052744233628	452	0.326006570283036	4	2	2	-6.73341607011681
chr1	17087810	21411766	0.0964833315656703	335	0.0735438057050581	0.759225890333574	15597	0.31145701231346	3	3	0	-6.73387757376971
chr1	21424649	21481730	0.471260570364533	10	0.198597303327333	0.777007822254039	295	0.230965020064696	4	2	2	-6.77403943333278
chr1	21489734	36411066	0.0967903253976343	889	0.0813359313623504	0.773655955790858	63231	0.33091440032255	3	3	0	-6.77119468693454
chr1	36413985	42449856	0.123628426421159	278	0.0967727101609148	0.566484001394273	15124	0.359324784589691	2	2	0	-6.75368826300578
chr1	42533008	58576639	0.100122406195567	712	0.0756448584608465	0.767373432071069	46888	0.277012400353959	3	3	0	-6.75564411356919
chr1	58630807	58660222	0.498684414684446	9	0.12102800410557	0.743649286895212	51	0.237015280387689	4	2	2	-6.7534549751376
chr1	58660227	124741523	0.107104538694632	1496	0.0948135330177992	0.790621410891929	94034	0.502224148576633	3	3	0	-7.01803567228491
chr1	125094663	143192785	0.495393742803874	13	0.184990817512931	2.47403484015041	681	1.39277697555204	12	6	6	-6.74310864044547
chr1	143192812	143264794	0.0786220711816985	20	0.147375246082559	2.83571776197298	786	1.08644068780902	16	15	1	-6.73447741636909
chr1	143267087	144054587	0.214549498910903	10	0.127159392539879	1.30669492257594	1080	0.574421479958754	6	5	1	-6.74044803206518
chr1	144104263	149198436	0.0598398954668058	193	0.0900106181368331	1.34491536003838	13066	0.608871047492591	6	6	0	-6.73658275249531
chr1	149199782	149607286	0.00172308127838092	11	0.14829184983428	1.32059076989082	284	0.801194676418115	7	7	0	-6.80150291605899
chr1	149652532	152213665	0.0546070256942431	249	0.065507163699241	1.38540636234025	25420	0.713458217148221	6	6	0	-6.73373495994122
chr1	152213702	152216444	0.235621823211803	11	0.152220951849009	0.816340458874123	383	0.187039700606281	5	4	1	-6.73912811201454
chr1	152216787	168049602	0.0585267457523433	1292	0.057352684028369	1.34456436770193	96356	0.767616697236916	6	6	0	-6.73896264316134
chr1	168056007	168106375	0.0946537671369656	9	0.181933366923168	1.30996933965777	394	0.366598061122146	5	5	0	-6.7527579431929
chr1	168110315	201207583	0.0545510022040523	1382	0.0584375680649438	1.3863444913138	83759	0.619192103776492	6	6	0	-6.74603316309875
chr1	201209660	201211025	0.187593957744173	9	0.130666985543829	1.07004912723962	81	0.242570917465388	7	6	1	-6.73900242203565
chr1	201211141	214423936	0.0570777582829893	1076	0.0574541378589862	1.36223416863759	60565	0.701262191892797	6	6	0	-6.73395535918823
chr1	214448534	214494366	0.498108820652111	9	0.14073625845689	1.31748125447558	186	0.513968070823678	6	3	3	-6.73326630188413
chr1	214562845	227447218	0.0566864799237023	732	0.0584011700674426	1.41024874631587	38519	0.659414218217176	6	6	0	-6.75284083199518
chr1	227493134	227561886	0.436934722762593	9	0.147562227928122	1.33512243638701	67	0.561203745176545	7	4	3	-6.73645195219872
chr1	227654280	248084290	0.0576025670751071	1581	0.0655412021413701	1.38354838094947	75381	0.691217104352532	6	6	0	-6.73897057475
chr1	248441313	248945575	0.396369600070361	13	0.159319104074423	1.30534404834144	2132	1.76620739678258	5	3	2	-6.74078307668958
chr2	136124	92006088	0.29088362572795	3158	0.107843635816883	0.953714841045332	183290	0.530929274862304	4	3	1	-6.7406461082769
chr2	94190317	214956856	0.302198422435197	3537	0.105374465174562	0.950191642308687	220039	0.534568044251741	4	3	1	-6.76701230292746
chr2	214968691	242039773	0.103177238763658	1355	0.0838186270309326	0.733493821114908	69378	0.353344920816094	3	3	0	-6.86294293501419
chr3	10368	90613961	0.368700653228457	2637	0.105202646297403	0.763806061374839	166995	0.414607211601858	3	2	1	-6.75743253836203
chr3	91404436	198056766	0.36055904293974	3260	0.10303735159103	0.771986566704782	167620	0.462385149513593	3	2	1	-6.84546074568645
chr4	46210	48956441	0.498901334741461	1871	0.0912912766158629	0.963984837908494	90033	0.532594022916536	4	2	2	-6.73524842186684
chr4	49092775	49711661	0.413824342880597	146	0.144731155814467	1.12136471120208	1662	0.532461628233929	5	3	2	-6.73472044131975
chr4	51819220	190179679	0.498915632535986	3872	0.0912678874755853	0.971367023448008	194080	0.479344606028819	4	2	2	-6.78614560661055
chr5	161693	666208	0.122771174372047	49	0.105850917174424	0.677486592539529	2228	0.828057732604737	2	2	0	-6.75863008520742
chr5	795926	1285859	0.49895441181761	68	0.0850293898991392	1.23701316566757	3702	0.384097972638602	6	3	3	-6.75224261549337
chr5	1362933	2788487	0.157580531797425	56	0.107648597085821	0.59258811434361	1545	0.20732193334719	2	2	0	-6.8449867618583
chr5	3077167	5393967	0.291941776661918	73	0.116786425813044	1.10030117164755	1921	0.822393621470305	4	3	1	-6.77162738074194
chr5	5408461	25122862	0.132075166166462	312	0.100430551402657	0.56628492102406	14007	0.235835261830345	2	2	0	-6.82316893434705
chr5	25137457	25862402	0.419410515055441	15	0.117217746096741	1.07731727479294	283	0.713666159393613	5	3	2	-6.73978192089708
chr5	26194527	27522195	0.0876842164689786	18	0.0713634030446814	0.564850074810474	505	0.182827798502828	2	2	0	-6.99367171801712
chr5	27575589	34551654	0.498764284070609	232	0.0956691402539236	1.11764526056765	10849	0.616417209058157	4	2	2	-6.97878716645883
chr5	34623434	45847891	0.361472263353721	261	0.102001128614966	0.765529481039923	17858	0.313100105424561	3	2	1	-6.74267373946503
chr5	49600535	181281775	0.368696885978442	3917	0.101832204486343	0.764286521687539	208447	0.425581344919481	3	2	1	-6.77145363560078
chr6	160049	3002826	0.24661198153042	237	0.118576661826977	1.8420760664698	9065	1.21561678149638	9	7	2	-6.7388437729666
chr6	3006573	8413657	0.498840904273193	248	0.0916379479294375	1.01413223811372	12063	0.574717810413837	4	2	2	-6.76296292048147
chr6	8441819	10493010	0.230415910182148	121	0.118921455315831	1.93936978793345	4082	1.36592029714656	9	7	2	-6.74026806427316
chr6	10574898	31617442	0.403667514390207	1713	0.0935073149530862	1.14237196806324	71652	0.765141909019392	5	3	2	-6.74516134195487
chr6	31618965	33163957	0.498811295933446	474	0.102165019226315	0.795390443026786	14855	1.31963320250833	4	2	2	-6.75180727011563
chr6	33165154	35248519	0.423421740470116	117	0.0903559919184519	1.15684208957382	16451	0.530731230917201	5	3	2	-6.74126412135598
chr6	35270371	39126664	0.396577770448531	284	0.0940218183412367	0.804941138616127	14999	0.301237251310179	3	2	1	-6.88862784967693
chr6	39142270	43626722	0.404686651813108	290	0.0871119776332632	1.17207763510805	25531	0.550029560053091	5	3	2	-6.73899548259082
chr6	43640649	60873526	0.378450092461341	458	0.0962456389556103	0.777505974164654	24574	0.315076887244064	3	2	1	-6.81496413813075
chr6	61134707	170582405	0.365125622037744	3017	0.103569838633168	0.758633046682812	141540	0.308630201204993	3	2	1	-6.73572663741292
chr7	50462	55844492	0.498916094205189	3380	0.0964524841629108	1.39669667374696	162002	0.753264081131989	6	3	3	-6.76493809126694
chr7	55854675	58100632	0.498696726846165	136	0.146756771935514	1.48421825906904	8262	0.916133721489165	6	3	3	-6.74440307248738
chr7	60958067	66977058	0.498735459291663	473	0.122205298327292	1.26474525203817	16603	0.762014502887104	6	3	3	-6.7687565418016
chr7	66977089	100959347	0.290205937791267	1655	0.106580906679154	1.03739760178471	95452	0.54726491718556	4	3	1	-7.12048147050244
chr7	100959436	100972106	0.449531764629629	104	0.0848461722544307	0.977066489925155	654	0.339268253363926	7	4	3	-6.76433337498589
chr7	100973757	159260734	0.271569425821347	2522	0.107926201828494	1.01555281353339	145717	0.460819954507904	4	3	1	-7.23551482124725
chr8	243622	43192450	0.364846802410808	1691	0.104454377910095	0.75781789096965	73883	0.331648934356307	3	2	1	-6.73332514907505
chr8	46845988	145043147	0.238857873868261	3441	0.104303416125833	1.23466638134193	199765	0.615671437644439	5	4	1	-7.25539714470175
chr9	117696	39058580	0.142604081474457	829	0.102398463614479	0.52172545436318	44320	0.19164014415131	2	2	0	-8.49327032656925
chr9	39062664	43242683	0.387644160735405	254	0.139681149700265	0.585615049927381	2430	0.258769206886909	2	1	1	-7.20634722077629
chr9	61902912	66826856	0.498605860201084	140	0.142145380322289	0.58097298596259	1687	0.252225132737407	2	1	1	-6.83098271571327
chr9	66920278	84305321	0.12463280284995	347	0.0930592238314448	0.563555208673102	17842	0.473629541065153	2	2	0	-6.75212802988292
chr9	84670680	138214444	0.371953760585561	2364	0.099626045043691	0.759832452356387	149741	0.37097785875239	3	2	1	-6.73786778249496
chr10	47476	65541	0.298993535688436	18	0.110015982201993	0.721073875348024	90	0.349289331827268	4	3	1	-6.74520702303209
chr10	71696	38638124	0.123105277638989	1135	0.104844951806866	0.589971964247726	51266	0.355399854749362	2	2	0	-7.36709925907877
chr10	38646448	39131435	0.498444712677699	45	0.153980518248251	0.759413344036558	244	0.39239926627511	4	2	2	-6.83481707552683
chr10	41859953	42280334	0.427601367781573	50	0.141890456453748	1.04093165286886	478	0.511186674223779	5	3	2	-6.75115164367179
chr10	42280801	46089538	0.12560320025437	101	0.0931875124426418	0.57548173496213	5980	0.528081113123899	2	2	0	-6.75019760535701
chr10	46107038	46783104	0.498691007994421	118	0.124836342524491	0.676855080699712	1800	0.264663759771753	2	1	1	-6.9541737348097
chr10	46814011	133787230	0.13037433595194	2657	0.0972723724498237	0.576531175361349	136211	0.385822026487072	2	2	0	-7.21626508654426
chr11	193863	50422246	0.362929272501492	2412	0.0954067536001065	0.75215215739089	111484	0.393078960738592	3	2	1	-6.74233963634254
chr11	54592062	100725454	0.365431596411255	1861	0.10270505933549	0.755310095404129	130053	0.487647946234358	3	2	1	-6.73376559812164
chr11	100859568	134882187	0.498885174334367	1111	0.0907729889847668	0.547957562777123	57940	0.505943542131717	2	1	1	-6.74499769298941
chr12	12867	34523014	0.235889217972171	2265	0.103089006326456	1.17443674313625	109243	0.85322954224222	5	4	1	-6.73664410868079
chr12	37418138	133238915	0.234615887136716	5298	0.0987122838987641	1.17180062082096	329399	0.646884468056197	5	4	1	-6.74355499599079
chr13	18177561	105210692	0.498901878007129	2450	0.0913961706327638	0.968552388068137	120877	0.622466700393501	4	2	2	-6.74466844158588
chr13	105229958	114300529	0.390304260084944	355	0.0955840304815953	0.738566571298523	14171	0.260758642554037	3	2	1	-6.81968448482634
chr14	16057642	16099351	0.279880821309725	7	0.0719546815049319	1.07965878246413	20	0.401740329199426	4	3	1	-6.74484120194248
chr14	18330620	106823737	0.271289840753146	4072	0.106928933581739	0.998733682979571	234194	0.717570589518785	4	3	1	-6.90971724925885
chr15	19882428	22279737	0.498677578886324	210	0.10951848971696	0.955590099067597	2909	0.466472970304136	4	2	2	-6.73323416059878
chr15	22279989	101951325	0.498917302480369	3816	0.0875852807027445	0.956853387414693	234007	0.7001129373297	4	2	2	-6.73393315140143
chr16	34130	33048885	0.415431848707845	2948	0.0974324454987847	1.1611267841734	181021	0.56552341786055	5	3	2	-6.73348054075825
chr16	33338102	34163346	0.216793424902913	27	0.101564485571211	1.05530526760304	1417	0.612375269583529	5	4	1	-6.77296286103199
chr16	34268517	36104311	0.495880895810111	67	0.145184763520732	1.81070538429366	2253	0.958714869974376	8	4	4	-6.73414855981073
chr16	46383445	46574370	0.492942898390651	70	0.136887437701252	2.11448822364247	2283	0.741526964771864	10	5	5	-6.73478659381977
chr16	46600187	60667276	0.406590693122534	627	0.0991155595285967	1.14762520477012	46137	0.488860300704131	5	3	2	-6.74097930964388
chr16	60867539	75840415	0.312114669603291	1185	0.115181680291853	1.59060842971688	90370	0.763072025957191	7	5	2	-6.73806040880326
chr16	75856814	90095778	0.367786637063747	1017	0.0983420671642708	0.758287103121106	36016	0.641711479700164	3	2	1	-6.73321305270799
chr17	137603	22580690	0.371485460782881	2286	0.0994980450605927	0.764832915644986	100186	0.59970697155256	3	2	1	-6.73846738410318
chr17	24421471	30970910	0.389128131938688	228	0.104157687038571	0.778006600729617	19838	0.296094985674601	3	2	1	-6.79461104236946
chr17	31209972	45580071	0.498907587547143	1323	0.0829739501507903	0.97472874350977	85997	0.442716195958976	4	2	2	-6.74385281985233
chr17	45581489	45585206	0.497982390029797	11	0.210159679551266	1.0146963167472	35	0.617900010947897	4	2	2	-6.73310321700854
chr17	45586395	66798415	0.498883906264969	1217	0.0899286391959446	0.980057999738862	80265	0.564052322332225	4	2	2	-6.75083962522404
chr17	66798539	66799352	0.131357191378539	14	0.101293936336098	0.97554289294742	137	0.546908734339529	2	2	0	-6.73432540230631
chr17	66833133	83194874	0.498918185792941	1636	0.084705375912325	0.977067537458365	87009	0.676356896994527	4	2	2	-6.7400882802698
chr18	48740	112258	0.360677878297527	47	0.113411092295636	1.18094752061436	583	0.532707180547967	6	4	2	-6.73965250437653
chr18	112269	15341512	0.408130629007215	624	0.100149868854286	0.679461792274922	24118	0.45374917365403	3	2	1	-7.31565751556501
chr18	20942964	80250865	0.378644827773498	1285	0.100422158820557	0.726138627787686	66755	0.297363829322914	3	2	1	-7.37453590025572
chr19	263280	7316553	0.498908160290173	1576	0.0848073685970191	0.93721724631422	66566	0.420231795419163	4	2	2	-6.74646957387954
chr19	7321201	7444606	0.498789059270801	33	0.12747743412903	0.918279772367062	663	0.415853915127238	4	2	2	-6.73391391578614
chr19	7447179	21569045	0.361502027225943	2003	0.0970708754067724	0.746400413019246	107334	0.367940192610137	3	2	1	-6.74727786645067
chr19	21569093	24394239	0.49898962771175	211	0.0852171673194904	0.922818487116062	9451	0.325737611915777	4	2	2	-6.75744232319199
chr19	27392072	58558166	0.498928845823094	4024	0.0837946358990757	0.901967786471401	222276	0.431991113958866	4	2	2	-7.09503725717914
chr20	101505	25773465	0.430482025936184	1196	0.0888304478205483	1.14542110585283	64758	0.845717087930136	5	3	2	-6.76096279296838
chr20	25773620	26153741	0.260841903960216	19	0.133552035547312	1.14517571172149	452	0.457505602616026	5	4	1	-6.74976494374069
chr20	28559257	30842996	0.46852597196837	589	0.124560963462109	0.8338331423005	2932	0.371740619834559	4	2	2	-6.96071613541813
chr20	30843052	31074419	0.329864168345331	109	0.138076208723887	1.33517043337007	937	0.611878671518095	6	4	2	-6.74807247961816
chr20	31285326	38217336	0.370285948043193	412	0.0957490432870643	0.771799089893659	32590	0.807839350230626	3	2	1	-6.73640686910823
chr20	38326322	48913500	0.44713434622918	523	0.0944082831945252	0.923789400636359	31328	0.500796103237119	4	2	2	-6.95195551466752
chr20	48918180	62464902	0.401051739631181	835	0.0911634809932383	1.15001991153584	41679	0.543987570768509	5	3	2	-6.74611498981803
chr20	62546157	64302708	0.301007644918689	351	0.0965731269884581	1.51308698612269	19656	0.982739359671398	7	5	2	-6.73609782677167
chr21	5218123	13035101	0.488615865192008	719	0.131933782262352	0.867139105414489	5269	0.472199433777572	4	2	2	-6.9460778462789
chr21	13238671	20827038	0.498745197366602	200	0.102464064052284	0.874020606397146	6538	0.607199885970482	4	2	2	-6.83902896081495
chr21	20875187	33408522	0.136114545050543	238	0.1131513451466	0.571477629935511	12454	0.328566142709244	2	2	0	-6.79436422250471
chr21	33421281	36995015	0.442224208017654	259	0.107866639450103	1.30159609525377	13056	0.978995791166228	5	3	2	-6.80570717866075
chr21	37024921	46039465	0.129262459048786	460	0.109368498683624	0.580552214872061	19464	0.422350773056714	2	2	0	-6.79698339841005
chr21	46054367	46226006	0.365435372618409	92	0.0837898937651855	1.32529495934629	2280	0.446362164589833	6	4	2	-6.74972311705093
chr21	46236750	46661856	0.119507336814367	86	0.0852482533890422	0.580369643350619	2612	0.775807767454746	2	2	0	-6.75364894670608
chr22	10685500	12900711	0.434588985982402	732	0.139909625638626	0.89139799679195	3654	1.06488441858097	5	3	2	-6.82873823041175
chr22	15346234	16354735	0.238649487523686	29	0.129963617493209	0.622567955609652	613	0.439261202211204	2	2	0	-7.13376882269949
chr22	16395527	16531921	0.0514313394390041	132	0.0667586255658344	5.78847281183537	1042	4.20263390475863	7	7	0	-6.74271765646994
chr22	16531926	16938678	0.0459407617341759	147	0.0350346181819972	6.22698459310828	6462	3.50825790006347	8	8	0	-6.77066023627966
chr22	16955872	17537871	0.0191035825357462	372	0.0534539186713723	12.9689454034364	24149	9.90568489095861	20	20	0	-6.73789080602482
chr22	17538827	17696093	0.173244660278048	29	0.0846844475982729	1.93296536556133	2406	1.03180400381942	7	6	1	-6.73810581382272
chr22	17706223	17756020	0.23202148141011	23	0.0832092699685297	2.22504387520765	682	1.14617553623522	14	11	3	-6.7359889766625
chr22	17757494	17809025	0.217015080850186	9	0.103803232662144	2.07443109797597	469	1.44244409621485	10	8	2	-6.73380365730423
chr22	17809432	18173426	0.242781294732775	72	0.0982315419671589	2.05275745519595	3751	1.03637201986608	9	7	2	-6.73337581363263
chr22	18360102	18858600	0.0309651427547859	11	0.0743744824275345	6.52102145890733	263	7.13279372229583	12	12	0	-6.73848808841268
chr22	18892553	20700300	0.292621319795554	316	0.0984737403916135	1.67466018883698	18277	0.937615750291138	7	5	2	-6.74984946384688
chr22	20703341	21377835	0.0356322399770531	395	0.05833118371429	11.5601426527707	28898	7.6474004144459	10	10	0	-6.75253673631324
chr22	21406862	21563961	0.150985936990862	23	0.0772561316752459	2.6087210303611	1018	2.13880548280799	15	13	2	-6.73387264036834
chr22	21593189	23829349	0.200974957217017	624	0.0948239200268386	2.28210992544742	25169	1.48211861142237	11	9	2	-6.73409335709207
chr22	23833396	35421264	0.130359158446798	552	0.106883365828448	0.569802709840023	30411	0.811705329486135	2	2	0	-6.74177342753312
chr22	35421604	36169713	0.176626273741954	53	0.0946810128509659	1.30842236723061	1946	1.16253403994546	7	6	1	-6.74382144902203
chr22	36191154	37742372	0.137766863346776	152	0.0825527195644935	0.545606091497287	7224	0.297814721935035	2	2	0	-6.73656501512114
chr22	37750426	38553068	0.20283540064651	187	0.102077428695208	2.48587036828267	14285	1.4258991875463	11	9	2	-6.7335600057564
chr22	38594657	39155984	0.146312325165763	46	0.108523558741558	0.547933119437254	2511	0.20748295101325	2	2	0	-6.74071789117056
chr22	39181084	39296304	0.224126233822619	68	0.101778283145794	2.28320304580596	997	1.35836768570507	10	8	2	-6.7338135775861
chr22	39300829	39650072	0.122800301207329	31	0.0554412602069373	0.545943912540812	1454	0.196683033867038	2	2	0	-6.76331116477115
chr22	39819069	41682933	0.196095718352458	428	0.109498353532548	2.50169198193574	27247	1.56483464977388	11	9	2	-6.73589244328548
chr22	41684184	42210251	0.123738286659201	93	0.102291533067309	0.582652076587782	2983	0.235229335224318	2	2	0	-6.75405669336403
chr22	42255215	42304216	0.171625725895249	10	0.100000277777392	2.7685834985948	204	1.88164067778561	13	11	2	-6.73307396008804
chr22	42321806	43840125	0.460122870282239	100	0.0688021288136706	0.963421807976011	6841	0.698997158267522	4	2	2	-6.92813266478982
chr22	43880664	50808384	0.144321630659512	415	0.0960394463924711	0.560549572123617	18934	0.206921282666882	2	2	0	-6.7493683838223
chrX	278445	9743512	0.126114313823928	328	0.117524225636871	0.742303725765359	8719	0.397037735841328	3	3	0	-6.77913328433696
chrX	12241966	54824920	0.371175180547614	19	0.133705839296526	0.939879741446724	39064	0.537046491243832	4	3	1	-6.98944851806611
chrX	74583034	155985886	0.498475311613197	35	0.164734402992853	0.569456677672145	41895	0.315797994325984	2	1	1	-7.05331283028347
chrY	10785299	11788344	0.340113893973527	92	0.157019438405782	0.734774769147148	794	0.688466580757267	3	2	1	-6.75081411638572
chrY	19413653	56763482	0.114745935544058	14	0.129460079128325	0.147681140469988	686	0.0963557253686857	0	0	0	-10.2315710437106
chrY	56826667	56885951	0.490781302312764	186	0.122598625671599	0.787984076417102	622	0.314485982753364	4	2	2	-6.75035389971693
