chromosome	start.pos	end.pos	Bf	N.BAF	sd.BAF	depth.ratio	N.ratio	sd.ratio	CNt	A	B	LPP
chr1	13273	7862201	0.448099892518807	532	0.0975078513425782	0.875773281001531	23034	0.299427295591062	3	2	1	-6.9552634198552
chr1	7867180	26076890	0.439953837556968	1734	0.10520331600806	0.834062807426948	61081	0.296727596982057	2	1	1	-6.92928511342102
chr1	26086193	54869629	0.498867912066658	1783	0.0994424359006331	0.847090556580611	87136	0.315460802882777	2	1	1	-6.82321229361039
chr1	54871277	121387910	0.498888013812933	2501	0.0927689245250638	1.11426585897168	103204	0.456365987729867	5	3	2	-7.06731753642494
chr1	125066017	150158640	0.49645366854515	303	0.108541959243817	1.20886517031	12464	0.457745484912715	6	3	3	-6.84716548907532
chr1	150159147	152047282	0.498777707495588	177	0.0973651039615332	0.959528417182101	11901	0.354767101202968	4	2	2	-6.79526304170936
chr1	152076982	153548542	0.467023233693179	189	0.0720099308947919	1.39172020215176	6680	0.330845316164859	7	4	3	-6.74060162033579
chr1	153551873	156815941	0.436928226252974	394	0.0876103427905814	0.988386858386299	24166	0.318108098008412	3	2	1	-6.79343223721328
chr1	156876328	160684996	0.498857810328732	351	0.0729014998843555	1.34988756961867	15680	0.377802843137153	6	3	3	-6.81109308317958
chr1	160715584	161418623	0.498963702334006	108	0.0863986790471178	1.032112709701	4674	0.314007011824915	4	2	2	-6.73359648916527
chr1	161442907	201369915	0.4988800888394	1422	0.0926026474940861	1.35365553956834	78714	0.529525530859723	7	4	3	-6.84082053821207
chr1	201386541	234130422	0.496675297391273	1633	0.0897570915743413	1.28265897773624	86472	0.507373747964436	6	3	3	-6.76165549559854
chr1	234140160	236633268	0.434242381304033	260	0.0806708327041642	1.08205204826826	7971	0.426846572565199	5	3	2	-6.79704389123996
chr1	236652609	248827413	0.498871898149927	801	0.0880602236541135	1.30721806638699	27858	0.511264816226365	6	3	3	-6.77341692492133
chr1	248830059	248945585	0.498698647912348	11	0.111738818842709	1.75925899590809	655	0.534208782467056	10	5	5	-6.73351637281806
chr2	37100	92007009	0.425371915722559	3354	0.0954919128743389	0.991330857223856	148574	0.403322621230603	4	3	1	-7.55731110385452
chr2	94194584	242065899	0.42631412615092	5804	0.0932839631371843	1.05358597084633	257344	0.418204907834057	4	3	1	-6.84264093361201
chr3	51196	9172376	0.498941793177342	305	0.0895864590755657	1.10910358480171	9453	0.420409319380893	4	2	2	-6.84743689888266
chr3	9248901	12493424	0.453194675652004	285	0.0985130230748438	0.858204665157608	10450	0.310726218621716	3	2	1	-6.8863982589945
chr3	12496456	13089986	0.247891251548643	64	0.119247939942607	1.22487035268362	2690	0.485515923985942	6	6	0	-6.73497136663285
chr3	13136923	58586898	0.467142280304164	1657	0.0923697373654239	0.939797201710873	106692	0.353153284884655	3	2	1	-6.78012451284091
chr3	58596444	66893038	0.418362306198157	258	0.0775250415639745	1.14628420789688	9305	0.436637661253083	5	3	2	-6.85245053816095
chr3	66898548	76046334	0.493987791815056	519	0.103698687010552	1.04187770610758	10269	0.438374508738078	4	2	2	-6.73508573294591
chr3	76077291	90613961	0.497125867457507	240	0.0863794037644399	1.21019603887426	7897	0.519608272344154	6	3	3	-6.78248544636042
chr3	93470433	182973526	0.498885263430101	3022	0.0906049616386198	1.04747255049078	130520	0.404614266791757	4	2	2	-6.73883147585193
chr3	182992442	187168753	0.498805874904705	327	0.0929309816555104	0.840011174506151	14345	0.285895802364418	2	1	1	-6.73962616837745
chr3	187175690	194944679	0.498799235972274	281	0.106867171877114	1.07427578892914	9760	0.439035428874866	4	2	2	-6.75399419771352
chr3	194944734	198035752	0.442026879241389	343	0.105670573871151	0.79244235087477	9758	0.309677600950071	1	1	0	-6.91954865491414
chr4	14056	26908920	0.414270294511368	997	0.0993106426064169	0.716536706426165	37017	0.282176122046295	1	1	0	-6.7457910069486
chr4	27047403	41013882	0.357386726515564	316	0.107141474132123	1.01496173208496	14382	0.409341350560704	4	3	1	-6.85043674182587
chr4	41029910	45274937	0.347790541402597	128	0.108367648228513	1.38487457374624	5746	0.54443647324507	8	6	2	-6.76790999470075
chr4	46040928	49711661	0.385272756114283	199	0.128474936067323	0.737619813232138	5395	0.250317452248487	1	1	0	-6.81058940534793
chr4	52029884	182517738	0.44098410115826	3397	0.0932083857839772	1.08744162775541	153903	0.493087025516588	4	3	1	-7.37640440612202
chr4	182609296	190179679	0.457589013750738	452	0.104014346617844	0.926385388092545	12644	0.362919543849589	3	2	1	-6.74896113081227
chr5	110155	46206809	0.426346858767969	1724	0.0917009247353988	1.04283558347408	55031	0.40855922554776	4	3	1	-6.79458952708056
chr5	49601562	49666191	0.447429505924581	27	0.147617527661638	0.408080553842552	163	0.151622390794665	0	0	0	-7.07442501865668
chr5	50273784	82119754	0.468990672621585	1164	0.0913176821181817	0.99861772555249	45905	0.397123010481142	4	2	2	-7.02322735269189
chr5	82288339	131151965	0.464554698857258	980	0.0910750324806305	1.12738401210019	46821	0.447223040771475	5	3	2	-6.80324533429122
chr5	131159722	171331173	0.43075195462592	1419	0.0887760906527048	0.985611300596244	79246	0.372316592764007	3	2	1	-7.18330528329659
chr5	171345058	181281936	0.445515350455273	790	0.0993869667986409	0.861607415133421	27280	0.32021893258883	2	1	1	-6.99953157486684
chr6	175383	30262351	0.412165572813623	2042	0.0964785691643904	1.40483827048261	71967	0.589321358012712	7	5	2	-6.83244449528747
chr6	30263294	33240971	0.393576358738192	818	0.0927248660794866	1.23690775519448	27212	0.380334243210711	6	4	2	-6.76699804401758
chr6	33252310	44280214	0.405903799784165	992	0.0934319926664814	1.22912811258784	49381	0.452491425831094	6	4	2	-6.75586603386682
chr6	44282428	60932338	0.397373604278729	580	0.0898704965609142	1.56367212799509	29288	0.600151886246603	9	6	3	-6.73650325998648
chr6	61134729	170582405	0.331177248260588	3504	0.105170890759892	0.914733398622777	131442	0.369349939789282	3	3	0	-6.96677540843021
chr7	50462	4854421	0.498857823668988	511	0.0985638230052118	1.03658780577903	14674	0.36729877604401	4	2	2	-6.73395045730078
chr7	4860464	7079423	0.498791771242187	342	0.107259896364449	0.80371174891695	9165	0.287865139302343	2	1	1	-6.74715786025214
chr7	7081938	20644316	0.498854199020289	458	0.0921648124607219	1.33095784443828	14892	0.527835204952443	6	3	3	-6.82364646687956
chr7	20647709	55645668	0.498898897668128	1406	0.0858933993670854	1.18137852075718	60154	0.460679210913739	5	3	2	-6.96556526077036
chr7	55645756	58091557	0.498826978886449	148	0.121673256954799	0.89365195659105	4673	0.374670100422673	2	1	1	-6.79359688659263
chr7	60985029	65798120	0.498796785663066	166	0.105447440920305	0.963143602083084	5975	0.348900972365563	4	2	2	-6.88034681659338
chr7	65799829	65815477	0.177351147059949	24	0.0886383304399875	0.833986320881013	78	0.287010452481264	10	10	0	-6.79047716513533
chr7	65818567	77983653	0.498814496463816	401	0.0980527198644584	0.806703674514983	25750	0.362709882131501	2	1	1	-6.77008551921091
chr7	78019354	97384206	0.498875138738792	512	0.0806316070570256	1.229815944603	25544	0.460686352919232	6	3	3	-6.76181827892827
chr7	97417093	102754477	0.49649403252454	613	0.102083515680171	0.774119182417222	26058	0.275192899025172	2	1	1	-6.9184571952924
chr7	103342573	107995027	0.498843061978883	152	0.092037912536206	1.03256713792419	10688	0.390481845007359	4	2	2	-6.73501284716393
chr7	108082100	127428943	0.496609856212714	423	0.090084102289504	1.25446508193906	20408	0.507630307324649	6	3	3	-6.73431083121085
chr7	127584139	131819388	0.498842094521179	323	0.0911706541998025	0.983980012987833	13223	0.362270309745466	4	2	2	-6.79834884884253
chr7	131847410	137818734	0.498881480864532	270	0.0881059326978959	1.1507162193343	9290	0.43718885289089	6	3	3	-6.87938478791366
chr7	137868812	141253881	0.498796365917544	196	0.0945435219939495	0.89795650624282	9353	0.346663088989562	2	1	1	-6.84273247920724
chr7	141292956	152273892	0.498891487285287	740	0.0848836542476765	1.11520720997035	30495	0.382047055085845	4	2	2	-6.92827717330833
chr7	152278438	152416410	0.279151458080399	100	0.13193872927548	0.902986274935912	573	0.336540152611722	4	4	0	-6.75543836891221
chr7	152416418	159114740	0.492897269391487	317	0.0927180986065189	1.03362717423225	10465	0.413716490694297	4	2	2	-6.73850600082013
chr8	213553	12650410	0.498871445750833	789	0.0936302845660881	1.17960768240314	16985	0.473094910198397	6	3	3	-6.8692120534599
chr8	12655680	12664413	0.0856249386927618	10	0.0864692623614503	0.84113801187945	27	0.453579213108474	20	20	0	-6.81923206861232
chr8	12728752	43539913	0.498899266382154	1718	0.0893373219662073	1.0757981697738	61151	0.438674463595849	4	2	2	-6.82322602703845
chr8	46035974	145055416	0.498923704102582	3560	0.0878003278751732	1.16074823838269	143385	0.486025727416974	5	3	2	-6.91007194002498
chr9	10395	43242650	0.31958685336937	1829	0.10895025491083	0.924513343725324	57067	0.380779561053827	3	3	0	-6.76094494245848
chr9	60521862	124475663	0.311322634735883	2225	0.108574991029924	0.923996100668826	93869	0.353420597113425	3	3	0	-6.79277302134166
chr9	124476228	133086515	0.313055493341571	752	0.10953171446595	0.736811282511497	30848	0.265301670776548	1	1	0	-7.34257912186656
chr9	133087012	135426913	0.304078093207154	252	0.0985865644686587	0.907857319282259	7806	0.259686161956013	3	3	0	-6.78516934037768
chr9	135447666	138217018	0.291866036399582	496	0.0967017854896096	0.81065576223697	16538	0.247643715802078	2	2	0	-7.11312460518825
chr10	47663	39131435	0.451113146491994	1528	0.101688865336573	0.952287449164981	61214	0.388595664656826	3	2	1	-6.78615771458769
chr10	41859953	42542999	0.498517963029268	39	0.137889328581193	0.894508995867886	633	0.342174440930757	2	1	1	-6.75400944504603
chr10	42583077	67611577	0.496541011206516	942	0.0941387244394853	1.07878666894896	30835	0.430632316540358	4	2	2	-6.82406188690816
chr10	67624076	75218458	0.406363013278957	636	0.0998801978355827	0.841470552272543	23762	0.30232816502166	2	2	0	-6.82473954851124
chr10	75227886	133787094	0.429161331844586	2303	0.0921931206958764	0.968017058679973	109560	0.366169970978594	3	2	1	-7.03707884024116
chr11	192997	1010694	0.455428065357673	281	0.0704439525974343	0.871998367165814	7273	0.246857435525795	3	2	1	-6.79274328485716
chr11	1010750	1018483	0.28259210161055	40	0.0764399839995153	0.771581509735736	263	0.121406361688835	4	4	0	-6.7740441416644
chr11	1019853	4242221	0.498856241068573	487	0.0861246038313036	0.968163210508538	13814	0.281445447147887	4	2	2	-6.86584783254689
chr11	4388156	9074642	0.477209978674812	566	0.0745413292042052	1.14779895833431	18603	0.294866604182613	5	3	2	-6.79466348018284
chr11	9091455	9598360	0.498898113749393	36	0.108610166439281	0.750229409318279	1819	0.291589154364039	2	1	1	-6.76757771891124
chr11	9609618	46038373	0.498893016008678	1371	0.0858179305111005	1.11603632561293	53245	0.4266396676652	5	3	2	-7.00869915249232
chr11	46152609	48906381	0.498810936976777	161	0.100499697165886	0.827551889901341	10943	0.260514582049888	2	1	1	-6.73311718065366
chr11	48951925	50300090	0.498860851629316	82	0.0883138419974292	1.1352824909552	2712	0.376216225691492	4	2	2	-6.77382906941226
chr11	54591802	60463627	0.49915023824723	349	0.0710555633085856	1.09443328871728	15540	0.350547127327729	4	2	2	-6.79853867688469
chr11	60497156	78610168	0.498900864861926	1601	0.0860542156668761	0.913854631138595	79250	0.30192052476861	3	2	1	-7.04503394582662
chr11	78610964	119310460	0.498892595217857	1563	0.0885979366324976	1.08047552073201	66052	0.476400428526713	4	2	2	-6.86352997746617
chr11	119311877	134986898	0.498893338532871	795	0.0838649453912381	1.10495680291673	30519	0.388782436513075	4	2	2	-6.93278395701545
chr12	12194	14722058	0.498888057174519	1108	0.0844316089765359	1.0759106325209	47910	0.394681905802399	4	2	2	-6.78696257386818
chr12	14771094	34224736	0.498873842277888	668	0.0872673151053787	1.25359046578449	33019	0.523448279958869	6	3	3	-6.73374227416136
chr12	37555474	47984187	0.496604960074216	326	0.088821437068251	1.24030615340596	18185	0.432554137800723	6	3	3	-6.74087715961305
chr12	48024442	52172138	0.499059524529745	194	0.0804718265336316	0.927970307984144	20052	0.323956924218853	3	2	1	-7.01743763541146
chr12	52172263	52847842	0.499270941090933	168	0.0627497300498478	1.24205396956935	5554	0.281103779967211	6	3	3	-6.73398256525813
chr12	52904985	58027125	0.498863039448168	268	0.090126254369964	0.951267077100103	31078	0.307186868953796	3	2	1	-6.96823409715692
chr12	58244470	94786503	0.498880078331942	1061	0.0901859935642532	1.22858368496118	48685	0.503141007135339	6	3	3	-6.78236299571741
chr12	94797338	125078420	0.498895535515673	1850	0.0889737637935539	0.96559333068795	87714	0.400936675132843	3	2	1	-7.07637841399228
chr12	125078475	131595024	0.499004298099673	321	0.0845243309318116	1.17605073736105	7969	0.457138335998079	6	3	3	-6.81752143505381
chr12	131653457	133224442	0.49907168140645	271	0.0876663751423542	0.964360926546082	7997	0.306364407338377	4	2	2	-6.79434516849035
chr13	18177561	114354016	0.498912394544704	3570	0.0910160531236327	1.20038470144359	131929	0.512008101517305	6	3	3	-7.1866519929012
chr14	16037128	16057725	0.442384119372313	2	0.00424264068711933	0.911617690992509	17	0.375437411561501	3	2	1	-6.73338128913149
chr14	18330642	19936715	0.340675639160501	128	0.125073214532938	1.20580852891104	2610	0.388410758827527	6	5	1	-6.7498997028903
chr14	19959892	34381971	0.498903571765515	775	0.0860344487686593	1.08742096145644	39212	0.435844744502262	4	2	2	-6.81095280322548
chr14	34382032	35139248	0.498936848485347	114	0.102154479341012	0.772343405500814	2483	0.306586037975386	2	1	1	-6.75629823586903
chr14	35214554	101824178	0.498908657769349	2562	0.0896427624347949	1.09421363773093	126327	0.45443029043377	4	2	2	-7.14609500545081
chr14	101829006	104006916	0.499054114884596	280	0.0851419464756778	0.888076746355942	9779	0.319908588086199	2	1	1	-6.79539230577542
chr14	104010388	105497608	0.498886887572661	212	0.082839739418337	1.02147135925909	7220	0.307572168372893	4	2	2	-6.73727975903104
chr14	105502167	105770121	0.49862750232031	74	0.108839218871718	1.04879007395671	822	0.325166438549634	4	2	2	-6.73316999268562
chr14	105801795	106874896	0.450575096962042	276	0.0788251185529588	1.31465030232029	5451	0.310895582469272	7	4	3	-6.75248530858033
chr15	19987698	23441099	0.406254684665192	467	0.11547560484634	0.974243907332217	6451	0.361325769998721	4	3	1	-6.81016308096387
chr15	23441451	39967303	0.498895016854217	1001	0.0905228577886148	1.16641341138821	30673	0.456498222288601	5	3	2	-6.89061625118863
chr15	39967647	93113980	0.49892302836904	2968	0.0834920228479421	1.03536227320146	151351	0.394600714479353	4	2	2	-6.74448738220337
chr15	93117578	101931160	0.482805358558642	358	0.0929494728027636	1.18359190362484	12594	0.502231142413176	5	3	2	-6.809713583198
chr16	44205	34268483	0.498899898341124	2257	0.0957519466784989	0.860794520146965	105593	0.315307952995217	2	1	1	-7.03197727571645
chr16	34573980	35084465	0.353753032076561	35	0.126962662413242	0.611869747114197	358	0.26183147696401	1	1	0	-7.03420894290406
chr16	35094951	36162384	0.499219241379706	23	0.0670148352403592	1.18600702630405	790	0.431659882863461	6	3	3	-6.74513817255964
chr16	46386441	46401549	0.492794653716076	44	0.128061535486015	0.44076985476885	559	0.118850691561058	0	0	0	-6.80368982362447
chr16	46571472	66370293	0.496596029219208	789	0.0916419198676846	1.01357725792465	34724	0.411631994283169	4	2	2	-6.79113448232407
chr16	66469972	75403856	0.462016416571934	459	0.108346691178988	0.835192108599139	36203	0.306388953223656	2	1	1	-6.81031075981749
chr16	75433165	80763371	0.499014929811503	206	0.093456001290047	1.07657843949371	6541	0.454340979857729	4	2	2	-6.74850989353043
chr16	80821024	90099701	0.498881475751925	1115	0.0912098471603501	0.932412251283893	27157	0.343703264064381	3	2	1	-6.95463575788865
chr17	132094	3877009	0.498811364766496	372	0.1013163422654	0.835534310390159	15478	0.306077732330304	2	1	1	-6.73515146887418
chr17	3883510	10343882	0.498907813086556	812	0.086924382430826	0.891076546950398	35647	0.300579698197415	2	1	1	-6.95685614983982
chr17	10347650	22481997	0.498868099312651	1248	0.0975849406219706	1.01756995818401	36750	0.372702020068866	4	2	2	-6.76514475049087
chr17	25074459	40378981	0.498883168246968	1009	0.0985692103702469	0.93593827701908	50097	0.34079336554809	3	2	1	-6.92335766858683
chr17	40398036	41711234	0.361500075297608	203	0.0867347861771736	1.11934497711891	7194	0.314692507988254	5	4	1	-6.73936297839714
chr17	41711274	62858566	0.303743425653693	1162	0.107131559205242	0.8317588781961	66841	0.302575182195222	2	2	0	-6.95722208758968
chr17	62871957	83194874	0.402094970447875	2177	0.101910766418264	0.954992360286774	75439	0.345838431815623	3	2	1	-6.86889881515958
chr18	49125	149701	0.367382358028676	17	0.164549943249852	1.00920645059767	349	0.475672266113131	5	4	1	-6.7389228091774
chr18	149799	15356800	0.498857673964343	752	0.0927419570589829	0.904481229516183	24054	0.351898285895189	3	2	1	-7.0295179168986
chr18	20955123	23612297	0.497016666765052	100	0.0922003062069019	0.757000299487188	5454	0.303099637371727	2	1	1	-6.8695006236774
chr18	23630024	80174701	0.498883898287376	1630	0.089707720639108	0.980490042797487	61431	0.391651197119281	3	2	1	-7.41372819371193
chr19	282582	9919080	0.498910969631089	1666	0.0886061995005003	0.791141973127623	57590	0.261725756503818	2	1	1	-6.9020341782392
chr19	9924988	15580259	0.498868503123485	716	0.0986569224250578	0.753312202191805	36147	0.246970364799752	1	1	0	-7.15956283305737
chr19	15583283	16062156	0.499163558404369	119	0.0768991185504836	0.98288157484678	2542	0.305567711824758	4	2	2	-6.74396494906386
chr19	16062344	19465136	0.498859880559688	432	0.0937596273880008	0.756459738498436	20298	0.249590401973231	2	1	1	-6.98857732092268
chr19	19465156	24312267	0.499035627643544	546	0.0811239783017092	0.940115678457122	16903	0.305379539906363	3	2	1	-7.01210421228632
chr19	27392072	32341699	0.498926088614649	104	0.106976224124831	1.12781173332923	4537	0.511952723241099	4	2	2	-6.80137441010333
chr19	32399876	42765553	0.483535411202722	1186	0.09414649960518	0.854465285474615	55505	0.412449840010867	2	1	1	-6.7876721515465
chr19	42781427	43010367	0.296426947877987	40	0.087153033693907	1.18688955909638	1250	0.409136628881739	4	4	0	-6.74729072789761
chr19	43010400	44598020	0.498910041481132	262	0.0962889681256532	0.994667447840106	8715	0.304807535518164	4	2	2	-6.75620169916589
chr19	44654221	50803536	0.498877518687767	970	0.0939672980164226	0.771663430623168	39454	0.244641709165066	2	1	1	-7.02329268456429
chr19	50805155	52595523	0.499022346379227	364	0.0773025953029884	0.937404078370816	10374	0.298348338825396	4	2	2	-6.86782958322843
chr19	52595681	54108276	0.498975833457087	435	0.0906085053081417	0.791638068113213	9645	0.257819690406737	2	1	1	-6.76031820755301
chr19	54126833	54850668	0.496411520287738	312	0.0987393286124656	0.939430274860658	6709	0.251442195315505	4	2	2	-6.80817700717427
chr19	54851913	58565783	0.498873712143611	681	0.0888543578428303	0.905463936818404	23531	0.296381627588561	2	1	1	-6.93015721860756
chr20	87623	6084063	0.498858113108595	504	0.0842867852809311	1.00343392885167	19509	0.358603399374645	4	2	2	-6.77491809633182
chr20	6085082	26274736	0.498870733235474	759	0.0900892190654675	1.21195410307782	28478	0.471626292913448	6	3	3	-6.80902829505976
chr20	28559278	30919446	0.359097906810606	621	0.124904259943335	1.08298671286582	2976	0.663114297822137	5	4	1	-6.74487682772039
chr20	31058918	31074275	0.492972404975147	22	0.117493234584635	0.421485355850628	91	0.147477757268304	0	0	0	-6.79384322981177
chr20	31244855	56955852	0.498903250517924	1657	0.0877211601790261	0.983924238299102	71883	0.391896095481344	4	2	2	-7.05763648522213
chr20	56955913	64281506	0.499042960372206	428	0.0763296380185616	1.0985704649608	22358	0.356233081879826	4	2	2	-6.82466412062129
chr21	5125738	13113074	0.493709956946956	752	0.123651725585915	1.00350152073272	4694	0.376794099413892	4	2	2	-6.78474231598923
chr21	13227689	31359527	0.498848633506554	521	0.104226610425002	1.26542115468695	19144	0.553349817637868	6	3	3	-6.7342172436607
chr21	31448375	46692755	0.498914137082672	1239	0.084099171324258	1.07222276267814	41818	0.415341321743671	4	2	2	-6.77304271905056
chr22	10685500	12900610	0.38571733591737	732	0.126559844709703	0.965402632469511	3537	0.364357312960747	4	3	1	-6.79705585789574
chr22	15326143	50808319	0.315363946928036	2768	0.109066173645036	0.791025402564248	104989	0.283380281235396	2	2	0	-7.38435490994576
chrX	255744	2789693	0.498761906186001	333	0.111875986803112	0.738318195760738	4886	0.322355371692392	2	1	1	-6.91895781299629
chrX	2794620	57986170	0.498866298201143	1056	0.0912823871599696	1.04287500383107	91094	0.430294874153439	4	2	2	-6.73313127163631
chrX	63552738	142379147	0.498878677854504	1010	0.0959319227868138	1.02505327833222	97261	0.392593425184614	4	2	2	-6.8252398640158
chrX	142456493	155985886	0.440966327284961	257	0.0974899939056403	1.14793853765312	25106	0.402280473882436	5	3	2	-6.74281683959694
chrY	11111606	11277765	0.498400702068623	9	0.153131479454748	1.20440813074259	31	0.502808736804017	6	3	3	-6.73385214096884
chrY	11277799	11722122	0.498858564777301	26	0.109052288093655	0.791058600201715	176	0.321781395505561	2	1	1	-6.73841567639743
chrY	26436900	56885951	0.498679258164519	187	0.124234006763638	0.952540735727434	566	0.328693068696961	3	2	1	-6.90806334409309
