chromosome	start.pos	end.pos	Bf	N.BAF	sd.BAF	depth.ratio	N.ratio	sd.ratio	CNt	A	B	LPP
chr1	139213	83436983	0.498922241249321	6227	0.0883260853391129	1.11338027049152	273240	0.386032112045132	4	2	2	-6.74056640053495
chr1	83463105	95797252	0.496564705444651	482	0.0867634641244687	0.86603332986278	20956	0.282914630854133	2	1	1	-6.97001216061534
chr1	95902042	123926271	0.498877388204999	944	0.0910097555092231	1.04260146730241	46685	0.33258613311585	4	2	2	-7.40521217322908
chr1	125065988	143474978	0.207935938792071	20	0.153868185214009	1.14182320373881	765	0.820879071438923	4	4	0	-6.75882595877609
chr1	143541564	156124576	0.498888146142613	879	0.0924755902877629	1.12491946632858	56055	0.348620652330828	4	2	2	-6.73506081193486
chr1	156124652	248914416	0.498906123777162	4779	0.0902877064406406	0.950552412200204	197371	0.299661003055376	3	2	1	-7.38086200079173
chr2	41404	91987666	0.309370232047846	3290	0.103725170545637	0.818485421161259	140127	0.275103806396927	2	2	0	-6.75699546230894
chr2	94190317	242063016	0.439568947270723	6060	0.092433029187146	0.976718686601325	264658	0.315675309973361	3	2	1	-6.78570503000141
chr3	51248	75666489	0.498922253079791	3393	0.0802225378703008	1.13556595895562	184724	0.374372858570538	4	2	2	-6.80524689735664
chr3	75666532	75698986	0.207338506242843	29	0.106250575194039	1.03917445426791	138	0.404490924846386	5	5	0	-6.73770229418894
chr3	75699000	90227511	0.498840379892099	308	0.0950859795140591	1.21604822632322	7947	0.524011688455057	4	2	2	-6.94662935367533
chr3	91357428	198119758	0.49892465690111	4999	0.0896316712421836	1.12643669169952	194953	0.395311618300072	4	2	2	-6.75281338344184
chr4	44248	8992466	0.415653283927521	719	0.089317038194828	1.0037006890226	31098	0.307532494385575	3	2	1	-6.80115148353327
chr4	8992996	49017215	0.433816666249136	1453	0.102955922605311	0.964059998669169	45990	0.352514358395457	3	2	1	-6.74756976703008
chr4	49091992	49711661	0.350156676680275	140	0.136414981108802	1.27143384888094	1629	0.589599224448465	5	4	1	-6.75390686598492
chr4	51879335	190179679	0.406301498777274	4126	0.101654333636087	0.948955807661342	158409	0.334966798971132	3	2	1	-7.10457350455931
chr5	44595	46206800	0.434671475667216	1941	0.101974760690086	1.23737886549977	65195	0.554619979400229	5	3	2	-6.78474379778559
chr5	49599598	55975457	0.367863836802076	224	0.105790314429072	1.2427045548332	9749	0.528629874377548	5	4	1	-6.8364004668592
chr5	55983139	181281775	0.316161117595236	4167	0.105753342584772	0.822067859152038	180206	0.271897063904858	2	2	0	-6.73414316536137
chr6	171003	60964235	0.452426689354212	4322	0.0923245103707662	0.988696029104163	153584	0.312229493240766	3	2	1	-6.91566193316507
chr6	61134729	170718759	0.498888549521092	3668	0.0942699493885035	0.972247616376189	146018	0.337187498293486	3	2	1	-7.0937478263577
chr7	50354	58100446	0.49891556016314	3625	0.0901128701728272	1.1852591932704	120476	0.436503174911369	4	2	2	-7.28979366503023
chr7	60981623	126651553	0.44988100971387	3366	0.0981391008838031	1.16395067207084	145386	0.412262057221108	4	2	2	-7.23042793784837
chr7	126904768	159162799	0.444979822964097	2225	0.094380273589142	1.05131694426542	83161	0.345990832044252	4	2	2	-7.49633762894922
chr8	387815	43691290	0.314477559671818	2180	0.105780646283834	0.811549512107413	67138	0.270998103122089	2	2	0	-6.7979091920501
chr8	46556943	145066250	0.30940856202947	3020	0.105342007985463	0.842461880684065	118483	0.282361151410282	2	2	0	-7.13651245770123
chr9	117666	29224154	0.449984569231255	710	0.105321739038616	0.672685095272179	24318	0.236138019373224	1	1	0	-6.92232877262428
chr9	29266150	38636334	0.482890235237263	590	0.0849923532404496	0.927895860246779	26612	0.287306172420656	3	2	1	-7.14524508916409
chr9	38653797	42884379	0.393773125880579	339	0.121096593889974	1.02055986454207	3238	0.394751417590668	3	2	1	-6.81030285308883
chr9	61173461	67800317	0.289489594667044	202	0.125782594369229	0.996340014545909	2776	0.381915777175709	3	3	0	-6.7643441706046
chr9	68274138	124503007	0.391988331937205	2778	0.0987717025221315	1.09297604754135	117040	0.382126987819398	4	3	1	-6.89121800702927
chr9	124515523	132623319	0.364055224657247	581	0.100970063475872	0.728895558402856	30750	0.232110632335609	1	1	0	-7.27277132998567
chr9	132625557	138198521	0.498871403315904	818	0.0868692611409918	1.10864726489662	34753	0.311989196796338	4	2	2	-6.7358970199064
chr10	47485	813330	0.379608631019183	41	0.0859877756484932	0.809363944809124	1470	0.280368710588058	1	1	0	-6.93045975495222
chr10	829347	1041611	0.263234598802136	41	0.103892445557425	1.50719621911292	1221	0.55400856713334	7	6	1	-6.73357478769656
chr10	1074296	11682159	0.480072669382584	559	0.0993315176847213	0.960214939664582	14485	0.426803242892144	3	2	1	-6.92415311792038
chr10	11711677	13487678	0.314042018223134	244	0.115280940549586	1.2002911149881	7116	0.59589704483685	5	4	1	-6.74681944071622
chr10	13487789	21004421	0.498820312106098	480	0.0971080670345886	0.996463801224951	13607	0.452977841785552	4	2	2	-7.0136061469066
chr10	21057626	24515385	0.498656654459157	159	0.123020299256415	1.09426989617672	6329	0.610488415047736	4	2	2	-6.73580128052183
chr10	24521734	27123740	0.418877320893211	145	0.104560305886363	0.66852274751236	4127	0.220612366121049	1	1	0	-6.78021051730671
chr10	27134815	27264743	0.277837895730209	51	0.122181729002174	1.38176798618523	1273	0.577498981879873	6	5	1	-6.73979916028441
chr10	27268060	30031785	0.498789174594373	124	0.106962906661707	0.718115751881098	3882	0.264852020739804	2	1	1	-7.13990384975001
chr10	30033949	32779030	0.318750247763664	203	0.108945723225738	1.12475706713924	5629	0.489343570031334	5	4	1	-6.83041593538246
chr10	32834999	37544716	0.236975906828952	337	0.115354506468709	1.80430670377331	12541	0.99177162085529	8	7	1	-6.74166672499518
chr10	37831374	39475690	0.400503387896277	91	0.12919273918593	0.689964573046088	1500	0.251080125289804	1	1	0	-6.74486789159542
chr10	41858469	42280865	0.477016560686453	65	0.155988408716309	1.34784571579854	463	0.958561123924959	6	3	3	-6.74667443840289
chr10	42286966	133787118	0.498925739547484	4197	0.0911131108193031	0.815326237164719	159804	0.26216180299314	2	1	1	-6.79431700653705
chr11	199492	1096831	0.498886261801574	376	0.0745092281399706	1.29662663547033	11858	0.369623393484174	6	3	3	-6.76297348253814
chr11	1096953	1099366	0.269352940344544	14	0.0721221872249441	1.17770883996117	215	0.138270961726497	3	3	0	-6.7362493050917
chr11	1099522	16835262	0.494611571053661	1439	0.0808750566585048	1.11316940723309	52714	0.326566768831575	4	2	2	-6.73782088463887
chr11	16838978	18078653	0.308686179272361	107	0.109563929414809	0.811503548919871	4700	0.242187231291996	2	2	0	-6.74173022539301
chr11	18083755	29482971	0.498873178773862	383	0.0826750699879809	1.11230025851582	14928	0.400710761918016	4	2	2	-6.73451786520552
chr11	29548473	32935074	0.308491543389653	78	0.127041785323236	0.812117609419157	3594	0.295893567820974	2	2	0	-6.74171469194305
chr11	32953787	50512765	0.498901097342546	783	0.0890482608247327	1.1203619075764	38104	0.377494713435059	4	2	2	-6.73329548785074
chr11	54591430	61744026	0.496709838494608	513	0.0751309566262765	1.13890001500404	24809	0.325508459644512	4	2	2	-6.74719779317162
chr11	61767400	62462837	0.299283722098076	94	0.0946366554006055	0.852152347765135	3368	0.261224809853557	2	2	0	-6.76928791106871
chr11	62466017	91812046	0.498912460228775	1783	0.0863176758768232	1.16609673030451	107994	0.385924371166403	4	2	2	-6.93054433743406
chr11	91927922	107241121	0.427743776370759	543	0.0945175790930239	1.00159692135894	19084	0.343574310790186	3	2	1	-6.81012796653591
chr11	107318880	124516887	0.321466605218014	796	0.100985894297185	0.8355447290475	41083	0.262680631131288	2	2	0	-6.76978110733364
chr11	124517082	127337860	0.415311772023195	164	0.0912858392310216	0.952100477806358	8182	0.268454968583353	3	2	1	-6.74679856309948
chr11	127344375	134986898	0.290768010069988	247	0.104278074191959	0.811896421744889	9408	0.246979426587639	2	2	0	-6.79251729225754
chr12	12679	6774534	0.425611414136721	569	0.0832315265438349	0.987474340454858	23566	0.312617154839372	3	2	1	-6.745663668808
chr12	6800176	28639829	0.300729924526786	1147	0.106473897776699	0.818058975801644	40443	0.254434525345781	2	2	0	-6.75862949611014
chr12	28832604	35570368	0.498833004698421	338	0.0890081148372107	1.04014943352827	11312	0.4052819549849	4	2	2	-6.86065149186841
chr12	37466151	52054373	0.313229518519847	628	0.0977060244857857	0.834202512894672	35332	0.256483233931301	2	2	0	-6.76220815495593
chr12	52066005	61587250	0.498875342944775	860	0.0901772677647627	1.28981421960633	52210	0.393794929844277	5	3	2	-6.97815309178879
chr12	61593314	132754951	0.270100824551142	2942	0.10526854607181	0.944340673368912	148603	0.322910884118791	3	3	0	-7.02604595916253
chr12	132773034	133238915	0.498781488164528	101	0.103349322088912	1.37239620984735	3383	0.443706242972879	6	3	3	-6.73442474725774
chr13	18177561	114353967	0.498891796709843	2966	0.0926527373993598	0.859410157910415	105969	0.307979743908587	2	1	1	-7.72126587241797
chr14	16097428	16402213	0.334307889502221	4	0.12006213669041	1.00270008286668	22	0.367065477721707	2	2	0	-6.79431611143035
chr14	18330642	106762648	0.311626963500798	4390	0.104946981090909	0.820625381599425	172254	0.262912859077553	2	2	0	-6.74097439167381
chr15	19841982	22573063	0.288131265561666	331	0.130038198811862	0.958492256918273	4261	0.326914556908901	3	3	0	-6.74561023181032
chr15	22573073	32314132	0.367758678559413	680	0.100693471773159	1.0343294512418	20954	0.358241375543345	4	3	1	-7.00040855355517
chr15	32385917	101980857	0.434651383602461	4144	0.0905495682540655	0.943694022680489	181671	0.302742751907038	3	2	1	-7.08148054481491
chr16	11641	35093321	0.256798367785762	2994	0.1039681044351	1.01160858614581	130982	0.327155838771568	3	3	0	-7.06388621600834
chr16	46386256	46401549	0.498598836052011	57	0.126595244340869	1.12439977165588	1103	0.261537538569891	4	2	2	-6.73310675905893
chr16	46603715	88140337	0.384731363669051	1845	0.103553797132921	0.668205130799998	79661	0.209529024721141	1	1	0	-6.78384943755844
chr16	88140361	90102381	0.387952757054807	388	0.100777460837511	0.758740219435203	10670	0.210147755552906	1	1	0	-7.08173558438688
chr17	156162	7301911	0.439201110606555	1117	0.0953515618117514	1.00226107449018	41278	0.323010631382671	3	2	1	-6.79086629769519
chr17	7307517	19144372	0.398886120630294	884	0.0999135876472314	0.674285652316687	39090	0.198125543036253	1	1	0	-6.73752975626399
chr17	19300717	21260882	0.437021388074711	177	0.0937866579588695	0.94499281957326	7351	0.346813268094866	3	2	1	-6.7520332401807
chr17	21290791	23016487	0.315667810888574	329	0.112633689644128	0.835950934380835	2182	0.324135395114112	2	2	0	-6.73649720780424
chr17	24421438	83214512	0.498922147121751	5486	0.0879719029375984	1.09192091041998	252255	0.376454917757468	4	2	2	-6.87520444250287
chr18	49490	4007453	0.416905946368716	354	0.095283709686078	1.36374573234039	11046	0.508732776652473	6	4	2	-6.77593171582574
chr18	4011538	15341512	0.327880182626895	823	0.104717923032294	1.18457643164388	24738	0.433756928622766	5	4	1	-6.89168401148415
chr18	21019491	40696838	0.237882865614835	615	0.10683439287201	1.03835224944932	28464	0.386499692102966	3	3	0	-7.13075379702232
chr18	40843817	80250865	0.367288599146019	1503	0.101005993174897	1.27379969165865	59377	0.488065926362961	5	4	1	-6.84106764605773
chr19	263280	8600792	0.498917875097236	2300	0.0807065131944667	1.23757985727671	77103	0.429706172604442	4	2	2	-6.99771668999019
chr19	8613464	24175288	0.498919654401908	2508	0.0854913380741961	1.11049483728686	115631	0.384118096413556	4	2	2	-6.73650535356778
chr19	27646333	58586615	0.407881949020101	4752	0.0939498379870686	0.987582684012738	195378	0.30084803928493	3	2	1	-6.81123196330244
chr20	87894	26208375	0.430305128385781	1283	0.0933685441354833	0.949289634243419	47561	0.312225346193744	3	2	1	-6.81411816671422
chr20	28559257	30877009	0.331564154080823	509	0.114596319377065	0.975431509754336	2525	0.366896935013946	3	3	0	-6.89538371238135
chr20	30877039	31259408	0.377428955990223	99	0.129573808626922	1.15943441277822	748	0.590218002545939	4	3	1	-6.73729199828427
chr20	31274572	62125825	0.498914692366417	2311	0.0895670999488863	1.14463710062984	103080	0.399773064310496	4	2	2	-6.79362380770529
chr20	62129684	64273189	0.487945091858608	411	0.0757531858502266	1.28460804168989	16903	0.362355903310814	6	3	3	-6.83804337185052
chr21	5033884	13096316	0.49872598429977	732	0.131792270371439	0.934356922514554	4714	0.393236954555068	3	2	1	-6.9662271928165
chr21	13227689	41740862	0.436429518897711	1141	0.0951058840386606	0.956505609701164	39211	0.345177065019586	3	2	1	-6.77422185853833
chr21	41741645	46689753	0.443812912497128	675	0.0809979931612039	1.04565505153353	20512	0.308983818194015	3	2	1	-6.93749942844996
chr22	10561392	12797396	0.402114910542042	628	0.127334799194689	0.862359559553155	3294	0.338939691798654	3	2	1	-6.90921995355387
chr22	15541430	36147850	0.373857572642863	1793	0.0977217544531305	0.913517220251613	69081	0.295276209926802	3	2	1	-7.36554254584821
chr22	36149732	50808384	0.375623156542109	1478	0.0943646173410124	0.971540642440343	60976	0.317006357582899	3	2	1	-6.88512542252709
chrX	257814	52862789	0.291808911901926	382	0.121857607917765	1.10405455789471	44940	0.358936598847652	4	4	0	-6.90130305782313
chrX	65956689	156003570	0.498615481497529	66	0.116353881074185	1.1386673104535	64135	0.350407416298171	4	2	2	-6.86853138325156
chrY	3852176	11986761	0.294743198065267	100	0.130611421144299	0.646103950664328	1755	0.352487483512258	1	1	0	-7.10947449142537
chrY	19413653	56831595	0.439981865943969	33	0.130597621097643	0.514133545462706	1031	0.201802405536182	0	0	0	-7.1498604746057
chrY	56831706	56887102	0.318087307345646	151	0.123932603275028	0.827452235404813	518	0.294031198231935	2	2	0	-6.73318631176104
