chromosome	start.pos	end.pos	Bf	N.BAF	sd.BAF	depth.ratio	N.ratio	sd.ratio	CNt	A	B	LPP
chr1	61993	16856777	0.498895830920676	1656	0.0931659742187807	0.864848181911194	55352	0.407543370907027	2	1	1	-6.82660459415072
chr1	16858857	51012776	0.49890861366279	2557	0.091478226248568	0.85609382220999	107930	0.321312975547577	2	1	1	-7.18785259820107
chr1	51205311	52770238	0.253004148773133	130	0.105864711541061	1.63060744989624	9250	0.83215863214861	7	6	1	-6.74038984804774
chr1	52772119	56690353	0.39402200062476	307	0.0918293119491392	1.12970979851722	11408	0.492028731067155	3	2	1	-6.82031534475378
chr1	56692378	58772164	0.265469374383464	117	0.109710107521175	1.88565550290095	4258	0.929991094621374	7	6	1	-6.74506884479675
chr1	58838634	62929604	0.122978669080089	567	0.0826286258356761	3.78505542736531	20288	2.87783854726414	19	18	1	-6.7335804678379
chr1	63035573	64271069	0.20977809880288	104	0.108377076632274	2.37649136099064	4533	1.27396709081157	10	9	1	-6.73824609345005
chr1	64350283	64972785	0.391375353797488	19	0.106518674748494	0.758944917773368	1186	0.390507952859074	1	1	0	-6.73717831298263
chr1	64977181	74766436	0.162281145978193	761	0.091265803685346	3.08924758981886	31689	1.83040945124439	14	13	1	-6.74377243133582
chr1	74865698	121568263	0.498900834692762	1599	0.0898089002885603	0.925416261804559	70707	0.561030625730241	2	1	1	-6.80273609295013
chr1	125094630	143414702	0.14843259448365	9	0.180231641074603	0.652775837242028	432	0.213135406973516	1	1	0	-9.84432157625986
chr1	143449352	248916897	0.498931515917566	5728	0.0880186464334608	0.980618022024756	244625	0.511093930114651	2	1	1	-8.13966494331453
chr2	39340	89128961	0.498926584109901	3567	0.0895443714467649	0.916801375557018	143812	0.667174417698247	2	1	1	-6.775146908048
chr2	89172931	91987666	0.30451962332236	103	0.127600853159425	0.898253610533786	2818	0.323394543217682	2	2	0	-6.73711932985638
chr2	94190317	192057773	0.498910525072106	3565	0.0924098826552377	0.976683035589684	152796	0.487215800973504	2	1	1	-8.05764019953911
chr2	192415031	194591094	0.498433359195481	25	0.1466023874294	1.23005303231271	680	0.767117367908316	4	2	2	-6.73310816600338
chr2	194961736	241897463	0.498919450084147	2483	0.0878789064414392	0.934943020980974	102606	0.498864030985221	2	1	1	-6.89524858129479
chr2	242003650	242183401	0.267542497804424	11	0.166332088414604	1.27677342194278	137	0.470157529121656	3	3	0	-6.74890102982724
chr3	10374	46895901	0.498899646350143	2008	0.0892074058297899	0.938014252209275	77929	0.687868595586574	2	1	1	-6.83451556371223
chr3	46898206	90507212	0.49889120229924	1598	0.0965875550248783	0.886881753843988	78131	0.555039563323933	2	1	1	-6.75068163218507
chr3	91404517	186731405	0.498914742510143	3380	0.0901205707998657	0.931497619822321	141913	0.43124972257142	2	1	1	-7.08185591308012
chr3	186731793	195619794	0.498879310509379	473	0.0862368994528887	0.947614489995211	11877	0.485848508980182	2	1	1	-6.79321737804631
chr3	195620335	198150648	0.498788032567435	442	0.112739950922458	0.83170522296405	9550	0.391208088628316	2	1	1	-6.79382577925576
chr4	46210	8950228	0.498896171881334	889	0.0965476271553382	0.888145368243633	26287	0.530454167055028	2	1	1	-6.73630594963215
chr4	8950551	9712186	0.422525683810158	93	0.131398245160388	0.826553190013563	880	0.371519707135574	1	1	0	-6.8248664403736
chr4	9716780	49061855	0.49888324084806	1188	0.0911269889995408	0.947108237317929	43621	0.416193306285613	2	1	1	-7.07186887242079
chr4	49092089	49711644	0.376789181460128	112	0.122315497794202	0.843250693177458	1098	0.400373330040066	1	1	0	-6.78174073617422
chr4	51848345	190179679	0.498915557408428	4362	0.0935624062537707	0.936402536471806	162538	0.439726216963874	2	1	1	-7.34955310835824
chr5	11598	1094274	0.394892882656915	171	0.0982209418747989	0.766843497749074	3913	0.238487180781452	1	1	0	-6.76017244542031
chr5	1133929	1590826	0.188226058756143	103	0.103423194348557	2.44155414217382	3571	1.59460635469326	11	10	1	-6.7330857135868
chr5	1606090	1874442	0.0966504000681105	49	0.0993853859074501	4.25819009453625	1159	2.78574659084109	14	14	0	-6.73618907639146
chr5	1880777	5927781	0.341904528287861	127	0.128705321345048	1.42197275273871	3423	2.15871242108368	5	4	1	-6.74814540305383
chr5	6015424	17314645	0.498764241699604	431	0.10904852276025	0.856132637512935	12564	0.53997017368671	2	1	1	-6.78997912257968
chr5	17355132	18861016	0.169749854332894	91	0.109712638304176	3.15668110460799	1830	2.61251954457918	18	16	2	-6.73548996515959
chr5	18865758	25879859	0.36253294821588	102	0.110913772276511	0.933734010206924	3584	0.766506670647152	2	2	0	-6.85108070830341
chr5	25901048	28105143	0.160818636465737	65	0.103586100845922	3.26844286494496	2967	2.67780553576696	19	17	2	-6.73734153930158
chr5	28216612	32077547	0.293415764653559	90	0.12077114685474	0.869146405988881	2846	0.40171087452674	2	2	0	-6.76927517635231
chr5	32087122	32764516	0.151451685641525	118	0.0966267807235962	2.85013270354985	5348	2.48266703091937	14	13	1	-6.73398884554394
chr5	32789746	38088581	0.499087093348433	251	0.0909141115629191	0.937951198566537	10320	0.385832652802785	2	1	1	-6.76979028775239
chr5	38290711	41692629	0.325269881487523	175	0.10538835772594	1.61318022214573	8121	1.15271330691077	5	4	1	-6.7647560051098
chr5	41842913	44013460	0.154233655289222	208	0.0928384633731831	3.28088994555818	8520	2.26393068217196	14	13	1	-6.73703370700556
chr5	44305031	46206800	0.309868209045061	45	0.121265036555922	1.64223488272835	1322	1.02657482794161	6	5	1	-6.75611063406323
chr5	49601562	49666465	0.467211928975132	34	0.135032405168659	0.786817703593432	369	0.397250185685419	2	1	1	-6.77263426026298
chr5	50399316	176328409	0.498920512030019	4462	0.0904826815806079	0.949750287381262	181880	0.639271734804907	2	1	1	-7.23031502251837
chr5	176336907	181283474	0.498886186507936	606	0.088796066131894	0.86033618493305	20193	0.312149529419679	2	1	1	-6.79362680243573
chr6	164113	60417308	0.498924939110252	4129	0.0854198746972989	0.990620071668621	146665	0.487207371063993	2	1	1	-7.88883152125185
chr6	60476345	60944641	0.0884492163966224	28	0.0734112861297017	5.18401720100568	1115	3.66422690698292	16	16	0	-6.73776477735362
chr6	61030851	61258702	0.110719088847593	13	0.0601823085001752	4.33242577058182	261	2.22747241311618	20	19	1	-6.73708264622031
chr6	61600645	64137242	0.498458956389839	31	0.140069683118911	1.30124164491576	2401	1.54657062744763	4	2	2	-6.73496731741323
chr6	64221414	65087895	0.0876665312043604	45	0.0848507304897634	4.09345243313855	1840	2.79428341312804	16	16	0	-6.73676390452767
chr6	65119885	71301634	0.320589376718268	162	0.0880539174041508	1.31495753799444	5759	0.740039376914144	5	4	1	-6.75904880127419
chr6	71361651	88128230	0.498826747351321	544	0.0994568685984393	0.886305383503913	19111	0.513978458654256	2	1	1	-6.74173221987469
chr6	88201412	89656638	0.228112618229314	150	0.103316313457257	1.93563021418159	5315	1.32378687958895	8	7	1	-6.73762037855213
chr6	89670285	89909461	0.0735787622657957	67	0.0506483160846158	5.3316927623502	8332	5.21447086240888	20	20	0	-6.73371049891942
chr6	89922236	93236801	0.061093258218844	339	0.0556096523664404	7.41855771481267	11051	5.94881851834557	20	20	0	-6.78249143812405
chr6	93245346	94559345	0.162421524577621	38	0.0982649914000436	3.82704721024729	1775	2.17732302314673	19	17	2	-6.73364103727783
chr6	95356036	110933338	0.395462719820739	390	0.116950174206729	0.798379375884493	17313	0.40003123283613	1	1	0	-7.13166996803384
chr6	110951803	112114070	0.287991896963807	142	0.120813748563538	2.36553500190266	5452	1.79897383031164	13	10	3	-6.73754130884859
chr6	112114479	170594646	0.380128991128309	1968	0.102964061571661	0.781053296793691	74009	0.38615225887188	1	1	0	-7.55054426296682
chr7	38094	7015919	0.498870207252444	816	0.100294007230955	0.831512815203786	22265	0.330610843169432	2	1	1	-6.96238287826359
chr7	7067255	35889068	0.498903353069226	1194	0.0883616518516704	0.977633747136484	37699	0.64923317896147	2	1	1	-7.00333939729519
chr7	35903374	58091549	0.393090205433685	842	0.105991198951206	0.752817046037431	28999	0.423099713025763	1	1	0	-6.78624462753569
chr7	60985118	76486814	0.498844851330173	886	0.106640817533624	0.905905419960308	31945	0.402650591038622	2	1	1	-6.73576580474947
chr7	76486849	152204121	0.49891193902954	3801	0.0918180477235171	1.03084359816855	159821	0.578721586587822	3	2	1	-7.27801933129323
chr7	152241498	152646711	0.360265091636947	117	0.117970753717542	0.931123021378345	1399	0.431123246143276	2	2	0	-6.82162476812059
chr7	152648641	159316121	0.498825551899554	395	0.0912935432844419	1.04387649138704	10543	0.522662172995809	2	1	1	-7.04015607575143
chr8	213553	43500515	0.498888738687498	2092	0.0934630106916042	0.847840208318927	66848	0.433516627060372	2	1	1	-7.18527269115672
chr8	46872025	138029302	0.449614550763109	2717	0.0941141452701064	0.972294106794827	105992	0.842504814388443	2	1	1	-7.33108380766958
chr8	138069161	145066250	0.455297242289754	548	0.0918174998316258	0.894613997862231	23442	0.433406605661395	2	1	1	-6.87271642548099
chr9	10330	38717318	0.498891234896572	1600	0.0902385222454636	0.858230912041121	53956	0.344703620247782	2	1	1	-7.1404254405122
chr9	38759328	43242650	0.498701233276729	375	0.134480814978003	0.941423371292434	3174	0.3960773629005	2	1	1	-6.76803174478638
chr9	61580379	67773402	0.451530114509462	189	0.134722872982966	0.92379055812555	2160	0.39253152441322	2	1	1	-6.82642540110216
chr9	67800317	138148814	0.498923599424041	3758	0.0892164015837692	0.893317383813708	155518	0.500274941909198	2	1	1	-6.7417864664192
chr9	138149114	138199123	0.395757119663396	35	0.123842472452682	1.03627749910098	192	0.283084131567588	3	2	1	-6.76003516369363
chr10	47663	39475690	0.498893547696843	2015	0.0992639758534298	0.902925553298451	61314	0.410708824433016	2	1	1	-6.73484472315006
chr10	41859730	42502340	0.463359360357799	67	0.116195232158988	0.814502106600607	675	0.30046152596557	2	1	1	-6.83412788737037
chr10	42507683	133787094	0.498923365331655	3529	0.0911999243319572	0.907101231196811	163717	0.551619546777531	2	1	1	-6.74500764528289
chr11	194441	50553108	0.498921694868941	2775	0.0873304092890985	0.91707451540315	103986	0.527574821793336	2	1	1	-6.77234989501166
chr11	54568643	55294665	0.22056527458466	19	0.0752804891507994	0.753853447715198	415	0.20990981500345	2	2	0	-7.84841259699797
chr11	55305026	55347882	0.0552261196295131	10	0.0292004566174344	7.60649293907015	501	3.98594086212318	20	20	0	-6.94237545372321
chr11	55388674	58838449	0.498921221675979	302	0.0743090703437942	1.07069354673279	10217	1.08551184856096	4	2	2	-6.76781168006
chr11	58921644	59255601	0.198966444322687	9	0.104634416475226	2.55377993479245	1553	2.17546495117892	10	9	1	-6.73418452734928
chr11	59257956	59532668	0.498353899761696	21	0.0469452568728423	0.864942929410596	694	0.218058919721698	2	1	1	-6.73915818153418
chr11	59542949	59828399	0.205277441889405	42	0.0998660572188404	2.34147459271786	2266	1.04848493792034	10	9	1	-6.73419885030005
chr11	60024307	61440358	0.498827368406537	129	0.108840910833767	0.862091530126346	5646	0.266494253455382	2	1	1	-6.75488937181762
chr11	61458141	61798403	0.0758462297930528	49	0.0584060965040768	5.17002003874983	7052	2.94883721092455	19	19	0	-6.73553712126898
chr11	61803876	68615092	0.498882050395027	599	0.0846009350840485	0.802871309532441	41907	0.848846043692559	2	1	1	-6.80585579618628
chr11	68620856	69660786	0.0903935499285098	179	0.073567224538306	4.53609582447432	9832	2.86418499136184	16	16	0	-6.74256461912563
chr11	69667300	74623156	0.498835407852431	269	0.0991612549075379	0.856937425422181	15059	0.38940155003813	2	1	1	-6.77936184740922
chr11	74634778	74854919	0.145162986969119	38	0.0624390684495516	3.08049892873436	1687	1.98886487075815	15	14	1	-6.73346500779182
chr11	74861527	75327272	0.0570366562817846	100	0.060843009608186	6.58850998635155	6921	4.19671414187931	20	20	0	-6.77715216728689
chr11	75408490	75577107	0.143524211076786	27	0.139586181244069	2.02839436937011	901	1.51938526736617	8	8	0	-6.73424497912511
chr11	75727863	78023248	0.498958286108412	151	0.0959421408607082	0.865659864486213	6007	1.09282583607105	2	1	1	-6.73482038984082
chr11	78028599	78551572	0.0630173654997629	166	0.0801979153250878	5.95207943156896	6622	5.13479645145578	20	20	0	-6.74398706863139
chr11	78564160	79874482	0.267189456584424	33	0.0993673834512079	0.93988228362721	1222	0.389111093369146	3	3	0	-6.81460178504121
chr11	79929210	80110294	0.130307985513409	17	0.0446904385088986	3.49067241293262	319	2.64884585344939	17	16	1	-6.73441977480961
chr11	80306305	81820567	0.499040836225606	17	0.0893902547655997	1.09296106410018	527	0.587558770832734	4	2	2	-6.77093496375452
chr11	82542233	82630226	0.0965046004513854	12	0.132683577801406	8.8195258154101	252	7.61928106712351	14	14	0	-6.73421606380085
chr11	82727400	88574454	0.391996573968516	163	0.106239192926914	0.892809676349139	6992	0.456280741865203	2	2	0	-7.0337164199603
chr11	88581032	88882499	0.240465013121764	15	0.114701143764796	2.27022890735398	323	2.50157838738371	12	10	2	-6.73345908868615
chr11	89320134	94396703	0.498725731512491	183	0.110922813405709	1.17317794493004	7783	0.88258568736013	4	2	2	-6.74265783075784
chr11	94417062	95882192	0.261397816742106	76	0.111904225967895	1.69271461302951	4056	0.729146957316373	7	6	1	-6.73403242673543
chr11	95927644	96418949	0.111284872150382	80	0.0923821443855133	4.3247319897515	2600	3.72932237062761	20	19	1	-6.73449397883672
chr11	96487084	97340476	0.399831393782004	21	0.142046672410364	2.32580496262323	520	2.19904735479997	11	7	4	-6.73359425395904
chr11	97401741	98874595	0.0777448314177554	218	0.0648714329709964	6.6832677471598	4721	5.66034096227173	19	19	0	-6.74283735014172
chr11	98895139	99689299	0.177906742516451	50	0.089785388111693	2.84025977239502	874	2.07402231000559	12	11	1	-6.73464020825075
chr11	99726980	100751095	0.0733928918188809	88	0.0726296160565829	7.33771239929424	4321	5.1198671324748	20	20	0	-6.7424579068491
chr11	100771846	101418782	0.499025516408858	41	0.0724955928012852	0.979622990302675	845	0.327543294878571	2	1	1	-6.75919645092208
chr11	101440628	102753276	0.0551730779209954	284	0.0513966838292589	7.85092761078959	15491	6.76864167379829	20	20	0	-6.81080912015687
chr11	102770651	106311524	0.250996462384982	116	0.103048595907178	0.970852385808748	5074	0.312597964976326	3	3	0	-6.93042422177387
chr11	106368290	107820643	0.0530320777200888	197	0.0791614497000653	7.67981929375607	8287	6.86490517696645	20	20	0	-6.77852473259865
chr11	107828796	107957844	0.102892127200179	69	0.0726454210790402	4.40538334841267	1724	3.690532972786	13	13	0	-6.73442121500194
chr11	107976248	111023225	0.498689750431127	49	0.107971332646538	0.861087886693047	4653	0.365453648899495	2	1	1	-6.75940748301351
chr11	111042962	111140914	0.0386137600463237	19	0.0393253783213456	9.83355815744421	393	6.75200769912551	20	20	0	-7.15520817665126
chr11	111283932	113700130	0.498849269828157	94	0.103811937296854	1.12028135468887	5968	2.80607299590399	4	2	2	-6.73478538719695
chr11	113732408	113855577	0.0458249681915407	31	0.030801340565715	8.03197687492369	4333	5.57498150750187	20	20	0	-7.16087735827389
chr11	113944839	118168026	0.498777603516002	206	0.104898091339446	0.923299204254025	8140	0.369898882914164	2	1	1	-6.74544795970503
chr11	118278407	118412347	0.118504829078816	43	0.0731108928806598	3.27870531419267	2185	1.91948616240145	19	18	1	-6.73389724874856
chr11	118422966	135057684	0.379034621892338	793	0.104308293586586	0.749054450641591	31083	0.3555397564847	1	1	0	-6.77158779624417
chr12	12233	9010111	0.498889135078479	1015	0.0889925519011332	0.977334660156849	32737	0.553982116428421	2	1	1	-6.8511203431034
chr12	9028799	34276742	0.498873028498138	1318	0.0920417273472358	1.04956749804337	46469	0.813387963232792	3	2	1	-7.13104942315958
chr12	37420530	48347436	0.498881048904501	503	0.0830471906162193	1.12563706375465	20031	0.416140944628412	4	2	2	-7.03022260358755
chr12	48433680	57629091	0.4989065397701	996	0.0820365356334916	0.969726910673839	56229	0.317129722939215	2	1	1	-7.02609590472806
chr12	57699765	57862931	0.254317922674628	13	0.11913378603217	2.26191933774542	3327	0.726632769339922	11	9	2	-6.73397321953179
chr12	57915991	93624329	0.498879566216092	1042	0.0908193255925227	1.08663658431695	45511	0.799390312027518	3	2	1	-7.14746423218682
chr12	93640897	123699518	0.498895530659473	1892	0.0909026677341798	0.86574738723462	80974	0.977362309792713	2	1	1	-6.76100796936591
chr12	123699935	133259857	0.498884994305571	580	0.0964775916282097	0.876734419850666	19731	0.367079105469198	2	1	1	-6.76155777116352
chr13	18177561	18468739	0.431330147924031	53	0.121634618453737	0.753009803825659	565	0.286625420356959	1	1	0	-6.81493129231805
chr13	18472704	114354016	0.498908051371901	3193	0.0906333805820558	0.952493111624553	115431	0.46225153018739	2	1	1	-7.49990831534305
chr14	16098268	16401976	0.286	1	NA	0.730219098482719	13	0.240162231493417	1	1	0	-5.76446599823444
chr14	18330620	19936576	0.326720979118611	134	0.107755684090023	0.91522664046968	2288	0.351730055737527	2	2	0	-6.74238501484372
chr14	19975490	106062785	0.498922319963375	4296	0.0883355260783153	0.892762151299384	170240	0.511849603947344	2	1	1	-6.74507956146829
chr14	106115022	106874913	0.498790974124807	227	0.0955587101069647	0.99113883717574	3559	0.333604776241145	2	1	1	-6.7712209705269
chr15	19987698	22747823	0.498654562639039	236	0.139441446698385	0.844064973491466	3261	0.39019834652421	2	1	1	-6.7771557598977
chr15	22767914	43340557	0.38101040715442	1066	0.1001042678495	0.725548047054501	43649	0.662922118231041	1	1	0	-6.73800314964419
chr15	43366638	43964500	0.298413434981139	67	0.104522408920437	1.44523420636701	6216	0.536078698786183	6	5	1	-6.74770988946723
chr15	44242670	50417919	0.38887979579095	298	0.109046011011726	0.746811236528958	11633	0.268415595725963	1	1	0	-6.75041833275468
chr15	50558651	51225827	0.00736886731102582	42	0.0237046284017595	4.97189973668747	7574	3.50009666627908	20	20	0	-9.50942434764139
chr15	51355756	53061957	0.303805016339487	132	0.110373710388596	1.45253676839065	7223	0.662507285844754	5	4	1	-6.75176052575869
chr15	53144183	63445975	0.498825141288887	447	0.0901100881214763	0.969186946566339	18166	0.52357120457498	2	1	1	-6.85522689106774
chr15	63494453	63995296	0.122616713194345	109	0.0772893155245766	3.85380109521748	7133	2.2637754018395	19	18	1	-6.73349030441831
chr15	64033378	65078314	0.49878009047449	94	0.103859628113452	0.789007994739861	3736	0.310059842905902	2	1	1	-6.84355284917932
chr15	65116813	65477186	0.249464762158	40	0.101645487495536	1.83610241502703	3541	0.783792824669224	7	6	1	-6.74035358322368
chr15	65497720	78944915	0.49884311399366	611	0.0948271212243432	0.883980073604731	36014	0.429839090487504	2	1	1	-6.74674166768515
chr15	78971755	79457785	0.189176469392072	34	0.102426413740446	2.42511091139363	2038	1.19425577662165	11	10	1	-6.73319492125721
chr15	79473021	84484140	0.380039863417124	255	0.104405111744325	1.25403399145595	12877	0.506981599724383	4	3	1	-6.74897092067152
chr15	84548289	84758633	0.121537049011209	11	0.0865460465984333	3.08126085102942	2617	1.63908924494943	19	18	1	-6.73480793212609
chr15	84839914	86110581	0.361430584232684	97	0.0979684786514435	1.19836319965586	3626	2.47247168041946	4	3	1	-6.73390918131102
chr15	86139512	88137968	0.236181295186821	91	0.0885228777090978	2.17541138806896	2843	1.34891729877006	8	7	1	-6.74527091957682
chr15	88182936	88652342	0.118027328525469	64	0.0872352912057158	3.38686356921313	2393	1.97538002638987	19	18	1	-6.73423273869782
chr15	88749134	92171519	0.32887088622679	534	0.0997331260714048	1.29033398810913	16289	0.860304116304612	5	4	1	-6.75438629650529
chr15	92171937	93260085	0.24172068266554	138	0.0889177560653687	1.95806463450856	3956	1.20661013368812	8	7	1	-6.73517258539885
chr15	93267065	94033804	0.28311537892312	56	0.102541717832811	1.51707384031766	993	0.713458101900578	6	5	1	-6.73495039962196
chr15	94063414	94662705	0.129285610248375	58	0.0683325048272853	3.71722182384589	1740	2.52210137864223	18	17	1	-6.73430524800238
chr15	94662743	100349291	0.498792681745782	243	0.101470069055483	1.15339252308259	6305	0.631121870873524	4	2	2	-6.77071832939993
chr15	100399188	100783241	0.0640422794859112	108	0.0640583055575421	6.42511749290311	2974	4.04011359732656	20	20	0	-6.74762308466915
chr15	100801944	101704393	0.438452217272632	92	0.0807088482116208	1.05930177198331	2816	0.437654425002773	3	2	1	-6.75815583399329
chr15	101711758	101980754	0.321361924605052	38	0.117008236691993	1.50179845547346	1111	6.53654947911201	5	4	1	-6.73305011618608
chr16	35742	5100426	0.49890249577108	1035	0.0895804872460051	0.831829003022434	35991	0.422746451170585	2	1	1	-6.83608653498119
chr16	5121365	36100400	0.498894963696144	1850	0.0994959689372803	0.823915348175487	72248	0.357877079203529	2	1	1	-7.68855500562645
chr16	46386441	46671831	0.492965688937678	51	0.116141009629015	0.672697748019831	1581	0.190514417824653	0	0	0	-6.87043517850341
chr16	46680617	90094884	0.498915292498183	2858	0.0891445800349995	0.86588481536644	102019	0.45917887632458	2	1	1	-6.90966019159995
chr17	84658	22443945	0.498901131701353	2375	0.0969134340825413	0.841571122042052	84766	0.384166328355257	2	1	1	-7.11404963105846
chr17	25074459	83194874	0.498918881011831	4667	0.0905298443137723	0.917711300619062	206882	0.486536439057256	2	1	1	-6.79012593132719
chr18	47628	82629	0.498778779959786	41	0.117592568622009	1.23233006502861	196	0.700910091717832	4	2	2	-6.73309443720541
chr18	108128	108488	0.246734755225245	11	0.128366166598807	0.559326462573405	56	0.14764772813483	4	4	0	-6.74947912018495
chr18	110425	15378961	0.498874919174492	887	0.0941345885995299	0.930811262519451	25521	0.399768714712643	2	1	1	-6.79843022042824
chr18	20973174	80160338	0.49889391178366	1775	0.0952458332214599	0.958408721750851	69944	0.632679380180448	2	1	1	-7.06763150876722
chr19	261438	24186640	0.498928730232069	3999	0.0917538456608176	0.785731682939559	137755	0.302793849301763	1	1	0	-8.18766204543708
chr19	27392054	58563339	0.498924522017485	4356	0.0915464301576746	0.802009931993537	157734	0.434260545815854	2	1	1	-7.82113528957497
chr20	96321	25898759	0.498904129316062	1234	0.0921537640366412	0.927667012332988	42908	0.493633218170212	2	1	1	-6.79185521681846
chr20	25908881	26132227	0.140002619043995	15	0.151555207605615	0.811351241438946	156	0.339291826283748	4	4	0	-7.13415995611596
chr20	28559285	30843162	0.414147792889611	506	0.113820549571657	0.836604582647469	2428	0.419258276964335	1	1	0	-6.90067581751135
chr20	30843238	30867240	0.497785763528334	9	0.193254006714249	0.535223125931109	32	0.287923333139447	0	0	0	-6.73368074666677
chr20	30876685	64281456	0.498916022159964	2105	0.0902597402463453	0.874359522419987	86647	0.964096482975603	2	1	1	-6.75073353629426
chr21	5218123	13113074	0.491342166370885	781	0.125217056485028	0.816884426212618	4739	0.568109626484846	2	1	1	-6.86987352147728
chr21	13211199	46692808	0.498880552038085	1584	0.0935240959395444	0.80275282286601	49944	0.506454517451932	2	1	1	-7.61045701627755
chr22	10684417	12900737	0.376484204257686	641	0.124126619104054	0.776564208860442	2948	0.414627825005175	1	1	0	-6.76225195237946
chr22	15553139	50808384	0.498911061102558	3233	0.0957205188276008	0.856016815976274	111903	0.598267899224929	2	1	1	-6.87635885620856
chrX	266999	52862789	0.49881056478057	365	0.118320294654176	0.88453300271315	38377	0.533911588260285	2	1	1	-6.76512698233405
chrX	65956689	156003570	0.414163794690855	47	0.0915587495837886	0.922102425247197	56468	0.326561379548303	2	1	1	-7.50937725433655
chrY	3066285	11986362	0.322716252119895	92	0.115114859340131	0.831186177706024	2132	0.301722481240787	2	2	0	-7.08405263392371
chrY	26436903	56887153	0.457137235806671	220	0.123093793949	0.786518478996132	1042	0.309405064566019	1	1	0	-7.73973107744616
