chromosome	start.pos	end.pos	Bf	N.BAF	sd.BAF	depth.ratio	N.ratio	sd.ratio	CNt	A	B	LPP
chr1	61987	121568263	0.498927374549106	8120	0.0939259258105736	0.856581106266028	319001	0.289249755344546	4	2	2	-6.96137061813081
chr1	125094469	248916508	0.230850604067691	7690	0.103962053227882	1.15034623182302	320669	0.405891167609367	6	5	1	-7.30063149664749
chr2	41404	92075691	0.498913733007304	4128	0.0947891556861555	0.864599344050952	163321	0.304544757361755	4	2	2	-6.76365210747281
chr2	94194584	97589830	0.493667744774404	235	0.114967508396532	0.853795170759521	11275	0.268153058149357	4	2	2	-6.74588604319832
chr2	97653063	104823808	0.498887491804676	343	0.0820223268227647	0.871552785507383	14601	0.298265830705068	4	2	2	-6.7331733801646
chr2	104830415	242183350	0.381734137729184	5507	0.103719809924517	0.709731625236749	213888	0.234722120743847	3	2	1	-6.73475086787253
chr3	51248	90208408	0.49891387346539	4155	0.0922976246763583	0.876103508427344	176390	0.293143075170568	4	2	2	-6.75597016367677
chr3	91357428	198139899	0.498918385897772	5147	0.0912684894867161	0.88089849173184	181210	0.303147237120984	4	2	2	-6.82385708491401
chr4	46242	5017326	0.211544417888474	547	0.11663674366602	0.560508246632866	15811	0.200530399245683	2	2	0	-6.77434347080704
chr4	5299011	8975058	0.499042504248738	369	0.0898263959852258	0.862776352674055	10265	0.282499388741052	4	2	2	-6.73548289470966
chr4	8981455	9052063	0.243250156433428	62	0.101080947817252	0.882622375188852	414	0.310933698276292	5	4	1	-6.7720693992443
chr4	9054052	49091773	0.498881334223714	1529	0.0972894786849793	0.866323584390153	48531	0.321152385834069	4	2	2	-6.73937253347479
chr4	49091821	49711888	0.324270583651218	190	0.13050092733634	1.02082255329339	1993	0.431664470287171	4	3	1	-6.78642002444371
chr4	51848345	52364711	0.409607693067926	22	0.115361093173486	1.21481515100324	1036	0.445446427031782	5	3	2	-6.78072397258364
chr4	52400933	56728240	0.085911894905518	810	0.0677050101900029	4.39358349362094	32285	2.67880486240889	20	19	1	-6.75962924179568
chr4	56730747	57743517	0.0503913709947101	451	0.0491151419298555	7.55263137012526	12168	4.86612779669641	13	13	0	-6.7695388000004
chr4	57743689	59267019	0.0976873675534584	98	0.0772370994731839	4.02029471846045	2316	2.7592787793653	17	16	1	-6.74705076854711
chr4	59377449	61133083	0.258649875647814	19	0.150451115023106	0.563524159229744	312	0.239811071359121	2	2	0	-6.82320917084627
chr4	61200442	62615326	0.152296639735621	37	0.0813447691709275	1.07779671060041	1040	1.60680625829108	3	3	0	-6.79332660706412
chr4	62634753	62866609	0.203863075613219	19	0.0984050883009043	1.85644964127651	221	0.824037986707918	12	10	2	-6.73824005995497
chr4	62896042	63735549	0.0895659406849068	42	0.0588736565300406	3.71173039410027	1112	1.87854764764632	18	17	1	-6.73793377765013
chr4	63766931	64148803	0.0163428900271256	59	0.0171072526923955	18.9079937023367	2279	11.477415467744	20	20	0	-7.22985592699646
chr4	64171074	64409219	0.134474140922911	29	0.0757154707593849	3.67998541611334	544	2.28659946119789	19	17	2	-6.73392036936925
chr4	64432429	65136484	0.278858360909246	29	0.130351740896237	1.76624105988562	572	0.931433915937734	8	6	2	-6.74660739644609
chr4	65324037	68994337	0.215017370225241	84	0.119804236475396	0.550256749189785	3213	0.200317438885671	2	2	0	-6.73841932869334
chr4	68996952	69727072	0.108965167462605	48	0.0880074545520866	3.27012534935302	3272	1.86246870951647	15	14	1	-6.74103384189914
chr4	69730468	70480984	0.421205719115352	57	0.0848846888490646	1.16854455232095	1681	0.504046422551051	5	3	2	-6.76012930714509
chr4	70491394	70522032	0.122209549862934	10	0.0699476788591142	3.6078308183129	179	2.13700291089003	20	18	2	-6.73478975044639
chr4	70522662	83206437	0.198447331725956	542	0.124881490144921	0.551479053384933	17148	0.189978596445217	2	2	0	-6.74467718182992
chr4	83308139	189881370	0.498910512613343	3563	0.0920855210728522	0.870888995188322	128665	0.313186221199733	4	2	2	-6.73311668930106
chr4	189881413	190179679	0.495177777541874	39	0.15004238267633	0.843425511529284	480	0.243340989827805	4	2	2	-6.73673779297173
chr5	94521	413658	0.157999426240569	37	0.124132146480232	2.45062860978588	2636	1.12870747277511	15	13	2	-6.73554001085379
chr5	483152	840391	0.498403900756541	57	0.139265428765084	0.601312487270169	1286	0.140533359417174	2	1	1	-6.82632601677965
chr5	843508	1115861	0.380404676661907	39	0.0921490167909922	1.17995826074939	1741	0.32228686477071	6	4	2	-6.75067228003242
chr5	1127214	1312752	0.177858350855052	68	0.0837680896559097	2.60829546602224	2212	1.00698177457148	14	12	2	-6.7339264105791
chr5	1320607	3098355	0.18620578716412	85	0.132448848537809	0.58027739198252	1820	0.198864144949632	2	2	0	-6.83384776180134
chr5	3222186	4830577	0.185180949068133	93	0.11917787276858	2.07982720232713	2111	1.33204634110324	13	11	2	-6.73995942704039
chr5	4864112	6693083	0.188767240674811	66	0.0978173074717641	0.567138925696798	1667	0.175492282637546	2	2	0	-6.79257625461019
chr5	6725191	8166022	0.152743246139711	105	0.0893608634661389	2.78326702294483	3390	1.66013457374057	16	14	2	-6.73343045878771
chr5	8335371	10962609	0.386993136031271	63	0.132445237405572	0.794230420255944	2631	0.505667419483478	3	2	1	-6.81096438140361
chr5	11418125	11831541	0.246550188799831	30	0.107802975882836	2.07501387821997	584	1.03966021954625	13	10	3	-6.74138692020458
chr5	11858656	16711342	0.371300567015065	249	0.0905635867583353	1.20310721108077	8239	0.548485510201128	6	4	2	-6.7367982626385
chr5	16720705	16823696	0.198937726924054	38	0.101183452394188	1.90215296691344	845	1.34147074224456	12	10	2	-6.73391595676715
chr5	16824737	19839952	0.309052654540815	143	0.115823890641172	1.3009487612417	3350	0.895768913595241	7	5	2	-6.74344215148437
chr5	19920811	22204254	0.106843001389048	200	0.105075775002911	3.64621600286539	5888	2.20851632476755	20	18	2	-6.75369432756626
chr5	22257807	24813165	0.249353175937438	115	0.117850112952033	1.72357264214576	3063	0.927769946100651	9	7	2	-6.73861058739956
chr5	24823242	28526266	0.189979245190201	26	0.101236752219735	0.626674515414383	1130	0.44444513241083	2	2	0	-6.94369106843238
chr5	28682742	29041610	0.118003935379721	48	0.0809935204483046	3.14035808714831	602	1.83081666878411	13	12	1	-6.73883454132428
chr5	29062762	30086430	0.244034186192029	42	0.116712239315504	1.00163123456116	472	0.712596729382134	5	4	1	-6.75390132926934
chr5	30176633	33812008	0.192644254851074	518	0.101862190738436	2.27630365854076	15578	1.31455720283657	13	11	2	-6.73525814144455
chr5	33881147	35184256	0.200451960515089	65	0.105104041860361	0.571443639554602	2297	0.262952536928508	2	2	0	-6.75446355694277
chr5	35315381	37213624	0.283617068665243	172	0.111231563093912	1.4689928013197	6606	0.617921298590539	8	6	2	-6.73668239078972
chr5	37224383	37608732	0.124778951461539	116	0.0876775110961984	2.90225976171036	3975	1.49464862939709	20	18	2	-6.73628969901636
chr5	37610180	41178578	0.246948432724677	301	0.106979422680609	1.78850200478344	10652	0.724762340215492	10	8	2	-6.74194468651518
chr5	41242368	44808779	0.498682573918428	95	0.11347233236682	1.16859728096272	5116	0.616382036885107	6	3	3	-6.73570775242645
chr5	44898920	46381425	0.268621073035126	30	0.117984491480385	1.70928418968578	1104	0.736051606862815	9	7	2	-6.73724424681191
chr5	49599598	49661095	0.393169555658354	54	0.148809584546259	1.07659557509551	557	0.293806544328236	5	3	2	-6.7558328400603
chr5	49661122	132204171	0.498905725770404	2885	0.0940470911063964	0.874906901419323	100340	0.312626468274429	4	2	2	-6.74414462451925
chr5	132210587	133099796	0.183024524627338	52	0.115178974116075	0.539732991673286	3185	0.182135079006992	2	2	0	-6.75823635784723
chr5	133100527	181281814	0.498908247210553	2940	0.0931880436885914	0.854059492367133	115893	0.290995905381344	4	2	2	-6.85950949741344
chr6	142951	60855582	0.498917963958092	5043	0.088417163223009	1.00219067102106	174129	0.334597538885616	5	3	2	-7.43247100058853
chr6	61133505	170736839	0.417516735702477	3776	0.102684415847701	0.773411816619637	141401	0.290876538563654	3	2	1	-10.0264132483949
chr7	37991	58091475	0.430064100270855	3861	0.0965525729359701	1.02604460555454	122582	0.374931308573768	5	3	2	-6.74690563713568
chr7	60981490	159267589	0.421557284087173	6694	0.0967228153110051	1.02411253735981	245852	0.361319522697892	5	3	2	-6.76222725070859
chr8	223619	43829243	0.317243123970224	2609	0.112321422531389	0.85303278647899	80234	0.301351046079519	4	3	1	-6.85378935630135
chr8	46035950	145066250	0.423597048331025	4300	0.0944371716451632	1.02713867284155	161948	0.377237739960461	5	3	2	-6.74413552861184
chr9	12863	43253957	0.389052878193242	1940	0.107120992288793	0.707180513662669	57176	0.324524872549798	3	2	1	-6.73561067260977
chr9	61666943	68333969	0.498613140590539	195	0.138077443436418	0.829734841919572	2617	0.329594888254189	4	2	2	-6.81792888975288
chr9	68384399	138177044	0.498918864106641	4521	0.0932413157040246	0.859885507841567	180179	0.287881145412467	4	2	2	-6.8128675301966
chr10	48874	3554755	0.197699858814848	134	0.108266165625437	0.551769121153061	4011	0.191144327581586	2	2	0	-6.73892178874036
chr10	3577634	11887905	0.366992353326025	500	0.0971354167251303	1.18785804323118	17155	0.445256136531546	6	4	2	-6.73403205912154
chr10	11914155	19587160	0.309074984542813	928	0.107674556584123	1.44805001314545	29369	0.606769436865988	8	6	2	-6.78515243839219
chr10	19729973	21987145	0.107971105818805	98	0.100418839362786	0.88210451482045	3571	0.323943157560521	4	4	0	-6.76119042370798
chr10	22119167	23736701	0.259106634709854	148	0.105721780274531	1.86028774567413	5513	0.861911246882992	9	7	2	-6.74678822021991
chr10	23737502	26300696	0.182156149168094	85	0.0966218436600591	0.550871259990137	3127	0.196492297393023	2	2	0	-6.76771605120397
chr10	26367300	27330805	0.284161457430871	156	0.111840792107157	1.40139406674406	4625	0.547236761437536	8	6	2	-6.74554360702924
chr10	27334211	28351109	0.498630633286749	51	0.125625150473034	0.72451969977092	1550	0.266714262442115	4	2	2	-7.01009794495806
chr10	28369897	34867604	0.194200380862586	272	0.121591269958887	0.535657430504574	8065	0.197458614037631	2	2	0	-6.78671723835694
chr10	34873236	35059982	0.0244682999313326	140	0.0272894151426586	14.286559477369	5822	9.97751741599637	20	20	0	-6.78667274677205
chr10	35060646	35509263	0.0518581173426418	202	0.0509743585278785	7.23756043560163	6250	5.43047160719659	12	12	0	-6.74631151825387
chr10	35605738	35742995	0.165426561557702	9	0.172232965614729	0.905083608618336	342	1.87662487678535	3	3	0	-6.73544613780785
chr10	35743020	36315181	0.0388953473332704	94	0.0399080216806535	8.77424196447178	2880	7.36903681146333	17	17	0	-6.74089525349898
chr10	36438285	38624545	0.217269126418525	33	0.112968754060313	0.550925827631266	2424	0.20543616816148	2	2	0	-6.74117568354962
chr10	38646448	39967657	0.498384270617832	33	0.168868802176378	0.661777791996255	227	0.26662212717527	3	2	1	-7.04029246213289
chr10	41859758	42542999	0.340047931772832	66	0.132060300029278	0.818408051566208	983	0.371076189117381	4	3	1	-6.76691570839328
chr10	42566648	133787182	0.401175725670586	4352	0.10428754027278	0.702127605933797	161279	0.23344212285462	3	2	1	-6.84645010428667
chr11	197557	50553108	0.496773372208327	3193	0.0883618967500895	0.865045637929605	116579	0.273596499717122	4	2	2	-6.75170433946901
chr11	54568643	56971203	0.336112309690793	219	0.0863549586192747	1.40819887352662	6121	0.416093478753329	7	5	2	-6.76291053237244
chr11	57018744	57910795	0.498776463166117	80	0.0955088893404063	0.856155697484789	4471	0.271329072924637	4	2	2	-6.7352272356529
chr11	57917477	66616617	0.208589419239688	837	0.106161400916152	0.535074223587163	40690	0.155387021036341	2	2	0	-6.84890754097015
chr11	66638420	66975689	0.498684356785706	35	0.125472699498049	0.843737244286163	2726	0.3053271069447	4	2	2	-6.73526326192735
chr11	66978177	67228252	0.182929856733124	62	0.0999214233855852	2.35259632869523	2961	1.13076244533277	13	11	2	-6.7341826715921
chr11	67229752	67365009	0.499093187845641	18	0.0960460809882559	0.891814032362594	1375	0.370191843325719	4	2	2	-6.73341892791256
chr11	67383919	67949709	0.149344710251865	186	0.0880831614465966	2.86488894498774	9742	1.1353807802199	17	15	2	-6.73398613846784
chr11	67951477	68487530	0.111181818468766	230	0.0672085182473527	3.7313526551173	9363	2.0703309483086	14	13	1	-6.74551265009169
chr11	68493825	68742819	0.499258692736537	21	0.0746285085320234	0.883050169141206	839	0.276942057961362	4	2	2	-6.73346715449255
chr11	68754009	69269609	0.12814260374554	191	0.0734574733147092	3.22704971443515	6354	1.76070773087965	20	18	2	-6.73401322926063
chr11	69270598	69744018	0.073051104456917	96	0.0779203308548309	4.92781463309641	4396	2.8471423400753	20	19	1	-6.74121948974807
chr11	69765223	70260516	0.192266848345365	122	0.116430874296144	2.51284043311652	3148	1.59752343188175	13	11	2	-6.7348337776362
chr11	70262449	70882043	0.312286103165637	97	0.0940155882921784	1.49522677323821	3219	0.498373133626618	7	5	2	-6.7527970149958
chr11	70885043	71119367	0.172219352276718	38	0.076054563216547	2.59809327595992	1354	1.27516436935071	14	12	2	-6.73406300020779
chr11	71126968	71620115	0.348946540879159	91	0.0956885924000699	1.17305675357926	1893	0.384523925639563	6	4	2	-6.7498295556671
chr11	71620487	73342156	0.252852875031437	258	0.111085652335744	1.58280773426125	11573	0.688088188014421	9	7	2	-6.7426357270748
chr11	73360218	74949586	0.499023249515999	175	0.0858654585887336	0.950245308882335	6300	0.429556680313779	4	2	2	-6.77221515412794
chr11	74961765	75493577	0.336842874745293	55	0.107165757886088	1.31565868496165	2944	0.491006139574181	7	5	2	-6.74694690803943
chr11	75526877	76809993	0.152396811961298	136	0.108654066944669	2.47401930118669	6441	1.13360513831604	16	14	2	-6.74304692257374
chr11	76815717	77614539	0.109907192903142	240	0.0669408260932551	3.89071368402061	9403	1.92579300237072	15	14	1	-6.75774281546335
chr11	77617695	77901738	0.178638366068739	72	0.105662182781303	2.40347713561893	2453	1.35977195957387	14	12	2	-6.73380500059516
chr11	77903724	79999245	0.0868982600667618	494	0.0745660815421016	4.73817562344811	14927	3.20215460078887	19	18	1	-6.75071818515483
chr11	80026720	81593407	0.200989152613674	57	0.113802438407394	1.83885634801823	1193	0.991164859467402	11	9	2	-6.75253900597056
chr11	81593680	81886637	0.116094681381861	28	0.0664691817040207	3.64065786503546	446	4.7642035593941	13	12	1	-6.73497511054682
chr11	82025623	85745660	0.293970211445805	90	0.134616479783173	1.12889661234199	5044	1.04976216613158	5	4	1	-6.77634125436986
chr11	85776129	88249689	0.0984664123493212	403	0.0682064040347382	4.2848613971868	13101	2.66628566635829	17	16	1	-6.76599817671944
chr11	88249691	90541108	0.22463456533521	122	0.106404946949856	1.67405714857379	4552	0.983306334828804	10	8	2	-6.75332758166595
chr11	90627002	91658591	0.128862316394406	58	0.0947067943206934	3.6418031145896	1449	2.68505801525242	20	18	2	-6.73381696596897
chr11	91755008	102047872	0.199886950115659	259	0.115858170150722	0.548935938798472	9175	0.190011403066729	2	2	0	-6.73507846350725
chr11	102137975	102507071	0.212788098917862	19	0.150905531814323	1.62137953373895	1302	1.63010830220355	11	9	2	-6.7373174578193
chr11	102524926	102747319	0.0738207843904496	89	0.065802265935507	5.29338058590885	2549	2.71636540142311	20	19	1	-6.74038106392451
chr11	102771945	102945614	0.224215443173733	15	0.0858994428719668	1.22625261410084	772	0.646803772964948	6	5	1	-6.73535652779867
chr11	102951920	114016416	0.200872045548875	373	0.118285136326343	0.547177663597558	15169	0.189314078114722	2	2	0	-6.73392381370856
chr11	114177541	125249801	0.498898237232672	966	0.0884388226401861	0.865154292406286	34092	0.272176491952263	4	2	2	-6.73695495909229
chr11	125351514	134835285	0.19412328214307	351	0.112709461567797	0.544819047781069	11789	0.176532935685296	2	2	0	-6.74365819788266
chr12	12820	56312	0.288482793104483	17	0.124147712068184	1.20532869620041	104	0.391629691725011	8	6	2	-6.74210599958766
chr12	57698	25526907	0.155362871757653	1722	0.103186720214526	0.706567532844283	56918	0.228478773001388	3	3	0	-6.73775101210619
chr12	25650709	25804438	0.498633644422334	25	0.116915753144447	0.893890075570814	130	0.318769417919654	4	2	2	-6.73373165784535
chr12	25850491	34309738	0.159198089653004	492	0.106933895588651	0.692703318023701	14154	0.249701957005092	3	3	0	-6.77815339029089
chr12	37420043	133226507	0.413263851348544	6271	0.0927005482977682	1.00431439224749	273187	0.349528062869	5	3	2	-7.07617907776333
chr13	18178016	114353899	0.386359552448863	3432	0.108597925605767	0.710885553934223	108470	0.27160078591118	3	2	1	-6.73712495752859
chr14	18296555	106874913	0.390349826482907	4930	0.104253243671037	0.700041865548394	173599	0.234892373792447	3	2	1	-6.89454145477851
chr15	19858910	23666978	0.458035508224772	373	0.137848276461329	0.593135605258961	6205	0.226008270210115	2	1	1	-7.05966416257565
chr15	23678997	66328898	0.202315551526566	2336	0.114685856814509	0.541434450263363	85056	0.178877005581508	2	2	0	-6.83714331724141
chr15	66352183	70565520	0.383559249109096	304	0.0955400463582571	1.13463361416691	12205	0.421229903073712	6	4	2	-6.79316181058999
chr15	70565682	82941220	0.331722138189843	932	0.104661782063777	1.30632262232641	53791	0.499691710146631	7	5	2	-6.77947239624151
chr15	82962071	90197078	0.310178898193933	719	0.106376292460884	1.40379919434944	26120	0.539128392525712	7	5	2	-6.7577008238512
chr15	90206697	93267036	0.247139890068214	568	0.0980358195847486	1.62464112928751	16228	0.620485859531091	9	7	2	-6.747469498467
chr15	93275945	99072793	0.410470631159879	253	0.0944522695613845	1.00444337009404	5695	0.467371528092583	5	3	2	-6.75355063470365
chr15	99091397	101954215	0.327507395484665	336	0.10138624170521	1.31932226826757	9586	0.465912150273446	7	5	2	-6.74113916691373
chr16	31639	36104316	0.390916261789688	3202	0.106888839149576	0.698405253638092	117088	0.230140254541464	3	2	1	-6.82992252587252
chr16	46386441	46401545	0.498512383499617	61	0.0961490674390496	0.763055874626461	1092	0.166776759917844	4	2	2	-6.73885493372741
chr16	46582190	90102289	0.202288784983215	2612	0.115401871377109	0.541543305405537	89378	0.183372812355428	2	2	0	-6.83074337761536
chr17	137603	22654773	0.400380790103599	2903	0.103779326112443	0.695492660273047	89719	0.229795334896184	3	2	1	-6.84111057697273
chr17	25074523	83051824	0.498920943842558	5368	0.0910208458592166	0.861243789663708	236669	0.281113889355568	4	2	2	-6.78657175428203
chr17	83060985	83194874	0.498415561491666	37	0.135713944658516	0.862992312622487	353	0.329552286936197	4	2	2	-6.73317196661909
chr18	47554	14124428	0.498876298605912	1063	0.0939771211049379	0.862945661876544	27494	0.306482616106147	4	2	2	-6.74054453147978
chr18	14143527	15333334	0.498453741489706	69	0.14588667225751	1.42387690754058	1930	1.67482417057219	8	4	4	-6.73412063012854
chr18	15334022	15379034	0.0920538937534711	16	0.140682251308875	2.39321678277529	122	2.12840792974571	17	16	1	-6.73330910886853
chr18	21006644	80251092	0.498897847783418	2076	0.0920324434667641	0.867878487053397	76205	0.310583625621849	4	2	2	-6.73736066351738
chr19	263151	24394098	0.498933895676896	5325	0.089924429851176	0.832433721647211	175303	0.266512455919835	4	2	2	-7.12136230189009
chr19	27392054	58571468	0.498931641910231	5576	0.090616148858513	0.840455581579441	195823	0.261612918718044	4	2	2	-7.05925431569168
chr20	173008	26271014	0.319688565723745	1245	0.11125353699744	0.865853148483177	48423	0.300166235145792	4	3	1	-6.74005583474992
chr20	28559245	30910706	0.354540415868062	776	0.137242791787301	1.27883792022224	4181	0.580355882598153	6	4	2	-6.75599014223454
chr20	30918168	31106064	0.182639525971759	82	0.159717582352779	1.72642188272187	733	0.677510734237781	8	7	1	-6.73723675263165
chr20	31166554	64281456	0.386260646205755	3680	0.095157155817714	1.50279505557363	167612	0.577765255686021	8	5	3	-6.74184455464779
chr21	5218301	10739816	0.498721105350909	765	0.136626889932634	0.819929444084942	4522	3.02116433482583	4	2	2	-6.73439864465323
chr21	13000143	13036710	0.0360835136226612	70	0.0305495727877744	7.91247160862497	706	4.77614136689386	18	18	0	-6.73389363471618
chr21	13036854	13196491	0.0124077188144732	34	0.0257097642659287	22.635766866424	1583	18.1007919141774	20	20	0	-7.07941448884678
chr21	13202136	13853424	0.0378797018544465	155	0.0324362388946711	12.7001924378543	5641	7.72547037523694	17	17	0	-6.74681908952075
chr21	13853476	13861701	0.463979941291585	16	0.195164161669093	16.3188318795738	219	9.50657056380197	13	7	6	-6.73326260099737
chr21	13861721	14102730	0.0334096318213121	136	0.0327980741968788	13.3482662002674	3684	7.94035285624531	20	20	0	-6.73768839575761
chr21	14181709	19547166	0.161159596430217	165	0.112501463240874	0.720030572511525	4192	0.258860662881031	3	3	0	-6.74430804942428
chr21	19704280	25735200	0.483318521937285	265	0.109081391892364	1.47692976455181	5651	0.834999367190845	8	4	4	-6.7507652807831
chr21	25751821	46692843	0.312539417816688	1437	0.10624463103927	0.901266188243123	53474	0.392256470209951	4	3	1	-6.82808459761748
chr22	10685457	12797396	0.498732717766954	558	0.133665417238583	0.69924757189779	2772	0.276088579378285	3	2	1	-7.13475759065601
chr22	15343050	16434092	0.315398989014235	46	0.127120303246903	0.640333530852651	657	0.246367964230436	3	2	1	-7.02377292801741
chr22	16458736	20670592	0.194614563568803	343	0.103118110792908	0.546928516207772	12607	0.294811502121296	2	2	0	-6.73916610889068
chr22	20685517	21023669	0.0385992315902668	209	0.0450960304226683	11.459620882596	18800	5.69498659800921	17	17	0	-6.74460086931443
chr22	21030227	22004675	0.196112122354716	98	0.113593111647122	0.872755049673192	3370	0.761499602853853	3	3	0	-6.84185487523946
chr22	22018174	22532829	0.0647813816573287	282	0.0395864720082303	6.12027055490132	8669	3.18270843233001	10	10	0	-6.78216736085877
chr22	22533207	22564042	0.498865855258075	9	0.15236123012251	1.40227671365625	310	3.49210551966518	8	4	4	-6.73307236794419
chr22	22578834	23187501	0.0779784410004782	257	0.0580911607597438	5.32601024872128	9963	2.536215138087	20	19	1	-6.74391422345616
chr22	23194333	26040755	0.207922977984809	386	0.12762144317034	0.547431081194738	9482	0.267921638795454	2	2	0	-6.7333498475931
chr22	26189838	30870559	0.410586613153429	374	0.114072170549009	0.738377253517402	14617	0.321994461395707	3	2	1	-6.80407451183769
chr22	30889693	32370998	0.202042981982262	140	0.105832385803647	0.533715355773444	6427	0.167246847309908	2	2	0	-6.75465620233967
chr22	32380693	33336843	0.364185255143798	85	0.108107701252168	0.695517151504526	1953	0.262417995402455	3	2	1	-6.76077337696562
chr22	33337541	37232953	0.189578336479217	304	0.104005496298891	0.546939124143645	7687	0.215133053180937	2	2	0	-6.74628804533204
chr22	37240909	39364167	0.360815595504383	444	0.0977925517499168	1.19981820297216	17374	0.427736007070407	6	4	2	-6.73413229960854
chr22	39364384	39670953	0.207793441488417	38	0.109202123791998	0.542385861690725	1339	0.161269374955748	2	2	0	-6.73409253789524
chr22	39673923	43434990	0.498827804081328	559	0.101457881509037	0.809697816166945	18205	0.347512322334131	4	2	2	-6.8305069930472
chr22	43502770	45402201	0.213517233668827	148	0.101913092867824	0.545046661436696	4469	0.188324931730953	2	2	0	-6.73797063566489
chr22	45509681	46018163	0.444520277727069	35	0.0679535184686482	0.843660108133063	1315	0.269797671666898	5	3	2	-6.96580103293818
chr22	46053930	48707687	0.213136065169124	214	0.125609751197481	0.567202332319506	4472	0.214254801923247	2	2	0	-6.77774555774692
chr22	48835265	49497968	0.0364225581013704	357	0.0571836166124132	11.9695084879557	7652	8.20286823627636	18	18	0	-6.74369113961242
chr22	49543536	50808384	0.20139568872778	261	0.114143248580813	0.551093483837409	8058	0.200469181757275	2	2	0	-6.73435176962048
chrX	257151	49346325	0.372810186478245	826	0.108091360885322	0.926141507002683	44597	0.379197764693306	4	3	1	-7.59370101451065
chrX	65956689	155845037	0.498614832763557	50	0.135354447768118	0.876906967062028	59563	0.565941038408271	4	2	2	-6.74122444739478
chrX	155860377	156010156	0.245816424359212	17	0.114222982389195	0.559912219825983	256	0.164403235851164	2	2	0	-6.81030148045135
chrY	3066285	11986362	0.423172723274148	105	0.136264890304401	0.580646974984015	1747	0.606378265560193	2	1	1	-6.96722710370093
chrY	26437016	56763482	0.301807478319426	21	0.154984023754217	0.267648256536764	227	0.136284934204408	0	0	0	-14.7932175662787
chrY	56829711	56884104	0.335165089963303	166	0.119797353537411	0.743293431588409	526	0.205269720753435	4	3	1	-6.77025038025339
