chromosome	start.pos	end.pos	Bf	N.BAF	sd.BAF	depth.ratio	N.ratio	sd.ratio	CNt	A	B	LPP
chr1	76854	13227644	0.49887885606796	1024	0.101593555331724	0.840355893922191	45548	0.281575079133478	2	1	1	-7.42496989166784
chr1	13227917	13245502	0.188422897493227	33	0.101547915619508	0.67221212867328	153	0.245285256175631	5	4	1	-6.92857332475302
chr1	13245913	121448734	0.498912419908504	4507	0.103370879436057	0.79503526252775	223106	0.271725096431126	2	1	1	-7.56350785751814
chr1	125067377	143231511	0.492449022904442	23	0.161312036508531	0.611153343666936	374	0.188019907910873	2	1	1	-12.3213041237863
chr1	143570827	190265109	0.330367028135205	2404	0.103766275984204	1.20643676631	145082	0.406263527282916	3	2	1	-7.05295185490806
chr1	190285534	229378080	0.198909340086131	2869	0.0986214645229588	1.96248958975974	139214	0.786077026689553	5	4	1	-6.74867100497461
chr1	229378512	248872843	0.159402442889335	1910	0.0918897218348429	2.28625152496884	85416	1.04434271087252	6	5	1	-6.73771328576678
chr2	171467	91960535	0.33586897481618	2864	0.109278564831364	1.1729819592516	181363	0.414277194240169	3	2	1	-6.81883895973126
chr2	94244051	113586484	0.443071754110611	158	0.144572197790941	1.17201815579488	45019	0.396695208154389	3	2	1	-7.07815258786261
chr2	115836119	242012696	0.332686604713636	4961	0.104481230903024	1.15822685681902	251260	0.397237934136483	3	2	1	-6.73989938128137
chr3	13132	89341659	0.498908200048228	3214	0.104835511439808	0.790600962838117	145757	0.260441131112068	2	1	1	-7.27415154728673
chr3	93470433	195770872	0.498910760207234	3603	0.0988954976240422	0.775293278945433	140951	0.264437897011728	2	1	1	-6.78658645765538
chr3	195778917	195788516	0.290090896148757	65	0.129351975840519	0.582098624149448	253	0.150525433330809	3	2	1	-6.91604837580466
chr3	195788540	198120733	0.498785678089038	209	0.110485014563677	0.792588260845713	8480	0.280033144554299	2	1	1	-6.7490162954264
chr4	13968	733669	0.31140577498605	41	0.14073768195459	1.28628296585543	3835	0.433471505384708	3	2	1	-6.77456518507866
chr4	739352	4058176	0.135839686443269	567	0.0798474244747049	2.86596492841429	32836	1.31280182663678	7	6	1	-6.74216997688018
chr4	4061233	5126999	0.470240364971458	66	0.0887962178156722	0.811148919609777	1715	0.437585959992791	2	1	1	-6.80906147150363
chr4	5155535	5568494	0.159615197896434	31	0.0642490450119396	2.73492380267673	979	1.36328347982073	6	5	1	-6.74409177071684
chr4	5640414	6302559	0.498792816021677	96	0.115107638413151	0.836827747731562	1945	0.393828900849183	2	1	1	-6.75120843918491
chr4	6313605	6510730	0.233547656502314	19	0.12644139709994	1.82197054159926	532	0.692593137966048	4	3	1	-6.75021549650831
chr4	6535252	19023971	0.498844580260415	464	0.103665009142985	0.796727793911666	15235	0.390005706381051	2	1	1	-6.79323419557348
chr4	19368121	23976917	0.223681389261462	143	0.109614862151675	1.71061392640588	5762	0.737052227917525	4	3	1	-6.82414032670158
chr4	24213444	35586228	0.364429762439381	296	0.114062521732376	1.06796784883311	9579	0.436340899401391	3	2	1	-6.98442484553601
chr4	35824907	49061855	0.120965860915509	1367	0.0798934622863792	2.95228445359798	58493	1.53019936684659	8	7	1	-6.74035598482627
chr4	49092775	49154530	0.0299372751865086	9	0	0.07326894485103	55	0.0558285132850848	1	1	0	-Inf
chr4	49157695	49635230	0.200005380986521	110	0.142728932912153	1.44545865838482	690	1.20106541024553	5	4	1	-6.74917682595782
chr4	51848345	190179679	0.498885064962681	3223	0.108019052319709	0.762837648186618	144250	0.266094512981724	2	1	1	-6.81383093406479
chr5	44922	46206800	0.498895931455347	1321	0.0964111257017839	0.770825001474362	48214	0.269040597180214	2	1	1	-6.73473299314874
chr5	49601562	50405921	0.497800023483781	9	0.189947214889938	0.645488632640461	117	0.317676517902292	2	1	1	-6.87673133528665
chr5	50491064	147911304	0.498902408085384	2505	0.0976394746376613	0.771292294891981	122089	0.266756092967207	2	1	1	-6.73894181430149
chr5	148101536	175880370	0.00141725697145162	721	0.0322074294549782	0.417056954239717	27644	0.165824061160145	1	1	0	-9.26485793707576
chr5	175920006	181281936	0.498857566172237	507	0.108171275619834	0.79187094881811	20851	0.25976090986742	2	1	1	-6.77292296427996
chr6	231351	32460225	0.224745489849412	3336	0.100552232618672	1.73376772106209	122666	0.652948797035637	5	4	1	-7.22058898894474
chr6	32519393	32553496	0.242689147305842	18	0.143708139685143	0.750743339234855	55	0.422161275771408	4	3	1	-6.79311074836472
chr6	32558148	32660935	0.266505937439	38	0.157296995998695	0.587271159130156	109	0.904981322939419	4	3	1	-6.80867086668612
chr6	32661826	32666485	0.499685831925125	13	0.0960311114117418	0.720940988027413	33	0.544243194999286	2	1	1	-6.7330758266779
chr6	32666564	39597931	0.22688588952636	1111	0.0997813988422574	1.75343493667385	45286	0.638384019584346	5	4	1	-6.86208860430094
chr6	39611079	49374228	0.298663719447664	721	0.0993153981060886	1.35629368708974	33639	0.453787890833458	4	3	1	-7.29465922410271
chr6	49381874	58292421	0.238661653930643	534	0.0982102393260894	1.66912639590866	22278	0.625723579662393	4	3	1	-6.83038892087425
chr6	58371695	60855642	0.498453719660017	16	0.150090403313026	0.791996233122148	319	0.375316756344963	2	1	1	-6.74207398845066
chr6	61077116	137110652	0.498879593448053	1043	0.0952089120499262	0.763167942548201	78071	0.27201617134366	2	1	1	-6.77156342998538
chr6	137198101	161136743	0.00022881692019	767	0.0151501441273349	0.388693333837948	26229	0.146388036977147	1	1	0	-6.80667956755457
chr6	161161561	170718564	0.498818968929444	307	0.09365653819201	0.766929313346867	10439	0.273183982124319	2	1	1	-6.73381932322802
chr7	50462	58091475	0.498884361259621	2200	0.10412891736517	0.782289237755684	87609	0.276228611259134	2	1	1	-6.85957735238493
chr7	60958181	95985084	0.498849248804163	1005	0.114156399602461	0.776551189920601	53363	0.286008041708192	2	1	1	-6.75600463445098
chr7	95994998	99841770	0.00114130101445153	132	0.0229440516250596	0.395565537216982	7265	0.152765854096963	1	1	0	-6.81140712270824
chr7	99843717	100352885	0.00173502842419093	80	0	0.731381891714827	3431	0.229276658965181	1	1	0	-Inf
chr7	100353231	100917039	0.000483686521538629	84	0.00141841628653395	0.412098017588379	4224	0.128884490776982	1	1	0	-6.89744575118656
chr7	100951933	100960659	0.14975838958857	88	0.106479848810546	0.311109326086284	387	0.103372837279273	1	1	0	-7.75500696861446
chr7	100960708	101001022	0.406886336757727	63	0.14715494062008	0.411570796532111	543	0.114234721497232	2	1	1	-7.61351129281786
chr7	101051573	106491556	-0.000466724805955387	163	0.0765672206063255	0.398472139278315	9359	0.152294579747757	1	1	0	-6.90426859521104
chr7	106867612	152306916	0.498878926852682	1365	0.10711706088722	0.777333727704729	74596	0.255214393802569	2	1	1	-6.77862540912726
chr7	152379803	152407516	0.338698162815254	54	0.149055030664239	0.49580795419471	173	0.338205673862876	3	2	1	-6.83577232656486
chr7	152407952	159177989	0.498806225994802	298	0.10666135820802	0.758771920382147	9520	0.279543871453705	2	1	1	-6.74284441235124
chr8	232807	31167138	0.498874191212789	1518	0.105093212035164	0.77943571310501	46828	0.266489535656162	2	1	1	-6.77808871808315
chr8	51817881	85225688	0.00210994452655339	179	0.04995729706181	2.79010938960029	94655	1.48122938570562	7	7	0	-6.74570311904155
chr8	85262094	85774388	0.49824073545362	14	0.18282209270878	2.59795852727374	1380	1.12913476001342	6	3	3	-6.73646701166396
chr8	86402647	106007059	0.102772184530995	1347	0.0739888498267117	3.32934917565824	81822	1.81570605840251	9	8	1	-6.74604839724827
chr8	106011004	118348763	0.126904876571059	654	0.0822293059487197	2.89364461925458	25672	1.49488328373833	8	7	1	-6.74582351147878
chr8	118379552	120990997	0.19395008293245	135	0.0963874230560351	1.93222931074454	7446	0.752719572314672	5	4	1	-6.73545467510961
chr8	121116021	143114950	0.129161376354769	1921	0.0760791651627102	2.9377385397003	77431	1.60151274642838	8	7	1	-6.74583587520662
chr8	143158243	145055416	0.184461196370621	282	0.0812599125047408	2.0125004514836	26457	0.571167140360819	5	4	1	-6.76208628030321
chr9	103776	27351206	0.465211625333898	753	0.100544436521832	0.766976095635227	27632	0.267028548771866	2	1	1	-6.80600071020261
chr9	33797623	42877393	0.498658614565565	381	0.149729367869859	0.839688091567799	22259	0.339143907310187	2	1	1	-7.0763802210121
chr9	61165843	65735999	0.384156886949237	160	0.143991740132603	0.678656692039994	2073	0.285888224199287	2	1	1	-7.58339128701187
chr9	65771386	138214444	0.498903156128196	2912	0.106707413925468	0.787284083666713	150067	0.26209709520199	2	1	1	-7.05537416392233
chr10	48005	39475690	0.498865455012953	1647	0.108776848806795	0.77472246057372	58245	0.281882618175899	2	1	1	-6.74808381347956
chr10	41859953	42280334	0.10991783639172	17	0.176053091925335	0.682559484766132	136	0.297063629180913	2	2	0	-6.99881964111459
chr10	42280821	103052003	0.498911177181115	2523	0.0932729933705251	0.781871458868927	106124	0.261428832415817	2	1	1	-6.87144260389861
chr10	103100638	103821583	0.498839949819031	55	0.108181687179843	1.10490928138249	3384	0.389646834652482	4	2	2	-7.03010684838973
chr10	103841879	133565298	0.492154852051526	1031	0.10041848405902	0.774470995661792	44663	0.262180721270488	2	1	1	-6.74859091792818
chr10	133567886	133689420	0.49803661309384	12	0.160089439963662	0.756385945749028	128	0.299329627374757	2	1	1	-6.73335100279325
chr11	197557	1017240	0.498833078999116	249	0.10390925001477	0.830410583111374	7695	0.24456236560743	2	1	1	-6.78086955043014
chr11	1017302	1018355	0.163270699919466	16	0.0830204543069558	0.629844847498329	69	0.0855596764064064	6	5	1	-6.87614352456873
chr11	1018374	50512765	0.498912118305136	2549	0.0962838063286522	0.783342822149451	89622	0.249408482379692	2	1	1	-6.88671672521193
chr11	54591999	56700571	0.498833726180984	122	0.12019243027476	0.732816007339451	3569	0.183285336747529	2	1	1	-6.8204110899785
chr11	56700635	56701244	0.127538600258535	20	0.131141335970014	0.487476621398931	47	0.103155846100179	7	6	1	-6.83984803362228
chr11	56720213	134618796	0.498913947889735	3257	0.091670288155395	0.789467458023557	170959	0.249937503902741	2	1	1	-7.19912223754457
chr12	12233	125977	0.301932290063303	24	0.121346961828171	0.903057227486783	165	0.38727578593048	3	2	1	-6.80014760278347
chr12	134853	11021677	0.498872994445841	831	0.108836100935719	0.782762660161564	35389	0.243366680003658	2	1	1	-6.766410476143
chr12	11021728	11308772	0.498325595561111	49	0.183063625049671	0.714947305051208	591	0.187194750872132	2	1	1	-6.75929419638211
chr12	11351795	34265748	0.498865847981861	751	0.103819269677285	0.771473905479946	31968	0.271545743385295	2	1	1	-6.73467140671078
chr12	37560912	50578754	0.498879941879378	575	0.0901632085785808	0.784329325143901	28216	0.248483647376602	2	1	1	-6.78049574862376
chr12	50593244	53570030	-0.00174436206520462	231	0.0476764066552084	0.442362487598536	12022	0.167223760757858	1	1	0	-7.77851065967535
chr12	53627354	133230743	0.498904245408881	2790	0.102750241733808	0.794241302607944	159793	0.274908454423275	2	1	1	-7.31865962980659
chr13	18177561	18212193	0.49824730341829	22	0.169283414600706	0.587405438141319	91	0.337843631240429	2	1	1	-6.74630563875234
chr13	18226578	114353954	0.498877987426725	2503	0.104459619667211	0.770517991022496	102762	0.277240459668509	2	1	1	-6.73517199751506
chr14	16098225	16402034	0.497635914672185	5	0.213027463018269	0.817548792607478	16	0.276985431325669	2	1	1	-6.74190554450173
chr14	18330620	106062681	0.498911459979026	3719	0.0977067781029361	0.786131252971002	164088	0.267679127310024	2	1	1	-7.06117246695312
chr14	106185099	106352050	0.39276684211298	64	0.127940943097333	0.763969748398943	751	0.178836355610046	2	1	1	-7.12757177993012
chr14	106356549	106874951	0.495036192216097	37	0.0891611053245904	0.755940099909334	1882	0.209020258330976	2	1	1	-6.73705300943035
chr15	19880385	40200946	0.498847663159973	960	0.111720934727891	0.780981310155837	30614	0.275094220463384	2	1	1	-6.76984900922423
chr15	40230647	63971655	0.319956479671928	947	0.113801549629091	0.586774526634832	52482	0.198244329906748	2	1	1	-14.8152264103075
chr15	63979683	101931064	0.498900075568077	1776	0.10050082928498	0.792753830450583	82138	0.270543572714071	2	1	1	-7.00270608370657
chr16	11651	1224773	0.499061568978107	343	0.0818841465242042	0.808409492724179	9519	0.219409449794751	2	1	1	-6.77017786231906
chr16	1227679	1229731	0.0873436717676648	13	0.111709100242205	0.686731274384721	32	0.209537064143793	10	9	1	-6.82282635199936
chr16	1233477	8870649	0.498871778094349	690	0.102784802180096	0.809636098235292	30584	0.261850214764152	2	1	1	-6.90326925627674
chr16	8875226	9038134	-0.00298151111405176	15	0	0.378955268068313	467	0.190659645547276	1	1	0	-Inf
chr16	9064898	34159705	0.498874304625559	1348	0.110571908788557	0.795448876607604	69092	0.271079942743248	2	1	1	-6.95472961403253
chr16	34162922	35335655	0.495611569862855	44	0.174062057595249	0.654137404770072	732	0.284420867219744	2	1	1	-6.95363548285309
chr16	46386441	46560171	0.488112774568413	46	0.118679434665659	0.558980565939233	830	0.215371744893018	2	1	1	-6.95980837968419
chr16	46568907	55828693	0.498822629208055	193	0.100984046432352	0.779336980298557	14636	0.274020611860302	2	1	1	-6.74567236126936
chr16	55828735	55828989	0.0735924418794127	9	0.0365547534528685	0.519322876634894	21	0.0385711463834475	13	12	1	-7.22213326662383
chr16	55834521	90166424	0.494486827954362	2036	0.103469233648242	0.798470458803844	86387	0.264347869959495	2	1	1	-7.11909098563296
chr17	139090	9301631	0.474845999470897	258	0.100962622841583	0.765565054786113	47991	0.264243856596346	2	1	1	-6.77184660662338
chr17	9696302	12844003	0.00108190323440083	16	0	2.20124362348227	17375	0.950505651928554	1	1	0	-Inf
chr17	14192249	17172850	0.44949628914814	99	0.118633491815482	0.81318071352817	7320	0.292184257198755	2	1	1	-6.90380484001365
chr17	17284222	17630436	0.173407102095004	26	0.133889282618139	2.19450457833296	1810	1.07258991991423	6	5	1	-6.73500683931162
chr17	17631415	18930497	0.49882730418979	224	0.0958099425074452	0.838528963520834	7454	0.292493530288745	2	1	1	-6.80013871403116
chr17	18941351	19831846	0.498084834849475	31	0.189926335465163	0.810924412185018	3144	0.692665815078063	2	1	1	-6.73619068397139
chr17	19881513	20131944	0.189826357855715	39	0.09301994330009	2.19443261551978	1603	0.968594836278094	5	4	1	-6.74298711003695
chr17	20197726	20425677	0.499152747111773	10	0.0827381411442147	0.784121812861495	578	0.277399134034673	2	1	1	-6.73374531611499
chr17	20428825	21843129	0.127381046011911	509	0.118110226361709	2.58075635404078	8890	1.26745981289481	7	6	1	-6.74425971050402
chr17	21844866	22654773	0.268187659594297	76	0.15449286533234	0.989937571205568	672	0.711531815080408	3	2	1	-6.8603125137276
chr17	25389878	26952458	0.208382130704633	9	0.149826381002961	0.477216115366925	102	0.255916719286276	1	1	0	-8.31577148854181
chr17	26981761	83135891	0.498912059720791	3822	0.0982375931475486	0.802701728477435	198198	0.262459658699904	2	1	1	-7.5100983841055
chr18	69241	108488	0.125576010446294	15	0.162705459855122	0.522660628757697	119	0.341652532029361	1	1	0	-7.08961186500647
chr18	120645	15357277	0.498870627976645	745	0.0997943856223706	0.776789887299798	23878	0.280690364094768	2	1	1	-6.7441603757136
chr18	20981059	80232482	0.49887241577928	815	0.107356726711335	0.767420804139615	61241	0.27381696260447	2	1	1	-6.73574754473554
chr19	285562	1806464	0.496548558904981	399	0.0955353644277836	0.843544387315883	12051	0.300030753837434	2	1	1	-6.81879520770391
chr19	1807137	2557612	0.346410437361205	184	0.109004611988588	1.15442147462216	7241	0.376563589206127	3	2	1	-6.74165352182865
chr19	2558125	24394204	0.498908833606042	3207	0.0975809776816182	0.800782301120819	130667	0.261406136025116	2	1	1	-7.02781298700018
chr19	27646364	32184177	0.156439354140626	210	0.0940301910475286	2.20460616341979	9355	1.17747034221461	6	5	1	-6.74421954544458
chr19	32218635	33579475	0.217572357248178	290	0.0977547730642492	1.78776642270338	10078	0.83710469736026	5	4	1	-6.7585530976045
chr19	33615544	41763816	0.327155233784707	973	0.105152641396364	1.20857543587995	61699	0.425304282457386	3	2	1	-6.79256628313977
chr19	41781584	47535245	0.498879535459286	670	0.100290005392934	0.797548173383528	34044	0.255557282048711	2	1	1	-6.80136745441763
chr19	47540986	48067815	0.00398170207712567	81	0.0444875901686341	0.381500232565306	1741	0.150353810029646	1	1	0	-6.7387589715674
chr19	48095566	54889804	0.498889908714405	1521	0.10942312822409	0.787724978818644	49675	0.24536498705426	2	1	1	-6.771039278582
chr19	54894258	56622889	0.322188084601567	392	0.103912672567001	1.18554955757924	14999	0.362301931899497	3	2	1	-6.74571975751342
chr19	56652311	58571238	0.498823152544134	262	0.0951715519560169	0.789829664426731	11097	0.229045843570407	2	1	1	-6.74839769532148
chr20	153555	25775036	0.498854344776084	460	0.101748950881074	0.783194123413445	39007	0.270593465450254	2	1	1	-6.80022281177467
chr20	25908881	26081229	0.0737376617832277	9	0.149752666457433	0.760288114729378	73	0.413203056137316	2	2	0	-6.87516814421785
chr20	28559245	30843162	0.498618771304061	435	0.160913011325484	0.704027015186108	2049	0.290842437830197	2	1	1	-6.8575776271504
chr20	30865421	35564391	0.0184705754652554	33	0.130478076354194	0.80824681548824	18542	0.285509351237695	2	2	0	-6.82849104227189
chr20	43046335	50619941	0.498849028995819	527	0.0930811767663823	0.792749384999091	22245	0.275038483428023	2	1	1	-6.78708210245027
chr20	50641149	51113940	0.249116059155491	37	0.132946894950115	1.41471824770722	2273	0.658404800420657	4	3	1	-6.73765492664287
chr20	51117002	64302708	0.498884276934476	565	0.0975108840907589	0.79499413176835	27344	0.263307094978873	2	1	1	-6.85439505679557
chr21	5218123	13035101	0.498711054625473	642	0.1413931567263	0.868310202051684	4009	0.353439996652918	2	1	1	-7.23897628509412
chr21	13227652	46660984	0.380587425527978	1262	0.117114269604481	0.621241539609928	44332	0.216197456285064	2	1	1	-13.3571841306391
chr22	10684424	10783830	0.355915281547952	250	0.138547426180369	0.756970088631478	756	0.311725394665089	3	2	1	-6.85606017239076
chr22	10927591	12801469	0.227006031680269	365	0.145859275675106	0.999851070528162	2513	0.484912540365533	3	2	1	-7.13260021365302
chr22	15541395	50772964	0.498894367807453	2421	0.0992706752934271	0.813856329074916	114649	0.273773553794977	2	1	1	-7.51758325460824
chrX	255859	1137177	0.00305108797114123	97	0.0584661987113287	0.394135349828372	1222	0.186233578980575	1	1	0	-6.74375708949218
chrX	1138501	1173858	0.312102083509588	21	0.176940075947171	0.396208915302251	54	0.236042242515132	3	2	1	-7.14791513654264
chrX	1181871	57985860	0.000411373418536531	983	0.0175401873605053	0.398498300465932	57780	0.151260416440683	1	1	0	-8.18804087074772
chrX	63087639	155985886	-0.000239926840943872	1034	0.0371744458787903	0.396417986172702	74752	0.143864137814459	1	1	0	-8.52889700097295
chrY	11111625	11119547	0.327446125161343	13	0.160546702207624	1.08945184717867	29	0.529126443398408	3	2	1	-6.73389242289103
chrY	11292133	11312615	0.497962984575712	17	0.171837453118107	0.158986897947024	48	0.127964693435172	2	1	1	-8.18373107565734
chrY	56831847	56836729	0.0541091985797887	34	0.145132790016481	0.204839078985347	60	0.159955639154033	1	1	0	-6.86039345417925
chrY	56836787	56884113	0.498519100777806	107	0.157262734940905	0.839867231590644	323	0.248689781469334	2	1	1	-6.73662367911637
