chromosome	start.pos	end.pos	Bf	N.BAF	sd.BAF	depth.ratio	N.ratio	sd.ratio	CNt	A	B	LPP
chr1	13273	16975429	0.498889010189417	2667	0.104707438882207	0.990485869113476	78744	0.335146229112163	2	1	1	-6.77719111132745
chr1	16985387	124514236	0.498925335273569	7295	0.0970863522455848	0.978275916642713	287083	0.357140843757778	2	1	1	-6.78068576607386
chr1	125094469	248945592	0.498927248820358	8066	0.095662776319932	0.989137906074267	295264	0.33984421261113	2	1	1	-6.99880422154255
chr2	188171	92075324	0.498896860950637	5065	0.101630181596115	0.987157797473069	191331	0.356761441980023	2	1	1	-6.88204230426808
chr2	94190317	242183364	0.498925877371125	8268	0.0978281523208059	0.973034257354136	309701	0.352395049920953	2	1	1	-6.74669561895969
chr3	10374	90303819	0.498912036128617	5115	0.0999431440519449	0.989099875531076	201329	0.341873620740952	2	1	1	-6.92616025077529
chr3	91373993	198139510	0.498915549568233	6021	0.0997048887500791	0.971534059908982	204055	0.348018701505019	2	1	1	-6.73731013071964
chr4	13970	48986433	0.498897591622877	3255	0.10117822465444	0.963163951414886	91090	0.34724838501557	2	1	1	-6.74137359730756
chr4	48986688	49711644	0.444198331543554	210	0.133750404313062	0.974607715147523	2027	0.341919411706394	2	1	1	-6.83582331642666
chr4	51819050	190179679	0.498903326540289	5251	0.0991443723431211	0.955266090519039	198663	0.375077263366909	2	1	1	-6.84761284534471
chr5	44595	1225561	0.276678330288903	177	0.119446328256029	0.941611165007352	5565	0.474010744603729	2	2	0	-7.10494702059111
chr5	1253629	4437013	0.335550941881705	177	0.123613172788756	1.18189503885122	4387	0.561913024062422	3	2	1	-6.84289220644638
chr5	4642041	16214692	0.347689526241127	681	0.111448513505789	1.34255248700092	19455	0.577614221473871	3	2	1	-6.82822866959309
chr5	16329471	17729178	0.216575814856837	222	0.112541918596405	2.16153810039213	6934	0.998403645777877	6	5	1	-6.73377584351337
chr5	17736184	30476205	0.441730630092499	385	0.109852566240047	1.18498810162321	9476	0.504527283307679	3	2	1	-7.09329081895051
chr5	30480264	45816754	0.306396886618613	1059	0.110965918233073	1.47439301033496	40414	0.580749720292564	4	3	1	-6.88183838279839
chr5	49599598	181288546	0.498915978864405	6321	0.0986831899092565	0.962480092797843	251399	0.343384358049844	2	1	1	-6.76163448694274
chr6	160049	60964235	0.366432865601486	6768	0.101165847237669	1.28680029181124	212852	0.44642590738235	3	2	1	-6.74905749876805
chr6	61181989	170640200	0.263832795215517	3887	0.130035319279145	0.649360528065594	138603	0.242998454753888	1	1	0	-6.95536090072196
chr7	37991	413634	0.499003180802465	57	0.0950343230437876	1.57953626803473	1086	0.514101246275927	4	2	2	-6.7331250571381
chr7	430570	698130	0.299089577437422	103	0.109771769704001	2.63143249689453	1969	1.17197134090343	7	5	2	-6.74644555183999
chr7	700943	1773040	0.350657406810121	365	0.0946201050421503	2.25956251060114	11061	0.838027116392805	6	4	2	-6.73891502641368
chr7	1773083	3349915	0.498974227116576	369	0.0884691945414944	1.76940021062881	11133	0.742885919202772	4	2	2	-6.75290968764019
chr7	3369290	5229580	0.185519405953239	268	0.108213050955583	0.968096896709949	6585	0.380284941316996	2	2	0	-6.73459424702851
chr7	5231042	5367749	0.499224207061344	67	0.0679998337189017	1.67696249312702	1506	0.737491783068217	4	2	2	-6.73354736559951
chr7	5377790	5771669	0.180146136535268	91	0.102496343185015	1.07529782592204	2659	0.479569653716725	2	2	0	-6.74418829137909
chr7	5772014	6265448	0.291995845069035	280	0.116554744647071	2.80892486683688	7021	1.35641964237489	8	6	2	-6.73854718970759
chr7	6272408	6807037	0.483618885642116	228	0.120082930726858	1.93548216580804	6448	0.988629476288482	6	3	3	-6.74989771869746
chr7	6811766	8078014	0.162954145868491	127	0.138995352571571	0.994249412654482	2877	0.373934089401699	2	2	0	-6.74569212132332
chr7	8086564	11636750	0.498949576265745	174	0.0878396122972943	1.61691557142163	4406	0.73874216672926	4	2	2	-6.73431407319991
chr7	11769292	20263698	0.182300497871667	368	0.114005576237918	0.990903448497798	9370	0.386799745514465	2	2	0	-6.75056618377493
chr7	20268370	25595781	0.498847941966156	518	0.0922682022794343	1.57003914074028	16015	0.653316687075441	4	2	2	-6.73418262426429
chr7	25689798	51383371	0.176742637267708	1530	0.10781421417517	0.978862923331697	52910	0.365757936411818	2	2	0	-6.74586650498797
chr7	51384781	56726421	0.498854054034993	477	0.0909458459758858	1.50471455751043	12851	0.605763089192472	4	2	2	-6.75885416001893
chr7	56797613	58091557	0.498676475247558	184	0.11798224413487	1.56591380839595	3172	0.608956786681676	4	2	2	-6.73354693235136
chr7	60958177	159261057	0.387266747035313	8976	0.104957842694541	1.28063453361822	299945	0.472879120151312	3	2	1	-6.73747833490082
chr8	213654	43500515	0.498899089232067	3459	0.103212401501938	0.961850052284059	93493	0.349987294168495	2	1	1	-6.74405641506144
chr8	45952307	145003393	0.498903655713655	4183	0.0976404047518962	0.964612070228056	162333	0.356377267002074	2	1	1	-6.74185860996099
chr9	10368	33677434	0.243638503442247	1520	0.127722238341335	0.654421461242677	37909	0.25232027949272	1	1	0	-6.76326710238535
chr9	33737204	39036749	0.498861863361214	579	0.0962084960603233	0.975191842830963	24458	0.340495660137186	2	1	1	-6.73430091593625
chr9	39040778	43253957	0.397426548506371	431	0.132659746176239	0.915231739780568	3960	0.354824337295162	2	1	1	-7.13612419341922
chr9	61562440	68327649	0.30230390196317	191	0.135452586525592	0.93678245426927	2932	0.359552213744083	2	2	0	-7.22142840293887
chr9	68337625	96734675	0.498871687858634	1668	0.0990538734885201	0.963171260337929	59409	0.358615701252008	2	1	1	-6.73759637460249
chr9	96746577	98441699	0.296174822404911	205	0.0974852934990155	1.60762507194845	8921	0.613708769882678	4	3	1	-6.73818179417961
chr9	98447306	138176464	0.49891099845576	3642	0.09658549293864	0.984150762912585	139826	0.333117495570675	2	1	1	-6.78575914135012
chr10	47588	39131354	0.498883713163555	3068	0.101441265470426	0.965120903021868	84958	0.3728657829962	2	1	1	-6.73553807132016
chr10	41859953	42273249	0.473678693912861	61	0.155103149179009	0.903475098691379	698	0.377677659397593	2	1	1	-6.75871878470467
chr10	42278382	75422261	0.498890573411249	2090	0.0986333551328241	0.957531177720069	71719	0.352475463777107	2	1	1	-6.75492217653299
chr10	75467672	133787106	0.382978834606347	4190	0.102021174321045	1.28243678419029	169632	0.459416708421075	3	2	1	-6.73537079334771
chr11	198665	50553118	0.498916878275471	3951	0.0942731511645315	0.957936114390056	128084	0.321510441443926	2	1	1	-6.77002472905763
chr11	54591430	135028117	0.498917669859494	4972	0.0957341336861049	0.965752778856344	230882	0.326605979940929	2	1	1	-6.73758191192852
chr12	22477	34523014	0.387092793688323	3618	0.103359388984406	1.29306858600096	112737	0.453971267433923	3	2	1	-6.74922323844288
chr12	37418138	49394124	0.392306079329117	865	0.0985293079833856	1.27896917015373	35109	0.424666266217656	3	2	1	-6.74430339674598
chr12	49408890	133056950	0.498913558787439	5486	0.0952227023385324	1.05746468201558	260364	0.376596991001875	2	1	1	-8.6660515165307
chr13	18177561	114325598	0.498894409031194	4595	0.0988794195909562	0.960724408229836	144531	0.358877600289732	2	1	1	-6.7642964308894
chr14	16057734	16402218	0.434379102275309	6	0.166843339693258	1.0482014655772	27	0.48065230783347	2	1	1	-6.82998477625419
chr14	18330642	19893506	0.324075665007253	140	0.107729762349066	0.870687417781844	2186	0.273503979134503	1	1	0	-7.75419101766412
chr14	19921715	106878743	0.498921154106532	5897	0.0959813911624743	0.973341891860479	224821	0.342064967887146	2	1	1	-6.74286093049384
chr15	20011061	22688840	0.392947968636429	325	0.130716225048684	0.904898456389751	4243	0.317442375994143	2	1	1	-7.18397997555414
chr15	22690559	101980762	0.49890657473492	5111	0.100734937057335	0.974617007324933	234147	0.343971163273906	2	1	1	-6.74749476509598
chr16	23607	5909287	0.499392711983677	1515	0.0870214258790556	0.993181243166555	49511	0.310582182607916	2	1	1	-6.75559761526846
chr16	5922119	32918643	0.498882343643539	2920	0.100406163251132	0.976501599053622	102028	0.355679145649531	2	1	1	-6.74112917084119
chr16	32934685	36100344	0.493171275437983	107	0.136094601693534	0.878481196485698	2985	0.286641259757077	2	1	1	-6.94813610263646
chr16	46386441	70674834	0.498888773742403	1547	0.100791330297821	0.974372650723717	77828	0.333921131740442	2	1	1	-6.7374051162625
chr16	70679144	90106232	0.248784197046281	2203	0.125592262993836	0.662729627668317	49916	0.241247654364837	1	1	0	-6.74979950602945
chr17	132172	23016487	0.498886508369446	3399	0.103340951792509	0.979241729206592	115737	0.332384676317036	2	1	1	-6.74735920089629
chr17	24421408	26952458	0.289636181546329	25	0.132346300792026	0.912693827415195	265	0.369599743599531	2	2	0	-7.15817257482508
chr17	26982170	44242117	0.498900783999954	2341	0.097977527895807	0.987203583235533	96717	0.338297104662869	2	1	1	-6.76499263495802
chr17	44242834	46134666	0.415451616470988	626	0.106930036641265	1.25347444016293	15528	0.44415038349488	3	2	1	-6.80505493559901
chr17	46135838	83135542	0.393229916010182	5418	0.103138752180382	1.25100547964962	189612	0.440192573941995	3	2	1	-6.79963189641597
chr18	47492	15379023	0.498878709575444	1374	0.0994528974124588	0.984175501927822	34492	0.372142913273652	2	1	1	-6.74953797758174
chr18	20941007	80250865	0.498879519867011	2641	0.100516246064624	0.957881609772266	88559	0.353997572861348	2	1	1	-6.76933804560069
chr19	107329	24394239	0.498919774790389	5508	0.0952879482313315	0.985533634374724	201011	0.334885530587689	2	1	1	-6.77099051101727
chr19	27392127	58599150	0.49892255084034	6325	0.0949644703941224	0.974065806002818	219674	0.33844490058995	2	1	1	-6.73791340516194
chr20	87623	26168423	0.498889003487897	1820	0.0970360582774918	0.963358847735678	55389	0.338751520860391	2	1	1	-6.73742496609545
chr20	28559257	64327831	0.498892722824878	4302	0.105126780982822	0.981081570598704	125992	0.418432770145215	2	1	1	-6.75249772369338
chr21	5034010	13113074	0.390770357288318	885	0.130367214432818	0.836704533253459	5509	0.30218000484351	2	1	1	-8.09388857754207
chr21	13227652	23369016	0.25120981036277	359	0.132758180907873	0.647624074585023	7445	0.258236592862537	1	1	0	-6.76572953496341
chr21	23407780	46661749	0.498897656255384	2060	0.0956881930182858	0.978215826247718	61221	0.344177265667596	2	1	1	-6.74411686807225
chr22	10662913	12797360	0.430840597854714	771	0.128610630855017	0.899116184390496	3474	0.293530871138025	2	1	1	-6.98338823157958
chr22	15350241	50808263	0.498917715752822	4983	0.0987101894146376	0.991456653677344	159596	0.346780668460044	2	1	1	-6.82621538236008
chrX	284193	57977737	0.272073398057868	2387	0.13074751439724	0.661808696894477	97088	0.253480833684418	1	1	0	-6.74623774155237
chrX	63299790	155996516	0.266027614279029	2349	0.126338359299948	0.65084190902681	115793	0.236417270041886	1	1	0	-6.87593146308757
chrY	10796683	11722100	0.301076441371854	64	0.13127441477381	0.952955384288515	351	0.432481351182775	1	1	0	-7.15827837059183
chrY	19413675	56886905	0.330624066626646	210	0.122176051964899	0.960035949766102	658	0.270552109041015	2	2	0	-7.55453311727154
