chromosome	start.pos	end.pos	Bf	N.BAF	sd.BAF	depth.ratio	N.ratio	sd.ratio	CNt	A	B	LPP
chr1	729322	2163759	0.0013683050407523	395	0.0774231746076741	0.63637236282541	10617	0.192558087768258	3	3	0	-6.87341360848359
chr1	2181226	2225560	0.074578107820532	31	0.0495347385435781	8.02840374506903	2405	3.22233519599545	13	12	1	-6.73774399735272
chr1	2303464	9264611	0.00133728965836227	567	0.0148126573344431	0.652002903422678	17476	0.203889992487935	3	3	0	-7.64843390918856
chr1	9267890	9505926	0.0438142489005997	25	0.0541687179098786	3.72047179619507	785	5.91037113083477	20	19	1	-6.74085506147203
chr1	9506031	9839981	0.0581986670102638	201	0.0504955886945775	8.62940609542447	13667	4.69733176614333	17	16	1	-6.74132627254447
chr1	9860353	12714480	0.00135275894692261	322	0.0262863956096086	0.658104988750758	13099	0.21258990283537	3	3	0	-7.1774007885529
chr1	12875523	13006819	0.31320191800083	10	0.110559235002981	1.00536138597171	114	0.594410068626728	6	4	2	-6.75836189946138
chr1	13115427	13198460	0.0188897470340738	9	0.146	0.590572198276319	105	0.254134382264746	3	3	0	-6.74306872681154
chr1	13224919	13318768	0.49848840397397	46	0.163555425757405	0.638627795023836	228	0.318019247816238	4	2	2	-6.75650416982567
chr1	13326354	16549071	0.00305684316061733	401	0.0641560509835626	0.658259758630748	10316	0.218861718061696	3	3	0	-7.20578113641928
chr1	16550986	16864524	0.440518914877172	138	0.173826036014668	0.695029845717531	1551	0.266779149920031	4	2	2	-6.84085011299537
chr1	16871068	75674661	0.00169261687803327	2875	0.0302179342709271	0.632981073636492	142864	0.211337953998108	3	3	0	-9.37925551073135
chr1	75677730	76043108	0.374778742735684	31	0.0694722656815274	0.91342661705683	1075	0.304686317229382	5	3	2	-6.82288959020266
chr1	76119100	92126332	-0.000626595790039319	425	0.0222382126554444	0.580982362933798	17605	0.211001349310688	3	3	0	-6.7666523804816
chr1	92168704	92304906	0.372766742065763	16	0.0664291289019107	0.975505562836065	743	0.314337645583411	5	3	2	-6.832232940462
chr1	92309210	99721129	0.000677948624847102	198	0.00684560092038944	0.587896286719487	8084	0.207669448773714	3	3	0	-6.73894572364707
chr1	99791535	100067831	0.388091869340068	36	0.0799783700917922	0.936104394854109	1138	0.383716228991527	5	3	2	-6.74870893073316
chr1	100078406	109281739	0.015191799003071	230	0.0192218884315184	0.971659503485207	10387	1.91860681843163	5	5	0	-7.08630486455377
chr1	109289405	109380765	0.176678191568971	19	0.0843613087224038	3.43118861958554	1665	1.38798736250628	17	14	3	-6.73305713928379
chr1	109386615	112941572	-0.000613728116185153	224	0.0238187753820021	0.62629681545567	9789	0.201933186183686	3	3	0	-6.93216608224552
chr1	112971570	113274309	0.0463423186660969	92	0.055545631048028	7.6200317271572	5512	4.54750623408461	20	19	1	-6.73950358580333
chr1	113409431	114714048	0.0566853077011475	39	0.105932604042336	1.96366874632192	6242	3.89955573880336	16	15	1	-6.7461170372301
chr1	114719503	124741546	0.00174584976284747	227	0.0404935237882879	0.597550738100909	9808	0.192468551959542	3	3	0	-6.77383590308296
chr1	125094663	145548765	0.498392908153138	34	0.15707982745252	0.773520583638474	1560	0.278604049166383	4	2	2	-6.76340003250998
chr1	145694674	248855917	0.498936806917079	6305	0.0893491447588897	0.789970336913223	260766	0.25904982679146	4	2	2	-6.78006976091634
chr1	248856006	248945585	0.499020753777234	9	0.0878436110368876	0.626897527759035	292	0.192452622720985	4	2	2	-6.80507852114645
chr2	171469	89610875	0.498916970292429	3524	0.0907182099928332	0.790822912804741	161814	0.281894602309532	4	2	2	-6.77863846370689
chr2	89611259	91974034	0.237637484013058	71	0.154923049633833	0.696960137648765	1859	0.257122823993977	4	3	1	-7.0219644080498
chr2	94190317	95939037	0.488874749858117	45	0.106640517628151	0.764752254930533	3467	0.251508799096431	4	2	2	-6.75013489392328
chr2	95939051	95954051	0.498209966407811	58	0.134344974944361	0.516447976243391	197	0.203772853290404	2	1	1	-6.74951731214612
chr2	95991827	97158234	0.187218230251036	72	0.0752543093250312	0.831661577957658	7230	0.243445600396922	5	4	1	-7.0541103743514
chr2	97160100	97167830	0.199713898406082	23	0.129406443688034	0.592952188714188	79	0.152566892230911	5	4	1	-6.7830000145421
chr2	97167832	132259536	0.498894304437952	1397	0.0903683593386525	0.793853496096164	57624	0.274763074377641	4	2	2	-6.77345417687802
chr2	132262425	132262775	-0.00319841251747544	9	0	0.729628472336948	17	0.18450816975376	1	1	0	-Inf
chr2	132263168	242027658	0.498929151405257	4091	0.0837064563420635	0.774464863365814	206112	0.263106548390093	4	2	2	-6.88186423897655
chr3	13132	75606127	0.498920095422876	2563	0.0863948298715448	0.803835948292551	168135	0.26489457310383	4	2	2	-7.09975770666157
chr3	75664574	75773930	0.0979386609250457	77	0.14023561610592	0.57527461237322	506	0.23592516754856	3	3	0	-7.01285385483467
chr3	76077291	90613961	0.498830818404084	192	0.0901765524870822	0.718026245367442	7405	0.299673196083981	4	2	2	-7.40871959767357
chr3	91429061	130081210	0.498906508181376	1367	0.0842393181523067	0.775993723196697	64650	0.262796951178384	4	2	2	-6.77124758249418
chr3	130082607	130086506	0.0723490438941153	19	0.0889451831974902	0.759056682650277	37	0.502285462845767	13	12	1	-6.74819302122623
chr3	130086568	195778868	0.498910653231682	2801	0.0905611582508776	0.770589943267316	103681	0.275734297009678	4	2	2	-6.89087266021925
chr3	195778917	195785609	0.165656926404501	38	0.148747774527025	0.532790505634078	177	0.213231300033124	6	5	1	-6.78796852567549
chr3	195785815	198150648	0.498828582348856	301	0.104329419185775	0.798743726741058	10212	0.280434401995308	4	2	2	-6.73908076846045
chr4	54908	49037941	0.498913061844028	1833	0.0887090058497268	0.783965107339384	78636	0.284181504142606	4	2	2	-6.73319948300686
chr4	49092775	49158627	0.263179873919711	17	0.160648707909342	0.324900932031831	69	0.412097502616073	4	3	1	-6.91254100507688
chr4	49158862	49557322	0.0898416556823796	55	0.0922757469111655	2.03868216365867	361	1.35875735959366	11	10	1	-6.73352152880735
chr4	49561289	49603056	0.498220083816628	15	0.158986612194684	0.675538133245327	52	0.370098781705927	4	2	2	-6.73718160405418
chr4	49608706	49711665	0.0639998050444432	13	0.170454595804188	0.478642094593382	43	0.724710289998479	2	2	0	-6.82111065958418
chr4	51838641	189359964	0.498913515001413	3373	0.0894510286587533	0.750300405222504	171254	0.26833131815621	4	2	2	-8.414794965611
chr4	189389759	190179547	0.323680186420188	22	0.141642872970028	0.637773058801259	643	0.251986592215452	3	2	1	-6.78418443810619
chr5	44922	721142	0.00194287731104081	131	0.0523389726338902	0.544411202990495	2429	0.176123331844531	3	3	0	-6.8112990985052
chr5	725254	3910829	0.418246188684151	166	0.12823328518364	1.03263487789016	7047	0.430370294827577	5	3	2	-6.77281387944396
chr5	3925663	6388587	0.00012541608990857	75	0.03085702571597	0.573092336607101	1690	0.230129910978721	3	3	0	-6.7519927952749
chr5	6488641	8704909	0.406376841006282	163	0.108014616199531	1.49296387581946	4502	0.755576396514282	7	4	3	-6.77467375586264
chr5	9042861	12766422	0.00239612276942919	79	0.0146123999754051	0.575828781968798	2827	0.218249521421738	3	3	0	-6.77040378532565
chr5	12795464	14673587	0.374404961471717	111	0.0937678480962922	0.898419625951179	4006	0.277622134482635	5	3	2	-6.88690896715999
chr5	14750946	16920835	0.00203205812207563	65	0.0821035550387436	0.573612046232984	2274	0.214429323004887	3	3	0	-6.75132073563656
chr5	16944752	17072446	0.379558859242599	29	0.11365266636304	1.13683803454833	536	0.579046885206906	5	3	2	-6.75737918313968
chr5	17151347	24608539	0.00793211857119186	125	0.128054571532306	0.566588934855775	3808	0.287057857600515	3	3	0	-6.81079749120083
chr5	25154211	32161171	0.461077880036843	285	0.117292893776929	1.23787748346292	8887	0.611023878475947	6	3	3	-6.82736550129974
chr5	32161806	33448686	0.324999646613052	118	0.136280358400467	1.82622578580783	5023	1.18933513612412	9	6	3	-6.7359125918702
chr5	33451624	34182220	0.00530170884324999	26	0.0227494716760294	0.599799935294164	1260	0.193454694486307	3	3	0	-6.76986660347555
chr5	34196971	35643513	0.443857952067654	65	0.0770480837629234	1.03681774009912	3093	0.522850537515347	5	3	2	-6.93131952940988
chr5	35667166	36257032	0.000301552937373883	57	0	0.558468229925663	1829	0.146823183947391	1	1	0	-Inf
chr5	36267246	40934369	0.481906309906345	268	0.0980232993735641	1.06445350069288	11440	0.427395268439102	6	3	3	-6.90315045556369
chr5	40964750	46008930	0.0020314124606155	139	0.0725587908204501	0.598981489529031	5120	0.308876512355794	3	3	0	-6.74385223670453
chr5	49599644	49661551	0.00179316872900859	19	0	0.0286550223307051	55	0.0476547841373608	1	1	0	-Inf
chr5	50399316	181292406	0.344472853715539	4126	0.10563915156288	0.594799683502823	179983	0.198654827570306	3	2	1	-6.97433755109445
chr6	231351	29927827	0.498890454895065	1396	0.0902962414185917	0.778691119245904	56208	0.282178350782989	4	2	2	-6.74475616258281
chr6	29927849	29943620	0.498437044192816	55	0.162155125877922	0.46372522622689	161	0.274919297305693	2	1	1	-6.73660049930344
chr6	29943642	32485561	0.498876421453246	690	0.0983990863043152	0.820530653998926	24572	0.21204672836772	4	2	2	-6.80137556435725
chr6	32519397	32553523	0.463177398828664	31	0.149814229049868	0.362318760285688	59	0.201778973000314	2	1	1	-6.77220942546038
chr6	32580309	32589729	0.498129476923978	18	0.17274053987888	0.137414704899348	34	0.0810399045650185	2	1	1	-7.55570284150132
chr6	32641949	33086680	0.49847742498264	55	0.160438492152942	0.808980449718802	2063	0.20987161230238	4	2	2	-6.73887841049211
chr6	33092219	60744394	0.498908729363897	1507	0.0795542755527571	0.798463556536301	72441	0.260965685509003	4	2	2	-6.80983673885988
chr6	61531726	170640200	0.498914386382584	3652	0.0921088237103802	0.767156418487671	153746	0.272320897852228	4	2	2	-7.13739053776985
chr7	50354	58091527	0.498922177066747	2843	0.0923834350156961	0.793711546827672	105427	0.300224103694683	4	2	2	-6.78722006904171
chr7	60985118	65771802	0.498761070820518	245	0.120801358921011	0.733524534537505	6912	0.278226240586383	4	2	2	-6.89504737361169
chr7	65780836	65820701	0.126426573108506	73	0.133233791324442	0.68548060800943	217	0.304953114340097	6	5	1	-6.86139477249857
chr7	65840521	100955225	0.498894282389776	1801	0.0972976031824286	0.790436803191008	82757	0.293810151771753	4	2	2	-6.74774300845427
chr7	100955478	100958523	0.0755752154212719	27	0.120440856855139	0.462613940911116	174	0.225703176816326	11	10	1	-6.82656254215156
chr7	100958744	101004538	0.12869029624104	125	0.152296473599909	0.712854547648011	1311	0.150474507126224	5	4	1	-6.98255824593263
chr7	101004639	142267384	0.498913984590156	1913	0.0890661821460309	0.77331608722956	82230	0.272742313736663	4	2	2	-6.79897683187509
chr7	142308485	142353392	0.498082302084549	16	0.192732975901894	0.760677065253258	361	0.229910754728967	4	2	2	-6.73356711906687
chr7	142375389	142721177	0.496566074589146	62	0.128058272695329	0.797724299226562	1271	0.204240902886978	4	2	2	-6.73488646722013
chr7	142750561	142759539	0.0275989910631301	14	0.0193379431159584	0.753465703465256	119	0.15644709258662	4	4	0	-7.75856622528553
chr7	142759592	142763495	0.498954330131925	9	0.127369650143893	0.814709933635559	112	0.114994426589805	4	2	2	-6.73332586749238
chr7	142770190	142774599	0.0707998441186256	38	0.136081143164265	0.674046456557268	188	0.206334926832439	11	10	1	-6.82901039517947
chr7	142781467	152273892	0.498906197725963	651	0.094601639381658	0.79039797466419	26023	0.23921672839759	4	2	2	-6.73901149292114
chr7	152379818	152416386	0.101180103896733	78	0.1520345585484	0.43186966150001	263	0.364409401593771	2	2	0	-6.98918822276139
chr7	152416418	159138060	0.499005665326736	410	0.0883831002027824	0.777460350942309	11419	0.320244293752872	4	2	2	-6.73614927025002
chr8	311290	43317266	0.498914947577781	2001	0.0935437538537848	0.796184804854109	79431	0.280100695810969	4	2	2	-6.8062021979116
chr8	45952307	144891499	0.498915060992466	2758	0.0919757647639893	0.781591595194311	139603	0.276505781712011	4	2	2	-6.74261012980971
chr9	117696	39592040	0.498811049772234	1205	0.107911151098211	0.653949037113791	54673	0.234856666553551	3	2	1	-10.7612374631365
chr9	39822112	41267490	0.344219404248275	112	0.148462740267542	0.453650933069081	632	0.199996290456631	2	1	1	-7.75796482058606
chr9	41269222	43110692	0.498582060241739	139	0.143499455153824	0.649963843383636	1449	0.274730451580016	4	2	2	-7.21001345482424
chr9	61580379	68333969	0.329585730063346	127	0.167480149719097	0.487437020303063	1862	0.229448495944235	3	2	1	-8.66944157763875
chr9	68384399	134842091	-0.000859229338608797	2230	0.027145147916692	0.403310934903823	97275	0.133946533913261	2	2	0	-8.10920435127915
chr9	134848898	134882441	0.248706008403632	9	0.109742248524035	0.407850194900772	133	0.0982658221006631	3	2	1	-7.337465480472
chr9	134882717	136392392	0.000574879611095924	145	0.00149481863736732	0.428238189586418	3995	0.128910951433678	2	2	0	-7.2153669979165
chr9	136497184	138220927	0.498943337260845	316	0.091357013677996	0.751278075238619	14449	0.219592050390506	4	2	2	-6.7726109249236
chr10	47663	38998281	0.338069974973126	1467	0.107698991713681	0.590681939919164	55419	0.215197088776912	3	2	1	-6.74277446506384
chr10	41859953	42279754	0.497970830188075	9	0.185657914216203	0.606632221103127	119	0.41589236046202	4	2	2	-6.82770942312369
chr10	42279794	133787106	0.337937136270168	3379	0.107530293639039	0.599278641867994	150591	0.195941183067029	3	2	1	-7.19099197521904
chr11	192997	792692	0.000373085300403253	64	0.0614094519087262	0.408924882964436	4646	0.117040815822656	2	2	0	-6.77869876253235
chr11	840363	1017240	0.497243454365343	54	0.0905402296969194	0.754846680386568	1397	0.192893787111632	4	2	2	-6.73777071968601
chr11	1017302	1018355	0.185512193573577	15	0.077197767053816	0.564099790976963	83	0.0643969699022314	5	4	1	-6.80027822224419
chr11	1021410	3562959	0.498889324264585	346	0.0826403410042384	0.755168485896651	12719	0.196782867305587	4	2	2	-6.78915244841488
chr11	3583807	3630648	0.498482428342795	19	0.1584420679267	1.08483877931849	175	0.425293572555644	6	3	3	-6.73410684507915
chr11	3638763	19595581	0.49907854230846	1058	0.0821542564719001	0.736124842208815	44100	0.235563712570576	4	2	2	-7.35758991702795
chr11	19636766	25712262	0.366897205092556	168	0.0932186117727481	0.961395775621983	6159	0.434904833711747	5	3	2	-6.81513997104016
chr11	25806601	29447407	0.309705153356875	131	0.119408644693259	1.15361247696669	4936	0.793200704312577	6	4	2	-6.75777081352938
chr11	29548511	32104309	0.00143241574691758	66	0.108308220506897	0.740212453181493	2539	0.427175380890056	4	4	0	-6.7611708909254
chr11	32195419	32830640	-0.0011866925215076	30	0	0.377676043378902	713	0.130886093384712	1	1	0	-Inf
chr11	32916026	34029800	0.359426957675341	103	0.103513632673422	1.16224366791155	4992	0.675347589056492	6	4	2	-6.7711335251471
chr11	34039806	50512765	0.498880204075042	686	0.0966307620326543	0.823314021939369	32762	0.302705391385263	4	2	2	-6.97672700610169
chr11	54592419	56663740	0.499183347495959	95	0.0620277310377638	0.705071815140215	4243	0.160392454613842	4	2	2	-7.23668034090176
chr11	56700357	56701244	0.104162207036199	27	0.171167559231688	0.488062019444308	62	0.089583081569219	8	7	1	-6.83097271563716
chr11	57053517	135057684	0.498926125038644	3482	0.0871115236815436	0.805206462626131	207356	0.256698823870435	4	2	2	-7.18701090336206
chr12	12728	434598	0.498916620847563	52	0.0898197289597739	0.732257664679901	2128	0.234263177817858	4	2	2	-6.75480724610894
chr12	438517	25701641	0.498910072225085	1600	0.0838844222191539	0.795447049378723	64147	0.26217738377381	4	2	2	-6.77648290998741
chr12	25787026	25804395	0.0920873588635617	16	0.126531616602334	0.579671852585512	50	0.262087560536083	8	7	1	-6.92006597288186
chr12	25824284	34614483	0.499115095277981	468	0.0862855292315494	0.77803560588404	16361	0.293422059703206	4	2	2	-6.73706989611179
chr12	37540858	40048309	0.00155752227336103	37	0	0.369961178523592	1610	0.134148161864099	1	1	0	-Inf
chr12	40203743	40406173	0.4992683796502	28	0.0657691972095395	0.694720600659514	801	0.226129203087005	4	2	2	-6.76786386363144
chr12	40415030	42110633	0.000986735166855102	73	0	0.368927180658364	2140	0.106721889524372	1	1	0	-Inf
chr12	42286887	42925175	0.379696389232989	9	0.0319804627858948	0.570564459074809	878	0.269693453388918	3	2	1	-7.79062838989237
chr12	42944869	44224537	-0.00169276505907445	30	0	0.37990463061178	1175	0.131666805350864	1	1	0	-Inf
chr12	44376518	45116881	0.316712805513816	16	0.103634936194316	0.949212997935734	923	0.341777606897041	6	4	2	-6.91873338399673
chr12	45173717	52749121	0.00231208127276206	487	0.036370200958101	0.611718617064535	23755	4.00455612878203	3	3	0	-6.73588725934999
chr12	52790775	53724094	0.498835933510762	163	0.108062083291681	0.846007616501293	8746	0.31663708683132	4	2	2	-6.76493373271869
chr12	53945268	54281329	0.00183948528565925	15	0.036922441233844	0.393031281446449	712	0.122078483298909	2	2	0	-6.73458430717587
chr12	54334112	54409088	-0.000211357879782881	17	0.178036905460307	0.737141869654753	765	0.215207339314221	4	4	0	-6.73676824271398
chr12	54411969	54584441	0.00108190323440083	16	0	0.393902253381695	789	0.108106534511276	1	1	0	-Inf
chr12	54608281	54976998	0.0234105120128097	122	0.0210883538844778	16.177962822553	6708	8.19618611770294	20	20	0	-7.40058606247467
chr12	55003290	57078979	0.00298833038508123	151	0.0203876342212399	0.486399618965527	9987	0.993223388624697	3	3	0	-6.79118170267954
chr12	57126705	57546966	0.498863150051163	39	0.0901453616933107	0.805611384663833	5462	0.185086720095298	4	2	2	-6.73839506478704
chr12	57574955	57792812	0.0236378916341528	149	0.0177196356859996	15.8686930532542	24827	5.41857938483398	20	20	0	-7.6551302813979
chr12	57809481	57953537	0.499153477519126	10	0.0717991024394533	0.734918835693559	553	0.230185179241993	4	2	2	-6.74001269204303
chr12	57956848	62493828	-0.000718477994189004	69	0.0240771706171538	0.373809802968107	1883	0.158169832695405	2	2	0	-6.97374158347205
chr12	62499125	62595330	0.0406687486974302	9	0.202765874840911	8.98112753521852	1069	9.01157751265204	20	19	1	-6.7347881415172
chr12	62661783	63811867	0.000385487675081841	23	0	0.375152682588842	911	0.14543936101384	1	1	0	-Inf
chr12	63821416	63928620	0.0219396796735404	9	0.203208704975397	0.455856524973601	191	0.282511675297723	2	2	0	-6.75821276085876
chr12	64132474	68474001	-0.00150698484143708	98	0.0422444570454218	0.406833672532695	4862	0.154926344092802	2	2	0	-6.8766649867189
chr12	68623629	69203455	0.0103631138057234	221	0.017889363585495	25.3356171269523	23786	17.0509637237153	20	20	0	-6.93206874408949
chr12	69212897	69219714	0.0407522991737036	9	0.158422781751167	14.1695016353143	256	9.21974926774225	20	19	1	-6.73515291050556
chr12	69224246	69686411	0.0161147445758272	140	0.0147321128499492	18.472617077682	11598	12.2195435874388	20	20	0	-7.38113237483048
chr12	69687529	69700952	0.0251930238280597	10	0.0935091201731444	16.5982347831597	437	7.28313043134246	20	19	1	-6.77527840818934
chr12	69701378	70400406	0.0145692572078128	161	0.0172912976712357	26.7443198949573	16165	15.2065924487262	20	20	0	-7.13801731365617
chr12	70426249	70656500	0.0233548803806225	100	0.0164718891239934	15.3426270185025	7683	7.23728577754397	20	20	0	-7.75177654335874
chr12	70668285	93328064	-0.000104081573142678	339	0.0127733931009491	0.37379928705742	14785	0.136988827121309	2	2	0	-8.05871538758036
chr12	93400850	93549034	0.00927655850259623	9	0.0416666666666667	0.414601443575592	268	0.136638077247703	2	2	0	-6.77732653354078
chr12	93553343	112371622	0.00150415759109923	737	0.000723745530191669	0.405093671149568	33073	0.135263966110556	2	2	0	-9.18862675480024
chr12	112403438	114681192	0.494808508067569	141	0.0879818272430468	0.853284562015179	7555	0.313721199413516	4	2	2	-6.83211985861719
chr12	114723712	116641162	0.498173107871612	33	0.21557728172036	0.587422615830989	1631	0.330675733462085	3	2	1	-7.0648180415782
chr12	116699213	118201507	0.496457361221665	81	0.0899813938243229	0.815317402478788	4880	0.277572282094307	4	2	2	-6.75147091015174
chr12	118216651	118596261	0.00997714764891589	21	0.134659305550818	0.467274873763271	511	0.283540492044627	2	2	0	-6.82207788672883
chr12	118688253	119629927	0.498746309454356	41	0.166877967681659	0.677507012776895	1223	0.323296088503469	4	2	2	-6.8467613068871
chr12	119658422	120459849	0.0028823102333928	24	0	0.405563032061918	3288	0.131813262788581	1	1	0	-Inf
chr12	120469468	120603736	0.498623379556104	30	0.110435652455778	0.834447623316174	1072	0.382706039190341	4	2	2	-6.73523230174792
chr12	120629874	124398058	0.00159995293177906	299	0.0268496098860189	0.421152339506357	14391	0.134912908759809	2	2	0	-7.30837539858037
chr12	124430885	124973045	0.498874994583526	40	0.0892412137454956	0.841185816004988	1712	0.294712719019301	4	2	2	-6.75141055462286
chr12	124973050	125758569	0.0105451502345445	9	0.0196666666666667	0.692217900360409	1302	0.401383173009433	4	4	0	-6.94607081560232
chr12	125891612	127021313	0.444592099331995	13	0.0486412824561026	0.782448886969603	737	0.341862694309017	4	2	2	-7.4252446798742
chr12	127462226	128139740	0.497943842103066	12	0.183635756074603	0.663160558868996	317	0.382721648121584	4	2	2	-6.81026098298784
chr12	128223602	133151257	0.00172160991895087	289	0.0574249813603525	0.403717222046441	9021	0.135893958239031	2	2	0	-6.86554063935674
chr13	18178016	18419255	0.0503783397321215	18	0.182110502975852	0.306847541300605	70	0.568029281642516	2	2	0	-6.80547823473339
chr13	18545473	89983587	0.498901273140532	2389	0.0972919150614566	0.774842919301735	88709	0.285685503585205	4	2	2	-6.80992457454353
chr13	89992074	114353804	0.498876206814114	927	0.0908219405066223	0.779159125756655	35657	0.282591892000757	4	2	2	-6.74112549190917
chr14	16037128	16402213	0.133021454818848	4	0.236302595556347	0.374739210557547	35	0.202935979473099	2	2	0	-6.92835044204741
chr14	18330642	19691102	0.397442944247566	73	0.136186957403486	0.694010255650788	1237	0.214952786535232	4	2	2	-7.30876756740799
chr14	19733284	106750650	0.498910919381136	3629	0.0883950388709267	0.739778303625473	187470	0.246028441154379	4	2	2	-8.78748267086873
chr15	20046303	101887448	0.325390985540765	3537	0.109867232671503	0.604430652437165	169868	0.197147746832977	3	2	1	-7.54651720850691
chr16	11651	5073269	0.498906732941409	680	0.077890167787039	0.831831685359174	45983	0.241245923172476	4	2	2	-6.90833373979136
chr16	5073999	32918643	0.498896633210876	1977	0.0976335502654219	0.820782133731713	86839	0.284564388007371	4	2	2	-7.13120684292783
chr16	32978438	35645048	0.498518339635062	77	0.146772044855481	0.706244067668141	2319	0.239897737250956	4	2	2	-7.02424887517512
chr16	46386441	46543225	0.327861777598265	45	0.118863549645564	0.643623228341816	883	0.181725455114046	3	2	1	-6.75726693445202
chr16	46572010	74460414	0.498885515486908	1564	0.100320386517442	0.823128358144058	79910	0.283928549951616	4	2	2	-7.18165729123825
chr16	74469180	90166438	0.498911128211882	1678	0.0881377177598651	0.820280030261283	43697	0.279327469392705	4	2	2	-6.96624120943682
chr17	137603	21298925	0.331527578838715	2088	0.103377138330188	0.623095078396852	84118	0.191454774528145	3	2	1	-7.70466532463074
chr17	21298960	21659927	0.104054325864783	145	0.158951210314789	0.523264571777585	705	0.238752107253031	3	3	0	-7.03134792062653
chr17	21666064	21666390	0.110238936050856	11	0.0671971319734298	1.16949246834975	21	0.217542716111878	9	8	1	-6.73383037930881
chr17	21666550	22661506	0.11682134410923	116	0.157048401853497	0.557379101684782	951	0.243182617316678	3	3	0	-7.07709420124964
chr17	24421438	83194874	0.333948272504179	3925	0.10637837958146	0.628297560274885	197522	0.201194809718524	3	2	1	-9.17874641985386
chr18	47974	110425	0.18738013157052	10	0.0962566015052128	0.491972246371183	179	0.349406145495575	5	4	1	-6.88582396397519
chr18	117394	15341512	0.498879878829886	823	0.0903283344639119	0.77937885156739	28407	0.278073838944268	4	2	2	-6.73785936861852
chr18	20944269	80251092	0.483392984330646	1704	0.0868423728772247	0.773178699027844	75034	0.284545662888397	4	2	2	-6.84371532068449
chr19	107381	4117707	-6.63511313805376e-05	739	0.046480186845938	0.427704039025671	21534	0.133290770221265	2	2	0	-7.61039412985966
chr19	4154849	13451853	0.498903230095312	1782	0.0909601500097506	0.778759237376208	75639	0.242620984937546	4	2	2	-6.73793122113676
chr19	13505879	17075326	1.36833148591808e-05	345	0.0595830155595949	0.428349677821099	15781	0.136966611237281	2	2	0	-7.51180029276061
chr19	17096346	19515972	0.498868036482278	323	0.0964640376461934	0.776120210269589	21499	0.240856493411707	4	2	2	-6.73588328971467
chr19	19527409	24122528	0.00428364572008116	334	0.0328601573738966	0.363701435091973	10879	0.120746594903469	2	2	0	-7.66103484476244
chr19	27646333	29923680	-0.00117073128255074	38	0	0.395127945461044	1185	0.154889653066612	1	1	0	-Inf
chr19	30413830	34091674	0.498787331080622	161	0.106076246309227	0.762205083052962	8154	0.278350603896572	4	2	2	-6.75634187366458
chr19	34092824	35619084	0.36999332521034	200	0.0936574663602701	1.12615833570978	11544	0.346168190875211	6	4	2	-6.83815653199358
chr19	35730150	43340422	0.498867232500825	687	0.0917987210469446	0.777433994185826	52050	0.234816610657713	4	2	2	-6.73957630653467
chr19	43360396	44838867	0.360038814201432	158	0.104121119328037	0.947694552693494	11439	0.356534327930726	5	3	2	-6.82816188024553
chr19	44846706	50704518	0.498877038851288	954	0.0962894655156864	0.795866042555226	49657	0.265137713933085	4	2	2	-6.74374753207578
chr19	50714293	52414373	0.375057519747114	275	0.10489582888301	1.23778265734026	14640	0.464310258401264	6	4	2	-6.83866599331869
chr19	52428815	53889327	0.496552105772868	413	0.0946392385562445	0.753386737749471	11193	0.256968242303484	4	2	2	-6.7552528390358
chr19	53891711	54291090	0.346513055621234	212	0.102690907225995	1.15840600039863	5748	0.332384018382677	6	4	2	-6.74341760441009
chr19	54296370	54889582	0.456314570217267	331	0.113420295596792	0.771360381961949	5384	0.204767496829372	4	2	2	-6.82310552050231
chr19	54890252	57254064	0.000882777492779985	327	0.0558533966842188	0.417521879579277	10731	0.124651141471309	2	2	0	-7.07164036015886
chr19	57276077	57378656	0.498502814279625	9	0.158352279568197	0.750699148614515	657	0.320322726412178	4	2	2	-6.73423533544735
chr19	57420185	58571238	0.00111331886202759	146	0.0103616808867239	0.398791722723092	6678	0.111050136908833	2	2	0	-6.75562723779912
chr20	96321	25605831	0.498888793317094	1002	0.0892103002015939	0.800269900775339	47515	0.272545516682713	4	2	2	-6.81536940370137
chr20	25677848	26110592	0.268736227489576	32	0.155497818546051	0.730857086233794	396	0.256421590025037	4	3	1	-6.76135443188131
chr20	28559767	31068343	0.125548033830508	502	0.158200079704679	0.593903247395962	2541	0.300539489252182	3	3	0	-7.09046517133836
chr20	31259408	64327831	0.498915911547173	2094	0.084552829470161	0.824408808441245	105542	0.278461155698241	4	2	2	-7.30949891234253
chr21	5032028	7232171	0.357605037972238	25	0.158617989732144	0.646464491977186	309	0.440603482489159	3	2	1	-6.80699860272256
chr21	7925985	7955813	0.049735103387308	18	0.0595751022698032	2.45775039697586	88	1.22962389331769	20	19	1	-6.7356248990904
chr21	8219900	13096316	0.360579484290756	558	0.161967657198405	0.416715511099345	3114	1.28221188979234	3	2	1	-6.95434808699958
chr21	13238671	46697396	0.345040157079118	1602	0.108487734935352	0.603097791077909	50451	0.203167890713092	3	2	1	-7.02797944935358
chr22	10613451	10722542	0.0245313951271947	35	0.0331026668808096	7.15096645527153	496	6.58706581482276	20	20	0	-7.04621345289888
chr22	10730825	10775142	0.0477748816464221	167	0.0564212042000615	2.24994620360188	715	2.66684487807189	20	19	1	-6.73511670781401
chr22	10775145	10783907	0.0630985476127648	129	0.0633532598829034	1.30765716891373	371	0.501934391269486	15	14	1	-6.74861212452573
chr22	10936253	11024406	0.498093958651617	21	0.184457041069188	0.400486158399985	173	0.256690030995298	2	1	1	-6.73344756834664
chr22	11025039	11039110	0.0558086220873573	74	0.139611297942334	1.83702025699038	450	1.03296684158922	17	16	1	-6.73611738084457
chr22	11039208	11045944	0.495091836605147	20	0.160428373917754	2.07723441593093	116	0.692380344719666	10	5	5	-6.73361930937547
chr22	11048433	11067912	0.0647565290896335	119	0.0695861144054319	1.37980478435202	494	0.59066130660666	15	14	1	-6.75261210381253
chr22	11068023	11305931	0.272184778194994	19	0.129467487846782	0.52674252048023	95	0.163819095592141	3	2	1	-6.92815768809094
chr22	11311031	11571379	0.0321666812417425	21	0.0914059495823309	0.420309114644425	124	0.226253261535885	2	2	0	-6.82105027772249
chr22	11571795	11794173	0.0190779992905425	48	0.160649606595506	0.404890903280459	291	0.163239088746531	2	2	0	-6.74658090096091
chr22	11797195	12178662	0.0242571394598785	13	0.111432628835682	2.44199524292891	87	4.39898903211612	12	12	0	-6.761344028797
chr22	12183416	12630720	0.318643106932027	41	0.152418658834723	0.510885906734396	266	0.17044216794724	3	2	1	-6.91687507855298
chr22	12632285	12801469	0.0299117322424295	12	0.0477233187395339	2.40408718798982	61	1.75410564791398	20	19	1	-6.84538928554178
chr22	15557396	17177992	0.498700115160195	133	0.130054910235884	0.766878632613094	3240	0.261648863916228	4	2	2	-6.74027394286771
chr22	17188516	50782510	0.49892202258966	2821	0.0884492165680092	0.836813547627782	135942	0.27944068260071	4	2	2	-7.65766338887484
chrX	256771	57679344	0.498887627702602	1870	0.106698488837304	0.813663496209317	106124	0.303246121460564	4	2	2	-7.19985544564949
chrX	63360469	144523984	0.498857069649289	847	0.10592611964521	0.754783800775911	100899	0.274685939638339	4	2	2	-7.55974397744166
chrX	144524376	155941873	0.492006947428776	315	0.0767299533070764	0.87461666692627	26010	0.25519113050651	4	2	2	-7.78356297212128
chrX	155985262	156005349	0.0906151379986502	12	0.127578496335678	0.685493788362103	128	0.195097267786194	7	6	1	-6.98087232909321
chrY	11111625	11295743	0.498425189415582	14	0.184059131086354	0.108501544067087	34	0.137789581629759	1	1	0	-10.9965386112958
chrY	56830432	56837148	0.0417829385808869	44	0.147871657039483	0.149112347675579	93	0.110905738124536	1	1	0	-6.80502246052873
chrY	56854987	56885732	0.498581530754967	80	0.135695941167623	0.333274951129689	237	0.112406519522328	2	1	1	-6.77150382928125
