chromosome	start.pos	end.pos	Bf	N.BAF	sd.BAF	depth.ratio	N.ratio	sd.ratio	CNt	A	B	LPP
chr1	94029	121568263	0.498908084842414	8118	0.0955327435472997	0.780584353668867	322503	0.271593016950561	4	2	2	-10.27725568687
chr1	125094663	248916508	0.169463463496266	8146	0.0938281995072344	1.12921280815904	344875	0.416965806609497	6	6	0	-7.18489458815591
chr2	41404	88992294	0.498914584611093	4295	0.0917332896636974	0.859058452536308	173061	0.311464906230894	4	2	2	-6.82439218933507
chr2	89040287	92075691	0.490122288560601	123	0.138496734961859	0.857824540091506	3122	0.317700963726596	4	2	2	-6.73848298385521
chr2	94194584	104771794	0.498862784764232	596	0.101930863580728	0.854845562029636	27407	0.286997279517483	4	2	2	-6.73810964304167
chr2	104823808	242183350	0.40469857702652	5742	0.103355823628656	0.698698098408904	227555	0.236978210465721	3	2	1	-6.76975074050585
chr3	51248	90220908	0.498919771579599	4302	0.0895292289478119	0.859065026248363	188441	0.29948585029049	4	2	2	-6.83316721834506
chr3	91451656	198120733	0.49891927995364	5376	0.0921228806738755	0.859054679127048	192180	0.310473464454934	4	2	2	-6.84285803444691
chr4	46281	3490614	0.212043641701323	465	0.111935204338659	0.548798138240479	14634	0.177539189749921	2	2	0	-6.74204446620962
chr4	3491060	5811051	0.498643272587372	173	0.132987026182812	0.712588237050047	3792	0.319877199594163	3	2	1	-7.11259490570927
chr4	5813454	8975058	0.499089586515329	341	0.0854962886330101	0.85457276840855	9675	0.292042717873618	4	2	2	-6.73443130877745
chr4	8981455	9119429	0.243556070602939	94	0.122301045137519	0.882217526549249	727	0.356003922914843	5	4	1	-6.77499336557599
chr4	9119536	49091773	0.498883299509681	1595	0.0947835183721043	0.855140185949582	52078	0.318773348318305	4	2	2	-6.749751339472
chr4	49092084	49711644	0.490098952212642	186	0.134623373699721	0.91150460422918	1819	0.335068447178432	4	2	2	-6.75350256510175
chr4	51848345	52364711	0.364935818296917	23	0.0910540820051598	1.1759725216557	1118	0.418322002736438	6	4	2	-6.73440292197974
chr4	52400933	56731383	0.0879995495316102	897	0.0679874670294233	4.32113621334866	35014	2.80785782352792	20	19	1	-6.76132776993502
chr4	56738551	57685495	0.0532939639498171	447	0.0545641901819515	7.57597730221581	12808	4.93901131165461	14	14	0	-6.76593969318669
chr4	57685566	59267575	0.0936499758400289	124	0.0815447888173595	3.91149467046208	2617	2.88617760106959	18	17	1	-6.74199662987104
chr4	59300161	62585175	0.192194278820696	63	0.128546108048907	0.893968205657258	1402	1.08605839894623	4	4	0	-6.83128107282865
chr4	62615326	62874800	0.167023992444537	26	0.08580049309523	2.39133119142355	363	1.31256629557383	15	13	2	-6.733381212149
chr4	62878001	63735549	0.0700939655174101	65	0.0574359090974118	4.79209057610253	1494	3.16769059096597	20	19	1	-6.76948881859667
chr4	63766931	64148803	0.0132662581547581	66	0.0162993342921819	20.6182146090371	2966	13.0758828364181	20	20	0	-7.75492073289034
chr4	64171074	64409219	0.0896010967650771	29	0.0571008527884003	4.85751232532907	718	2.78454889979591	18	17	1	-6.73792791603875
chr4	64416780	65136484	0.227961101634931	34	0.126460705993711	1.83839434781027	801	1.11708894131532	11	9	2	-6.73510499459411
chr4	65324037	68996952	0.199574984308512	88	0.0983305733013289	0.539252237983196	3354	0.181900053495506	2	2	0	-6.76305385836588
chr4	68997456	69804546	0.0923192017268046	56	0.0850109064813405	3.80494938567932	4002	2.44402149598086	18	17	1	-6.73797990165272
chr4	69840784	70480984	0.387829170419482	54	0.0953046752897017	1.20482512656152	1635	0.542683977494434	6	4	2	-6.76166982151676
chr4	70491394	70522032	0.0772830701174242	14	0.0436006477419371	4.21327904050131	223	2.29691277044588	9	9	0	-6.73901855338252
chr4	70522662	83308139	0.208653388849492	566	0.117700549689049	0.55289029923078	18501	0.20359261487309	2	2	0	-6.79154056454396
chr4	83308744	189606634	0.498911683537701	3757	0.0901031714917758	0.852468731576243	136699	0.316420084730483	4	2	2	-6.75081680050455
chr4	189732617	190179679	0.498452406917665	46	0.144779754436475	0.811773518813815	568	0.268287619569407	4	2	2	-6.74018586467501
chr5	36514	404486	0.149272297654202	36	0.137910345848538	2.71446982498014	3241	1.72062758779656	17	15	2	-6.73316861805961
chr5	413658	840391	0.498402742569592	56	0.143543649183025	0.883319675791449	2260	0.846874660570146	4	2	2	-6.73369909449909
chr5	843508	1115861	0.29828063299846	47	0.0881389083211098	1.42251175376219	2198	0.407029900432293	8	6	2	-6.73762994215272
chr5	1125581	1312820	0.162180084300678	72	0.0908694989810686	2.81323604955584	2611	1.05711379525361	16	14	2	-6.73425167290378
chr5	1320607	3098389	0.203145306782127	88	0.12664958981296	0.579819589558913	1882	0.197448028488106	2	2	0	-6.85551150061429
chr5	3133938	4830577	0.151398089818405	139	0.109101087694139	2.51639711071772	3169	1.86470696420718	16	14	2	-6.73668278550119
chr5	4864112	6693083	0.207372539624461	71	0.107947936254705	0.546666971918921	1794	0.212949136602788	2	2	0	-6.74200607364106
chr5	6725191	8278696	0.143588712240923	120	0.0999080403501672	2.94220015688723	4018	2.23134897656541	18	16	2	-6.73315270609265
chr5	8335371	10962609	0.248916211885999	69	0.112650407176358	0.93159826620682	2991	0.729177945878029	5	4	1	-6.77248010881726
chr5	11028784	16720705	0.295919614031252	343	0.106993111969415	1.51899090620778	12530	0.767231513104782	8	6	2	-6.74440120199641
chr5	16723222	16809047	0.155851038304472	37	0.103273805870506	2.36441638711466	960	1.34026926121605	16	14	2	-6.73387046347328
chr5	16811643	17354512	0.217276515812242	123	0.12591069294925	1.831841202344	3114	1.03815067995963	11	9	2	-6.73430741013444
chr5	17392188	19028865	0.170194232812087	31	0.109836966180721	0.567612860014454	528	0.251390882308769	2	2	0	-6.88288156659854
chr5	19197482	19828672	0.279512966488071	39	0.0998173027441911	1.59241259204112	783	0.885261996482276	8	6	2	-6.74485405010735
chr5	19839952	22204254	0.0831194459589555	263	0.0944475202337763	4.36044134718194	7752	2.81496882227302	20	19	1	-6.74741698301063
chr5	22257807	24813165	0.233740901373047	157	0.100327566961783	2.04082908790911	4008	1.24726825054342	11	9	2	-6.74591111032854
chr5	25154172	28226401	0.182637916568609	28	0.133194784166275	0.558250371466062	992	0.258082088918027	2	2	0	-6.79944320951242
chr5	28449872	29363941	0.126268342931731	81	0.0908814211819412	2.98272412269022	1211	2.62636684539623	20	18	2	-6.73436075002425
chr5	29396541	30124301	0.287105349272663	24	0.152245362367196	0.589855893230329	252	0.250544144170406	2	2	0	-6.89347291773576
chr5	30210798	33812008	0.166467251909137	618	0.0872467421772895	2.58271263835475	18977	1.58364718841589	15	13	2	-6.7337250084664
chr5	33881147	35184256	0.21642298624953	70	0.111931091083482	0.58501064779164	2443	0.300060465967834	2	2	0	-6.78013955815978
chr5	35221949	37213624	0.23313167780487	188	0.109135996437985	1.72995069563042	8275	0.81516628143327	10	8	2	-6.73652086980678
chr5	37224383	37608985	0.123121420761504	142	0.0696839451564431	3.48910706612509	4955	2.10244323991487	20	18	2	-6.73769398198264
chr5	37610180	41149133	0.209893991549116	350	0.0956401584583944	2.02300052394306	12614	0.894457557881535	12	10	2	-6.73558802157037
chr5	41149808	46381425	0.310425902207881	147	0.114158778985652	1.41277283102061	7995	0.750102147496997	8	6	2	-6.75552010896684
chr5	49599598	49661095	0.375466244974173	53	0.13451072170106	0.990560212624402	609	0.334741368460736	6	4	2	-6.74244568293426
chr5	49661122	132204171	0.498906566132481	2992	0.0890099803328107	0.859008844726944	107141	0.323160066740103	4	2	2	-6.81127630174783
chr5	132210587	133089773	0.21366844464496	50	0.131049155756494	0.553637541118142	3344	0.169835146080941	2	2	0	-6.74057405730382
chr5	133098957	181281814	0.498907649095388	3137	0.0893912634970415	0.85109613724229	124923	0.303685313407251	4	2	2	-6.7373327459028
chr6	142951	60491023	0.498932367400098	4884	0.0847351629501056	0.858080077251481	168143	0.296789915375234	4	2	2	-6.79020324508478
chr6	61133505	111634647	0.498875865805871	1640	0.0963761361750259	0.86713910322352	66132	0.3368205214235	4	2	2	-6.86355321709984
chr6	111641915	170736839	0.381437853381925	2385	0.102574373407317	0.710231613166403	86456	0.252567083627095	3	2	1	-6.9640372030695
chr7	37991	58100284	0.427382930865701	4211	0.0962394908269836	1.05609868146604	137056	0.405555357892159	5	3	2	-7.30303359651881
chr7	60981490	159316121	0.405822176040218	7320	0.0985383624016206	1.05464720372006	275055	0.393172171580813	5	3	2	-7.670564066051
chr8	223619	43829243	0.323726530815502	2752	0.106284424029587	0.831004211099282	85627	0.305855092164742	4	3	1	-6.84582938005646
chr8	45952323	145072669	0.443577541840693	4465	0.0927976719861208	0.984603728399582	170086	0.363515648764217	5	3	2	-6.86875872400687
chr9	103776	43253957	0.388411079336353	2047	0.113780365591881	0.691212399021331	60624	0.28757007803871	3	2	1	-6.74680049255436
chr9	61666943	66635859	0.347899321794012	178	0.137180815510867	0.796865049154773	2133	0.316809032324716	4	3	1	-6.86952361215132
chr9	66635998	138177044	0.498919587582005	4831	0.0912616931273551	0.845271045658384	193857	0.295316190186063	4	2	2	-6.73815033927426
chr10	48874	3554755	0.217607458516249	136	0.118158012211078	0.544800945335319	4285	0.191898705433547	2	2	0	-6.73356456081464
chr10	3659860	11946926	0.371307203706642	532	0.104000830432046	1.17580716028611	18955	0.479623481352769	6	4	2	-6.74240363526364
chr10	11952290	15443592	0.29615731586861	596	0.109879802306088	1.5192310393472	18836	0.683071120539769	8	6	2	-6.74222669825624
chr10	15467178	17541742	0.332645009709396	201	0.100290530447857	1.27446769478894	6279	0.538813235195045	7	5	2	-6.7388522226973
chr10	17542365	19729973	0.290314392944473	232	0.107504310692341	1.49106583846762	7218	0.738960859826391	8	6	2	-6.73435736558238
chr10	19765516	22119167	0.499047658566086	108	0.0968796665040269	0.883656816241953	4064	0.349967272375684	4	2	2	-6.75260660026343
chr10	22135299	23736701	0.261113875401978	158	0.110813013795516	1.81013068047831	5866	0.940123781479295	9	7	2	-6.7483574890913
chr10	23737502	26350873	0.217820969004667	90	0.102370535150093	0.546987651967857	3455	0.200345951510557	2	2	0	-6.73482934581831
chr10	26367300	27401474	0.280755605612978	168	0.116716178595256	1.3896834168112	5225	0.686779007323224	8	6	2	-6.74061306979983
chr10	27403133	28332892	0.498810092135556	42	0.11256603688368	0.724462897866342	1474	0.283937240825764	4	2	2	-6.89986319599389
chr10	28351109	34867604	0.21604284745605	308	0.114256488474067	0.545903671410052	8841	0.215871840586426	2	2	0	-6.73527929317404
chr10	34873236	35054597	0.0257460790480897	144	0.0321530159326685	15.6526395610245	6650	10.5737102026439	20	20	0	-6.80085477837961
chr10	35058052	36315181	0.0485072435493497	330	0.0567393040405696	7.76507459633548	11573	7.19826421187226	15	15	0	-6.75160396144397
chr10	36438285	39475690	0.263481003625053	72	0.131637697383603	0.560798787352706	2856	0.252613665435023	2	2	0	-6.82544318156417
chr10	41859741	133787182	0.381009739985458	4583	0.104869549330387	0.700025542390979	173705	0.243440621771772	3	2	1	-6.77233425616351
chr11	197557	50631351	0.498925521961861	3374	0.0868035984904362	0.843692237634035	123432	0.277246957755294	4	2	2	-6.74322321644678
chr11	54568643	56015518	0.343450669784549	103	0.0963480685541035	1.25894585540737	2925	0.431808458368418	7	5	2	-6.76085112805555
chr11	56015679	56971203	0.296413529797527	117	0.105103040539096	1.65009553398858	3791	0.522038152356949	8	6	2	-6.76707894036335
chr11	57018744	57910795	0.498993354338449	83	0.0968282786437271	0.852576738886152	4825	0.363288855465857	4	2	2	-6.73321307295031
chr11	57917477	66616617	0.220533821649907	859	0.103999577691532	0.549457007240197	44099	0.165119496541048	2	2	0	-6.75512342902169
chr11	66638420	66975689	0.498798183882389	39	0.109271739669589	0.862286421389144	2963	0.416730049295385	4	2	2	-6.73342842534209
chr11	66980201	67235214	0.131875109820703	84	0.088305963566324	2.95530611397831	4027	1.7263438847768	19	17	2	-6.73416586888106
chr11	67246189	67365009	0.499410891292515	15	0.0506258921144206	0.8585935549444	1332	0.246477686159173	4	2	2	-6.7332925103207
chr11	67375774	67949932	0.129670209722693	238	0.0899860886631458	3.21292341266366	11959	1.44489592185811	20	18	2	-6.73312789280058
chr11	67951354	68487530	0.0942295479445083	275	0.0653477476436402	4.24959172454622	11522	2.63618430922822	18	17	1	-6.74012265788609
chr11	68493825	68742819	0.357968500575148	20	0.0760930870364506	0.856801229312066	878	0.272496331231104	4	3	1	-6.87520973999539
chr11	68752210	69149071	0.108193895790403	217	0.0761017323914623	3.72209922374398	7159	2.10863483017739	15	14	1	-6.74114870249283
chr11	69149266	69712993	0.0683717418841651	144	0.0560048629812151	5.3206937297217	5878	3.49536788693129	10	10	0	-6.76672347850677
chr11	69764517	70190915	0.169877259467799	112	0.090724258982665	2.34235528555019	2780	1.37197498401146	15	13	2	-6.73400274022663
chr11	70192112	70227560	0.0443046753980552	13	0.0479350522141077	3.87379363063539	610	2.63365833835476	16	16	0	-6.73349469606339
chr11	70250479	70882043	0.282176218108603	115	0.0961673852206028	1.56071616141279	3902	0.606195613394507	8	6	2	-6.74302107798496
chr11	70885043	71119367	0.1393386087652	41	0.063559641666552	2.69935757364171	1531	1.33956933644793	18	16	2	-6.7351237784327
chr11	71126968	71596040	0.394743750564624	92	0.103388837848612	1.11993667139187	1930	0.376298528976504	6	4	2	-6.77475478852648
chr11	71620080	72695252	0.213557204877607	235	0.116948970582527	1.82029709880109	9251	1.00931800279715	11	9	2	-6.73743468718438
chr11	72696725	75500151	0.498755058191691	310	0.107947120105711	1.1712127182775	14131	0.569959260720356	6	3	3	-6.73446930557333
chr11	75526877	75577107	0.127746825998835	30	0.0732029457355906	3.35839421880759	746	2.05381659539792	20	18	2	-6.73325041229052
chr11	75581238	76327024	0.40238047232885	34	0.133224152044804	1.54914911110147	2395	0.868364136766895	8	5	3	-6.73686089958669
chr11	76332774	76959883	0.134145671476775	138	0.0858659993876564	3.10460467753382	5493	1.65589830481488	19	17	2	-6.73317102054207
chr11	76962382	77617695	0.101502633690135	229	0.0616992772410978	3.97437665184882	9731	2.32742785580515	16	15	1	-6.74440127776281
chr11	77619342	77901738	0.15472159931197	82	0.104287129983891	2.68735299633973	2887	1.52369631339252	16	14	2	-6.73383424642847
chr11	77903724	78135711	0.0818432812767238	205	0.0538864127645483	4.61467806467841	4590	2.91496639885733	20	19	1	-6.73510936305124
chr11	78135840	78596511	0.0569303356588183	184	0.0456444105222844	6.72615098799358	7888	4.47399878588674	12	12	0	-6.75248230208027
chr11	78603456	78814488	0.131421556755109	48	0.0769354408367015	3.00499111202936	1832	1.75400333690656	20	18	2	-6.73388043950441
chr11	78843449	79999245	0.0728670830901402	133	0.0662312019526932	5.19964234283514	3965	4.2452817091325	20	19	1	-6.75456745940221
chr11	80026720	81863355	0.179445316540786	102	0.114394113914959	2.35785596991496	1981	2.43155518114135	14	12	2	-6.73304832028968
chr11	82025623	83980415	0.220961073867176	38	0.11046215149647	0.984435262372745	2820	0.865221122483925	6	5	1	-6.78253421362281
chr11	83994472	84644465	0.162667920994977	40	0.103166979412144	2.43993113911743	1185	1.70975938974647	15	13	2	-6.73484149600965
chr11	84645762	85745660	0.276631684847149	32	0.081212981641464	1.39166101480611	1933	0.682196223764615	8	6	2	-6.75483304218194
chr11	85776129	88218479	0.0714173434670953	523	0.0592340261455341	5.41658550415863	17299	3.68740271413161	20	19	1	-6.78192537385994
chr11	88249689	90566743	0.187186745772299	155	0.10080489311908	2.03564146372362	5662	1.39703768177422	13	11	2	-6.73919678472255
chr11	90627002	91690238	0.102811993063062	76	0.0846870938198326	4.54522772985904	1866	3.97124764500108	16	15	1	-6.74450363091513
chr11	91742598	102047872	0.211577702510024	261	0.123030914984206	0.541142214957217	9598	0.175189335281153	2	2	0	-6.73989831226997
chr11	102150056	102473061	0.183993111520344	19	0.153418912045091	1.87235318815568	1502	2.05566738583565	13	11	2	-6.73565931477202
chr11	102524926	102747837	0.0609088289483123	92	0.0429973443329313	6.24628446179311	3169	3.70421945825224	11	11	0	-6.74746427486487
chr11	102771945	114016416	0.210316079606958	408	0.108864441097108	0.585665871211598	16904	0.293909711484076	2	2	0	-7.14345513223857
chr11	114146568	125249801	0.49904999137892	1009	0.0811298672917586	0.845863017477886	36636	0.288814416286064	4	2	2	-6.73361117358698
chr11	125310208	134788362	0.208631307946917	349	0.116933272193595	0.542297688892776	12406	0.186998314184323	2	2	0	-6.73959892958852
chr12	12820	34309738	0.170128974652356	2363	0.107497641430711	0.680510049253464	74860	0.234527647578469	3	3	0	-6.91195979661344
chr12	37420043	133226507	0.448683814230135	6643	0.0903828138240359	0.989538664421371	294557	0.363348498557103	5	3	2	-6.82718824009676
chr13	18178016	18317719	0.459091330527541	33	0.126171990600613	0.297893436820481	271	0.131004541577379	0	0	0	-7.02208324757452
chr13	18318416	114353899	0.391693585030043	3534	0.105314629851845	0.6936229489844	114012	0.273734931751717	3	2	1	-6.74048822877352
chr14	16098225	16098268	0.167	1	NA	0.316	2	0	0	0	0	-Inf
chr14	18296555	106874913	0.39109228588264	5196	0.100311467316742	0.694988207349037	185524	0.240967779660926	3	2	1	-6.73422567834963
chr15	19858910	66328898	0.213830670011202	2814	0.11841099629544	0.549563290649307	97401	0.191297757318909	2	2	0	-6.82468514445319
chr15	66340813	70565682	0.498946684417091	305	0.0853662284986043	0.996733542808744	11979	0.385626923840656	6	3	3	-7.07213759624834
chr15	70570052	93267180	0.337791280942976	2259	0.102756983582064	1.28581936797413	99522	0.511566948485469	7	5	2	-6.75321719461559
chr15	93275945	101954215	0.347154847033497	646	0.0994949001090951	1.24023136813085	17505	0.496578678152276	7	5	2	-6.81618921722842
chr16	31639	31601956	0.498915393869266	3485	0.0924420214825784	0.798293989146163	134703	0.273600911575686	4	2	2	-7.53750226150886
chr16	31603118	36104316	0.419276950495073	165	0.116905914122583	0.760996217106129	5036	0.282203367180199	3	2	1	-7.02943431755747
chr16	46386256	90102289	0.407682654084066	3021	0.104452063737256	0.643400851963653	108421	0.217941046053175	3	2	1	-9.01382764835377
chr17	137603	22495481	0.391485124595566	3057	0.103912764895551	0.705274519736534	97861	0.239523119859687	3	2	1	-6.77573004771273
chr17	25074523	83194874	0.498929034269572	5760	0.0906969566863223	0.866652103016326	258821	0.295972974027593	4	2	2	-6.91624790603826
chr18	47554	14124428	0.498881400266434	1112	0.0916113913699145	0.852779924738108	29578	0.306777831352855	4	2	2	-6.73597655152619
chr18	14132941	15350104	0.498628368276932	78	0.159830794749895	1.44062807074558	2014	1.85561215353696	8	4	4	-6.73310029860299
chr18	15350153	15379034	0.112309656926314	11	0.1336824595824	3.65683217803549	74	4.2617401964064	14	13	1	-6.73339764084454
chr18	21006644	80251092	0.498898745367221	2153	0.0921742101330364	0.845879907302645	81218	0.316094446623813	4	2	2	-6.73530299261776
chr19	263151	24394098	0.444292678840183	5405	0.0954461038929411	0.763162966573195	179507	0.254717760107877	3	2	1	-8.39305258603604
chr19	27392072	58572275	0.498900664364314	5613	0.0924142550012874	0.756708582737687	197748	0.24310456836575	3	2	1	-9.12861627081408
chr20	173008	26271014	0.315342238295134	1336	0.107005004522432	0.862175249169298	52479	0.309403674422889	4	3	1	-6.77917410233493
chr20	28559245	31061180	0.315457496745927	836	0.128077736471503	1.25845820261305	4718	0.625244703562904	7	5	2	-6.74133041138601
chr20	31061290	31075776	0.214418522643772	66	0.150028721414992	1.81271185962415	510	0.811179343375858	11	9	2	-6.73443929510076
chr20	31075803	64281456	0.393329743300333	3931	0.0972760476917533	1.47813183660818	182424	0.610130213132119	8	5	3	-6.74463698679569
chr21	5218301	10737112	0.498733181468496	771	0.134364652838035	0.830847046210276	4851	3.03846990836591	4	2	2	-6.73323248908112
chr21	13000143	13036710	0.033215075071246	71	0.0386034735356041	8.70772576738831	758	6.07013062412764	20	20	0	-6.73773878804808
chr21	13036854	13196491	0.00562923917864255	35	0.0102535093398072	23.628889089507	1656	18.9426426794918	20	20	0	-9.82719951442661
chr21	13202136	13853424	0.0317286751377253	167	0.0280174652054738	13.1556635752007	6544	8.28699595536679	20	20	0	-6.76077541383227
chr21	13853476	13861701	0.434275170206457	17	0.209105834447535	18.4967360516266	274	11.4261290520588	14	8	6	-6.73322036904898
chr21	13861721	14102730	0.0302280016926377	148	0.0467491988127117	14.1174440060611	4276	8.23758114670146	20	20	0	-6.74808061654355
chr21	14181709	21014864	0.168937705687496	200	0.127303222473987	0.727420451761736	5158	0.296732615553745	3	3	0	-6.82405783826862
chr21	21023261	25735200	0.498717917736674	246	0.119649368623405	1.53722739695307	5427	0.803863878216476	8	4	4	-6.74571059435851
chr21	25751821	38286170	0.339815186405932	659	0.111058615902387	0.884514569653617	28033	0.438331411079532	4	3	1	-6.8199486790357
chr21	38307849	39844518	0.422642806169137	104	0.0908206465687541	1.165402698836	4486	0.513077453751941	7	4	3	-6.80349120026942
chr21	39897792	46692843	0.318110013245442	763	0.0970354902171461	0.866059601983057	25175	0.277811424766747	4	3	1	-6.75681584009217
chr22	10685457	12705629	0.443394396155283	576	0.123823622368762	0.675746790517809	2810	0.263676636620964	3	2	1	-6.85490944344878
chr22	15343050	15690598	0.332242758011135	13	0.0799616093782446	0.664065261201527	333	0.214177697720044	4	3	1	-7.00600847007747
chr22	15721321	20667904	0.211602538349258	387	0.113214053684932	0.550466676576697	13921	0.211036128397441	2	2	0	-6.74688134424995
chr22	20668115	20736456	0.0430078263169797	48	0.0466583278390642	8.78569603188243	2378	7.78723971215822	17	17	0	-6.73403431514648
chr22	20737599	21023669	0.0358450010507098	175	0.0467216099268246	12.4779503474421	19051	6.3137327468036	20	20	0	-6.7407875113425
chr22	21030227	22004675	0.499220412901777	105	0.0940414724193456	0.910976737885053	3884	0.814503197289237	4	2	2	-6.73759313773267
chr22	22018174	22533831	0.0583755482807377	312	0.0477384014564475	6.36746182691108	10158	3.62954241072507	12	12	0	-6.76270972629582
chr22	22535987	22580176	0.0811644694708171	9	0.173087004454728	2.38497272271268	456	3.92801704149897	20	19	1	-6.7332576407561
chr22	22580362	23187501	0.0796486229677193	270	0.0586683682538333	5.51730833382049	11273	3.19314748054765	20	19	1	-6.74435085015119
chr22	23194333	26040755	0.227328732682779	401	0.123074633298645	0.543594493630543	10229	0.293991615929412	2	2	0	-6.73515650113603
chr22	26189838	28123656	0.498618889983572	111	0.125984763713557	0.690788209531424	3672	0.271872828187438	3	2	1	-7.14518190092921
chr22	28401330	29212287	0.498722660232153	109	0.107529313105917	0.994765853706277	3141	0.464278273745793	6	3	3	-6.78155297589836
chr22	29225139	30870559	0.388936259904385	176	0.103616896781854	0.714830390174542	9022	0.258044474594062	3	2	1	-6.74398893953798
chr22	30889693	37232953	0.217267362746332	555	0.118607815978219	0.562648072401242	17610	0.204030018109947	2	2	0	-6.84013627155938
chr22	37240909	39319509	0.375414643625556	452	0.104999918498263	1.21705276754817	18681	0.491866427460354	6	4	2	-6.75140973908206
chr22	39364167	39673923	0.215154330256787	40	0.0996159258969553	0.548090295957859	1499	0.163737194890294	2	2	0	-6.73492298927713
chr22	39803887	41554667	0.338845262543069	187	0.101128225269032	0.809238165918064	8975	0.385836820083556	4	3	1	-6.76807431314002
chr22	41554893	43434990	0.498849605724518	400	0.0934528468276943	0.85210367214695	10729	0.306885168128855	4	2	2	-6.73340245137784
chr22	43502770	45371541	0.225776319479628	150	0.119402745613136	0.55285010793852	4633	0.203299213951716	2	2	0	-6.74218581629347
chr22	45402201	46018163	0.499096055130256	39	0.0937038649415981	0.798131835106041	1879	0.329675664348268	4	2	2	-6.74554052017837
chr22	46053930	48707687	0.245106086255465	223	0.104097936182891	0.563596425837509	4715	0.212460097779764	2	2	0	-6.81351676778865
chr22	48835265	49497968	0.032502923866697	399	0.057503015187974	12.9695643358312	9542	8.70333554731015	20	20	0	-6.74570859223745
chr22	49543536	50808384	0.217872901250672	269	0.101291440768327	0.550797301545199	8565	0.207684489754511	2	2	0	-6.73635617244034
chrX	255805	49346325	0.385027516290393	895	0.107115367505938	0.929486779223596	47875	0.409299514522645	5	3	2	-7.63242024907592
chrX	65956689	156010156	0.498550053494875	67	0.144582319242498	0.85857890077796	62589	0.62961537360108	4	2	2	-6.75404551480009
chrY	3066285	11986362	0.355911197040835	110	0.140081801730203	0.547338460542414	1806	0.529089854092129	2	2	0	-7.25142960378492
chrY	26437016	26670962	0.273020035060446	16	0.16494785792284	0.272145684056966	169	0.116698040502343	0	0	0	-7.86364982116161
chrY	26671273	56884104	0.35666660245181	159	0.114293187236486	0.642349506526141	610	0.248664432822115	3	2	1	-8.23993294047716
