chromosome	start.pos	end.pos	Bf	N.BAF	sd.BAF	depth.ratio	N.ratio	sd.ratio	CNt	A	B	LPP
chr1	65898	123177111	0.498921249145684	7938	0.0990603997072703	0.953763238862294	332752	0.331444180357653	6	3	3	-6.78269977747228
chr1	123926271	248871489	0.333190259995212	6212	0.108032832206636	1.06246060625873	284333	0.360215616299103	7	5	2	-6.76921991557343
chr2	92991	89986465	0.498900137632175	4135	0.100897035999381	0.940824198860871	168402	0.335553469454533	6	3	3	-6.74522008083526
chr2	90083084	92006088	0.310540582440816	140	0.136208864727746	0.951498611649273	1754	0.316821446775142	6	5	1	-6.78925536815169
chr2	94190317	242183396	0.498925308880056	7285	0.0999456674508032	0.942966328078019	278469	0.324757220610485	6	3	3	-6.73950885181551
chr3	13132	90234713	0.498907308294365	4443	0.100073166280166	0.949863509065971	180378	0.326600728552559	6	3	3	-6.74348385948441
chr3	91344437	198135491	0.498912762099767	5288	0.100141161376478	0.941206349735372	183095	0.332565504021142	6	3	3	-6.74548785240637
chr4	46210	49092775	0.498899984381057	2265	0.0991893042448835	0.947757451575879	81741	0.336932313647	6	3	3	-6.7344832908513
chr4	49092915	49711661	0.476165456044986	157	0.143131284179458	0.92675873223816	1429	0.374515225693517	6	3	3	-6.75069049166132
chr4	51838815	190179679	0.498898241439324	5355	0.103766641909397	0.937472989766011	178851	0.336595171320738	6	3	3	-6.78684019843033
chr5	66453	462441	0.498781963000266	111	0.0898135615565703	0.972563640329763	1779	0.308366584014747	6	3	3	-6.73511857196279
chr5	462880	851822	0.256968215964339	108	0.106130627972507	1.59255517756397	2432	0.791229393866608	14	11	3	-6.74008417616298
chr5	869392	1105872	0.13341786040208	89	0.1022192073106	3.70243657503279	3096	2.3321028939495	15	14	1	-6.74425374412311
chr5	1115951	1854536	0.207883700527687	121	0.122069337993769	2.08184629714488	3842	1.09213470045634	18	15	3	-6.73555786273356
chr5	1870608	1948086	0.142653934225054	17	0.0687042896169133	3.41272551806717	507	1.10048026684446	20	18	2	-6.73918377414495
chr5	2002012	11858656	0.498806786507762	334	0.118363369289594	0.984104258543861	9630	0.837384717408052	6	3	3	-6.74651486381214
chr5	11881590	14124987	0.213322725933083	143	0.0973154305176847	2.7323758856287	4536	2.11050689809215	18	15	3	-6.74498586706209
chr5	14131796	16909131	0.389693470876789	146	0.110241686865313	1.24583963715464	5588	0.591067947877819	9	6	3	-6.75205782414627
chr5	16915792	17024402	0.173823579557071	28	0.102329326223185	3.35186632079406	1226	1.51294101881405	17	15	2	-6.73987147253218
chr5	17048910	22326479	0.498705278393265	133	0.119142819783812	0.919060722380021	3480	0.418667398213886	6	3	3	-6.74767602080438
chr5	22467008	22666623	0.1748421920507	19	0.0803522580897199	3.64021043924213	400	1.88608302405483	17	15	2	-6.74531055211445
chr5	22696134	38985066	0.498836536726338	704	0.106438435417262	0.984296482717258	23040	0.516747565981881	6	3	3	-6.79148893344776
chr5	39051505	39806835	0.122146740364683	68	0.0927831534521773	3.66899942787979	2854	2.37474480179479	17	16	1	-6.75698949716609
chr5	40092990	43072622	0.407649041109922	155	0.106989172895593	1.24490100630198	5312	0.547721729450103	8	5	3	-6.75982135997148
chr5	43083492	46206800	0.16815277214771	175	0.102480167651623	2.95772096006985	7308	1.78156406942039	19	17	2	-6.77433060315019
chr5	49601562	181281736	0.498916243302065	6222	0.10116078909084	0.944506599788472	228220	0.330779719695708	6	3	3	-6.73401816386847
chr6	177748	32553306	0.447677036274377	3429	0.0986211299611257	1.06629235573235	91524	0.362442667872606	7	4	3	-6.75013974609886
chr6	32553340	32600761	0.218459387429438	34	0.0796777377281952	1.0983563606573	209	0.358548804894607	8	7	1	-6.73378054422839
chr6	32674273	57834947	0.492129071535508	1978	0.0994908750500849	1.06540065987379	80727	0.355281083300507	7	4	3	-6.85958843456035
chr6	60254368	92210246	0.496553897394561	1067	0.0973006965277464	1.05210310648592	40303	0.374789020459892	7	4	3	-6.87864989333017
chr6	92364308	170732093	0.381296956520031	3217	0.10877978620521	0.939373323984384	121386	0.335958011407067	6	4	2	-6.75149447625038
chr7	31504	58091558	0.498885822758661	3314	0.103933339609626	1.06439602381372	119499	0.384576373365732	7	4	3	-6.89143872695365
chr7	60958181	159260919	0.498903623401172	6694	0.102166315292664	1.06885106773799	240943	0.37948710375083	7	4	3	-6.9474685711135
chr8	311290	43815666	0.466799436596184	2266	0.110649887085906	0.823937841136179	77017	0.295044112365788	5	3	2	-6.84875144560847
chr8	45952307	145055416	0.498886729724661	3427	0.100058902965991	1.06055366380221	157711	0.37399609185243	7	4	3	-6.8954539896816
chr9	12839	39025077	0.498873473454903	2144	0.104721773494211	0.935859607484533	65217	0.33215956011718	6	3	3	-6.75563489464827
chr9	39025085	42986133	0.498709126683144	390	0.121967362218111	0.957279641096765	3287	0.391220092108149	6	3	3	-6.73544690695057
chr9	43242650	67456048	0.391288538233441	252	0.133704673328541	0.934526775888459	2844	0.384819149150039	6	4	2	-6.74813439041078
chr9	67548942	138214444	0.498915769240664	4541	0.098908201396185	0.952435032473797	188013	0.328291264130604	6	3	3	-6.7535997479516
chr10	47663	38982383	0.498877371705946	2450	0.103675978118992	0.938148023151426	75735	0.351781299667009	6	3	3	-6.74480944964616
chr10	39967657	42279703	0.416795261093823	53	0.133114266092878	0.941732906725561	436	0.357034701302546	6	4	2	-6.76851819116937
chr10	42279904	46268654	0.498795883302472	256	0.0932576391235697	0.933930523183396	8684	0.327572205410252	6	3	3	-6.73655122052616
chr10	46268884	47284470	0.335703845391826	113	0.111942786373156	0.949554956226653	1412	0.293522897109891	7	5	2	-6.81404280046697
chr10	47300628	63490783	-0.00102759336645732	675	0.105283090180335	0.928634483421308	20580	0.331105566863696	6	6	0	-7.83344147394044
chr10	63513635	64687272	0.183332301067652	46	0.12933842063803	2.53271509225512	1944	1.84513522244897	20	17	3	-6.73522553592312
chr10	64822258	70324158	0.498824934013847	449	0.0908735200119226	0.950281583286603	13684	0.348054712013117	6	3	3	-6.73380228632556
chr10	70356653	70658203	0.168537842031107	29	0.101691095075891	2.06629298639239	1988	0.874149738293097	17	15	2	-6.73341259305985
chr10	70677197	72021828	0.149897853414149	349	0.072316599939085	3.36348102475063	12286	1.82007156112747	20	18	2	-6.75689919322959
chr10	72023667	73299742	0.49878933809603	226	0.0959992991001945	0.98973879924092	5048	0.431233494257109	6	3	3	-6.74169276931853
chr10	73304143	73407352	0.155404131842262	79	0.0772982900265306	2.72468833970247	1379	0.914545123542977	19	17	2	-6.73482779224965
chr10	73412098	74029508	0.0985047346775348	157	0.0739788841915208	4.93326094268996	13649	2.11066080820022	20	19	1	-6.77419910337704
chr10	74046519	75080894	0.412938832481686	97	0.101804004893575	1.16011354216636	3322	0.492946017600435	8	5	3	-6.73575657910612
chr10	75083476	75422261	0.191122580480891	79	0.0936475780452559	2.44256539120595	3099	1.31965336472096	20	17	3	-6.73305270756937
chr10	75467674	78440183	0.303043589227935	131	0.103509316614275	1.55211500998419	5913	0.67576755231836	12	9	3	-6.74024962439764
chr10	78474359	105782939	0.498887741975196	1878	0.0995643822705116	0.93554663757786	71025	0.332785637275618	6	3	3	-6.74987108473825
chr10	105799506	107659858	0.0928834450991148	169	0.0887438979920624	4.76584057342624	5591	3.45055394270241	20	19	1	-6.7802607948394
chr10	107825289	110194664	0.499004372033763	66	0.0923826036358873	1.0125505661402	1745	1.1040309221608	6	3	3	-6.73855702754055
chr10	110215282	110330296	0.118994892818655	17	0.0506307277079373	4.27259478362329	764	1.73658559541835	17	16	1	-6.74393299360541
chr10	110360058	118727141	0.498807800673112	342	0.107831393608805	0.900261655928539	15315	0.325387476394536	6	3	3	-6.84531568482199
chr10	118784130	118867492	0.104511239856878	22	0.0701451185923701	4.22422951970777	407	3.29979818385352	20	19	1	-6.73475434022608
chr10	118891750	121642004	0.00307828651047656	182	0.0992282057186926	0.866967565258762	6293	0.337951558451614	6	6	0	-7.97097911213013
chr10	121752388	122012131	0.116301875245739	85	0.0774413612081445	4.23212965530251	2578	2.14679280579528	18	17	1	-6.74772285293159
chr10	122014491	125300195	0.436113822104765	183	0.0945911380436087	0.833568800390136	7658	0.293204396346386	5	3	2	-6.73341387751423
chr10	125316454	125379799	0.0511749012509491	15	0.0513801888817452	6.95591433468287	260	4.91739042221216	20	20	0	-6.74694864447063
chr10	125433620	126117985	0.496205670385595	87	0.101396279813466	0.829913060530838	2114	0.271112488139854	6	3	3	-6.82748992745824
chr10	126149837	126238235	0.125145552690382	14	0.0676927447538338	4.09362685917385	236	2.86743691977887	16	15	1	-6.7361908912895
chr10	126267871	127361459	0.334637300498226	68	0.120724120263289	1.4194686036607	2316	0.606619032578874	10	7	3	-6.73643038468826
chr10	127362049	133689420	0.437933138167399	428	0.0999134626056429	0.837796516347335	11435	0.274941245859212	5	3	2	-6.73384370455537
chr11	197337	50297158	0.498906726831106	3013	0.0936270923865194	0.942637244951808	117481	0.306736597491903	6	3	3	-6.73619952373534
chr11	54636035	67693058	0.498906356129708	1358	0.0931530679080828	1.0074126837793	74206	0.362340302332059	6	3	3	-6.96350255964037
chr11	67704456	67780205	0.210235202547874	24	0.103386428621886	1.94091691970591	365	0.807669162022577	13	11	2	-6.73442364817213
chr11	67786210	68386225	0.498941086973523	60	0.0909109951521158	0.956729591111083	2517	0.370447765531556	6	3	3	-6.73347203246892
chr11	68389697	68453603	0.296548519761459	21	0.113661297178021	1.73971969215681	938	0.625026560283786	12	9	3	-6.73378331917105
chr11	68603302	69528581	0.498964746842938	87	0.0917423623698144	0.953623845683982	3101	0.331159746325574	6	3	3	-6.73346996829186
chr11	69533373	70067602	0.221929086319473	63	0.0942206803750804	2.04745699215514	2246	0.88001451667359	17	14	3	-6.73420004660696
chr11	70078370	70708981	0.498905501966326	47	0.120367168775995	1.04814986606503	2857	0.423343346748044	6	3	3	-6.75538969765555
chr11	70752366	71328917	0.174000798244376	74	0.0964289182914451	2.50993591609331	2645	1.00340281048929	17	15	2	-6.74282381176832
chr11	71342885	73337710	0.498776872479723	174	0.112299291279475	1.02502510450672	9036	0.418142021303545	6	3	3	-6.77733393946895
chr11	73342156	74128168	0.287792738051375	157	0.104543522190571	1.70825164128495	5595	1.15899525927579	12	9	3	-6.73753654126853
chr11	74131094	75449138	0.337754617742612	156	0.103868906967263	1.30484214217883	5895	0.504051271152747	10	7	3	-6.74444677723675
chr11	75455465	76283826	0.197958209204966	123	0.0914438764506252	2.28532741336064	3593	0.891769234576225	19	16	3	-6.73403000335425
chr11	76286921	77399667	0.0934164693130955	340	0.0616718465589497	4.84043901295021	13959	2.24640719604395	20	19	1	-6.80539498406351
chr11	77404519	77700136	0.180615687836771	66	0.117618649116739	2.56454451297662	2099	1.12234998653572	20	17	3	-6.73784633279097
chr11	77701806	78053731	0.0890833762329945	156	0.0581845726940263	4.4434761400022	4333	2.30102133418125	13	13	0	-6.77255958234753
chr11	78054315	80773410	0.113481938104818	394	0.0779513817888163	3.99902375731997	11298	2.03347032222165	20	19	1	-6.83392058290513
chr11	80842369	83772244	0.49863821839239	105	0.115577751607594	1.23762987324417	3801	0.554618409999969	8	4	4	-6.75443285937832
chr11	83772633	84410778	0.131759318613525	50	0.0879773254646808	3.11614721368582	1461	1.65994201165937	20	18	2	-6.75789996273662
chr11	84506435	86465418	0.442486549158733	78	0.121415508102242	1.36082284035848	4298	0.559104485326538	10	6	4	-6.75280093535254
chr11	86487293	87518027	0.203435212727806	95	0.100476521968892	2.25829682943221	2862	0.97326830730967	18	15	3	-6.7351859978741
chr11	87561123	89112374	0.498907078201359	38	0.0935282987884052	0.840910934343355	938	0.288304967934568	6	3	3	-6.88337194264527
chr11	89156244	89440469	0.180177106081006	14	0.0735123896263169	2.70062503554071	742	0.778364383118505	20	17	3	-6.74804974987316
chr11	89467029	90728499	0.415743253774953	69	0.0707846595717641	1.00551517089037	1833	0.388572434816014	8	5	3	-6.84983241824351
chr11	90848566	91171215	0.141052471841931	16	0.112934125341575	2.41803257181435	340	1.22513617277966	20	18	2	-6.73466453047167
chr11	91186838	108952283	0.498819087805845	644	0.109892866783318	0.815975652474103	23597	0.283283410373612	5	3	2	-7.01007011555324
chr11	109009141	115249998	0.498791728193269	238	0.108229191704913	1.07958311749374	12436	0.991454014489621	8	4	4	-6.75470417455166
chr11	115250180	115606316	0.0639139661211428	39	0.0762219572999072	5.76872499258827	1411	4.2715846340445	19	19	0	-6.74306033437799
chr11	115633047	118868347	0.498760725498059	213	0.103654950206329	0.873205097913439	11635	0.34844294788859	6	3	3	-6.83279826176961
chr11	118899120	119037387	0.10132908463206	54	0.0751071259161356	3.46013696582672	3536	1.76569890495143	20	19	1	-6.73620119145221
chr11	119040640	122099561	0.463781484595144	237	0.101488760272769	1.19348684731708	11096	0.508199311294836	9	5	4	-6.76539592447218
chr11	122134981	123809841	0.235393537950862	165	0.103774945531325	1.87115858826825	6979	0.794920331353038	15	12	3	-6.73971779575041
chr11	123820485	124377465	0.465379741475632	82	0.0822345052350266	0.859998818761674	1569	0.208507454033364	5	3	2	-6.82167271901601
chr11	124380380	125040814	0.231149277779583	66	0.0987637948819666	1.68462958197319	3905	0.613036494166951	12	10	2	-6.73680404769951
chr11	125063681	125531558	0.0638784372886923	115	0.0547976333930283	7.01960550058365	5291	4.37996342126092	19	19	0	-6.75168705218501
chr11	125547570	125778426	0.499117673196097	29	0.0786075241763971	0.978181715257528	1042	0.32969986714727	6	3	3	-6.73456970338369
chr11	125789528	126464232	0.232895231530685	88	0.0991187475874367	1.96357112272064	4854	0.814101768647216	16	13	3	-6.73394596850205
chr11	126464307	130240374	0.498697621054561	124	0.117901084039223	0.851989622986127	5164	0.342524286860608	5	3	2	-6.91174689049477
chr11	130249833	130719150	0.237928354496202	43	0.111070508269788	1.8776937393798	1984	0.697723114106393	15	12	3	-6.73592659553058
chr11	130801234	135008775	0.499010311226938	153	0.0958326275381198	0.939932403730005	4917	0.406988892016018	6	3	3	-6.73363928985846
chr12	12233	34276724	0.49887329325696	2131	0.107517804639649	0.936174404401018	83552	0.32795258595529	6	3	3	-6.7521099185746
chr12	37555474	133219447	0.498921670290316	6051	0.0965595475952305	0.947382098799424	253326	0.328513402602019	6	3	3	-6.73504671483482
chr13	18177561	114354020	0.498888951879145	3724	0.0998831062121829	0.938714567780143	129662	0.345797243385681	6	3	3	-6.75857051670171
chr14	16047857	16101919	0.190757519030329	4	0.0396358423652128	0.918445942816238	29	0.401344038134133	4	4	0	-6.77176300631262
chr14	18314450	19884248	0.316293061388804	109	0.123992827223409	0.939302224208898	1927	0.291016140148472	6	5	1	-6.82022090429037
chr14	19889613	106874951	0.498919811697047	5518	0.0985201674360545	0.937323988726729	205033	0.32603883445682	6	3	3	-6.77056256579872
chr15	19848847	101980754	0.498896226195454	4938	0.105942641172285	0.903600540745624	211299	0.321750006278358	6	3	3	-7.58210005037405
chr16	11641	36112118	0.498908819361199	3945	0.101506498740166	0.960915231332603	140963	0.323591480226139	6	3	3	-6.78621183650592
chr16	46386441	90175110	0.498903712043347	3349	0.10379094779049	0.948119804831614	128380	0.328639241458686	6	3	3	-6.73485591824355
chr17	137603	24421438	0.498893045732152	3113	0.101542040430813	0.950877571791243	106846	0.31920116067651	6	3	3	-6.73757271505471
chr17	25389878	83135637	0.498918672061388	5219	0.100894491442006	0.95245307301068	247536	0.324991295526455	6	3	3	-6.75028998023906
chr18	47898	15341512	0.49885236372264	1101	0.101224426808013	0.928231437746609	30726	0.34339978470553	6	3	3	-6.75965037724151
chr18	20954676	80195329	0.498875487810543	2296	0.102669491814596	0.930083697460681	79824	0.342277657952003	6	3	3	-6.81474787240651
chr19	263280	24394098	0.498917272642404	4878	0.0970127712091831	0.966896842733257	185014	0.320220641063603	6	3	3	-6.80251453697871
chr19	27392054	58574974	0.498918903047547	5278	0.0947859685407618	0.94966966916433	203810	0.307440688285699	6	3	3	-6.73680469350127
chr20	87623	26168423	0.498883403270771	1601	0.0997825709622307	0.933037571942454	50898	0.329925925159332	6	3	3	-6.75860134414302
chr20	28559278	31244855	0.324290971977419	620	0.125280806941194	0.957119770883011	3149	0.377816223475864	6	5	1	-6.85008487681392
chr20	31274572	64327735	0.498896194604463	2852	0.0961433905206657	1.031833065137	116474	0.366802064833854	7	4	3	-6.96646570036864
chr21	5142460	10739746	0.402883330824283	766	0.125935727221909	0.934227055904901	4826	0.342039064674957	6	4	2	-6.75009485674996
chr21	13000603	46658699	0.498890370916084	1822	0.103350921851811	0.938981966918103	64401	0.332821204167983	6	3	3	-6.74200619058709
chr22	10684424	12705630	0.458922435421058	761	0.12719958184938	0.950343999153217	3275	0.330945866146298	6	3	3	-6.7952398580598
chr22	15326118	16531852	0.391403788075351	107	0.135971453952276	0.921572398506987	986	0.358388247535578	6	4	2	-6.7383380374858
chr22	16533681	50808384	0.498912860960426	3965	0.0996176902365323	0.953193285926111	144830	0.326960531143892	6	3	3	-6.74546879672771
chrX	292909	58042596	0.498880643378084	2748	0.103710846722112	0.940473929328274	111900	0.341398844003564	6	3	3	-6.74177947668209
chrX	62780088	155985886	0.498873992759989	2182	0.103971517351375	0.935275139853496	134600	0.319195981180685	6	3	3	-6.79820682125678
chrY	10785299	56887043	0.496080528805021	270	0.130296932835427	0.974695931284849	1085	0.308051805434683	6	3	3	-6.9904711355971
