chromosome	start.pos	end.pos	Bf	N.BAF	sd.BAF	depth.ratio	N.ratio	sd.ratio	CNt	A	B	LPP
chr1	202259	2167940	0.00232830477783713	419	0.090171375042462	0.662319389751393	12316	0.230251286915624	3	3	0	-6.94205615909214
chr1	2181022	2225560	0.0962939847399681	32	0.0614039293557227	5.44399212780221	2156	2.36862021590852	20	18	2	-6.73566620361756
chr1	2303464	9264611	0.00165561320961055	622	0.00690465832310047	0.668376646268927	19768	0.242688886088442	3	3	0	-7.49367529174628
chr1	9267890	9498108	0.0630326694127249	30	0.120488183233256	2.25726876288045	816	3.79477359199543	16	15	1	-6.73421134009499
chr1	9505926	9846554	0.0875899773493281	191	0.0661833267242664	5.73426139862293	11459	3.39427370429592	12	11	1	-6.74892972448344
chr1	9860353	13198460	-0.000250940717061332	367	0.0695912815797409	0.63342952543268	14797	0.248597421690281	3	3	0	-6.82590987766521
chr1	13224919	13245431	0.000222982744780553	35	0.164382102524125	0.467063220948745	150	0.200309279880549	2	2	0	-6.74036541122403
chr1	13306781	16497499	0.000919479871366369	419	0.0598983353404812	0.648206061588216	11546	0.256662867459379	3	3	0	-6.90074645782872
chr1	16507735	16864524	0.498467838976495	145	0.183119867364944	0.734922113429466	1840	0.30762392953037	4	2	2	-6.74941630973195
chr1	16871068	21978338	0.000952127266984737	559	0.0220896627370909	0.662479885947132	19979	0.231410121990956	3	3	0	-7.24630591390322
chr1	21978560	22008798	0.497882684037644	13	0.165953229432194	0.593250594993901	283	0.215543177900004	4	2	2	-6.76789924691637
chr1	22009091	47049660	0.00129153495913215	1668	0.0250298337753642	0.640700436159996	94293	0.244152297821324	3	3	0	-7.65471571313997
chr1	47049924	47106324	0.0211967597206654	9	0.150022035418505	0.510876402109689	148	0.180352167572851	3	3	0	-6.77185460118555
chr1	47106374	75674661	-7.75757891496309e-05	969	0.022679076394386	0.611478233383418	43336	0.254268566856137	3	3	0	-6.82414908561808
chr1	75677730	76043108	0.498831613588659	34	0.127375443336078	1.04245473566352	1252	0.440741940629188	6	3	3	-6.75543784466035
chr1	76119100	92126332	0.00075100046961879	474	0.0162355654428485	0.608759537922115	19700	0.264857683317534	3	3	0	-6.76188521974273
chr1	92155434	92265637	0.261004893963075	15	0.100755621372186	1.04235673623442	651	0.490605418824328	4	3	1	-6.75931626935746
chr1	92309210	99765460	0.000730646554837344	231	0.0108666177068915	0.62066941518623	9155	0.266956453393595	3	3	0	-6.80578355022074
chr1	99791535	100067831	0.474954127129173	44	0.112184693212223	1.02190939335743	1329	0.471928805823033	6	3	3	-6.78200049429359
chr1	100078406	109281739	0.0109329648863173	260	0.048642632102464	0.76425780199825	11548	1.03375534215066	4	4	0	-6.77409109171247
chr1	109286714	109380964	0.116962434110109	31	0.0860257900814621	4.69116480735507	2311	2.4391324396354	17	15	2	-6.73405087193089
chr1	109415413	112969174	0.00209504521695197	255	0.0273611689246281	0.650368206184742	10810	0.217325427092811	3	3	0	-7.0146363368331
chr1	112971570	113274309	0.0637167059958622	89	0.0711838047969679	4.85013298794052	4414	3.22592003741814	16	15	1	-6.73621811740955
chr1	113521718	114430738	-0.00286479509140236	15	0.000774596669241483	0.616443500962576	2952	0.2170502555834	3	3	0	-10.6951055387687
chr1	114472714	114709988	0.093175239029036	28	0.0981608387522757	3.95595317024326	3579	3.21098062671278	20	18	2	-6.73593044384343
chr1	114714048	120117168	0.000266543356182647	230	0.00479494267151205	0.731829759723497	10113	1.00542091950077	4	4	0	-6.76036827648765
chr1	120138981	124514275	0.11438177599112	25	0.133470346269624	0.648390790134648	1308	0.306765676113682	3	3	0	-7.30637229736098
chr1	125094663	143214859	0.498020198672586	12	0.155127000756272	0.736022788455007	428	0.271615982200723	4	2	2	-7.61893156706157
chr1	143217249	248441580	0.498938911362602	7150	0.0905528416351536	0.822780214708204	294947	0.332560863831088	4	2	2	-7.14492117852814
chr1	248441944	248945585	0.498652003160013	71	0.133089898665378	0.805647365065396	1728	0.260200196803156	4	2	2	-6.73329549461548
chr2	107543	89760314	0.498919320979958	4208	0.091573571450079	0.849185680780915	190248	0.363558873512035	4	2	2	-7.9063725841097
chr2	89843654	91974034	0.263649767028849	78	0.13821438522714	0.756562466588453	1885	0.27088214638661	4	3	1	-6.7931988676925
chr2	94190317	95939037	0.484765624314695	47	0.137501179878884	0.815636125694649	3898	0.287487948833805	4	2	2	-6.74500714084267
chr2	95939051	95954051	0.110868373291639	54	0.122335873878989	0.594156068009689	189	0.206626370525425	7	6	1	-6.92485735017197
chr2	95957191	97158234	0.499157090938419	82	0.0805610894277143	0.86838795293717	8353	0.314140213896095	4	2	2	-6.78151279352358
chr2	97159938	97164367	0.184514727471498	17	0.155639714045726	0.608960805525243	48	0.15774520342035	5	4	1	-6.76515035720093
chr2	97167478	112286363	0.498871860761549	800	0.0908105200355328	0.862703029360294	31690	0.375565964110263	4	2	2	-7.07630643121821
chr2	112289278	112331690	0.497680244620621	9	0.154316233753938	0.742592983813744	249	0.286989223241968	4	2	2	-6.73489041457718
chr2	112332470	132259536	0.498878373251206	871	0.10228829436177	0.846336681353065	35950	0.353869137675952	4	2	2	-7.01885310754103
chr2	132262425	132262729	0.00248889564742782	9	0.0303333333333333	0.902864515285427	15	0.332850502692811	5	5	0	-6.73708375741987
chr2	132263168	242063016	0.498929159813948	4866	0.0909681087248703	0.846778131163015	241927	0.355785592949475	4	2	2	-8.05737713350413
chr3	13132	75655540	0.498916750209131	2963	0.0886516048009869	0.815798339647674	188887	0.329010739337568	4	2	2	-6.88514089824754
chr3	75664574	75773930	0.100666165710737	84	0.107498172741945	0.573506723791223	518	0.236574350127801	3	3	0	-7.22023812702227
chr3	76077291	90613961	0.498838515870967	225	0.0949814094174257	0.810298263365543	9273	0.381602661869571	4	2	2	-6.74249438511478
chr3	91357428	129997610	0.49890923155746	1541	0.0911047618800645	0.801600989851907	71950	0.3222094645031	4	2	2	-6.73378339881504
chr3	130083201	130154687	0.107729547760665	27	0.114315016847845	0.796436131104048	150	0.332536240073121	7	6	1	-6.91021668789005
chr3	130439621	195573929	0.498915609693153	3097	0.093405381203442	0.800079489307103	115359	0.342392471718504	4	2	2	-6.73312030114898
chr3	195579123	196210807	0.498677100612857	259	0.138182280924024	0.754862415442487	4351	0.295305575773595	4	2	2	-6.74784399024668
chr3	196226029	198150648	0.498830146228048	234	0.0804601523811556	0.773969939639666	8629	0.350111355095552	4	2	2	-6.74361542810901
chr4	54908	49107484	0.498914352818123	2069	0.0939055140797501	0.798454668851314	87882	0.328275747960989	4	2	2	-6.73443575026113
chr4	49108363	49570623	0.12323341612617	71	0.136304830585883	1.12078311002126	410	0.773535518363081	7	6	1	-6.76834455656303
chr4	49598734	49629248	0.118342368691717	15	0.158293127727373	0.419706708750435	42	0.402235535785376	7	6	1	-6.90733896149482
chr4	51838641	189799792	0.498917584229387	3868	0.0913634171326204	0.770386948145189	190869	0.328753812425284	4	2	2	-7.67411030198705
chr4	189807476	190179547	0.347960009495102	22	0.137096649638098	0.610543245739026	431	0.344633718308236	3	2	1	-6.74040420205426
chr5	44922	728999	0.00351641491943083	123	0.0576862154552707	0.345673521236911	2151	0.119565174127643	2	2	0	-7.29387858450818
chr5	732858	3910829	0.49873080117141	161	0.137524633592388	0.861435478821073	6598	0.462886061111826	4	2	2	-6.78105721563453
chr5	3925663	5927683	-0.00154561878519122	59	0	0.36352910993034	1221	0.142667883160651	1	1	0	-Inf
chr5	5967631	8704909	0.276883948494538	164	0.110663371152332	1.35952573961535	4796	0.752308188390809	7	5	2	-6.73939011687074
chr5	9042861	12568848	-0.000798006165352083	76	0.00137649440322337	0.381776388265095	2217	0.159847466227754	2	2	0	-7.10500480203188
chr5	12766422	14673587	0.499067861102165	113	0.0825931904806929	0.75359125803392	3870	0.277376143062839	4	2	2	-6.78623256039698
chr5	14762011	16920835	0.00342950504317652	59	0.115351958048397	0.393878611675466	1842	0.190037156631008	2	2	0	-6.74237861032794
chr5	16944752	17061633	0.49872449638443	28	0.127226431274381	0.968396182218271	464	0.616479644646248	4	2	2	-6.73979728048044
chr5	17153141	24608539	0.0118419706902346	106	0.149759121356497	0.392710899547629	3043	0.274897109575059	2	2	0	-6.75732162819642
chr5	25154211	32090651	0.33083986202756	279	0.125248562129738	1.04445458365935	8042	0.638735904407592	6	4	2	-6.92441564589686
chr5	32112959	33448686	0.237619673174256	123	0.125842244199487	1.59184119180631	5223	1.03407569202905	8	6	2	-6.73885296615168
chr5	33451624	34182220	0.00654585574693034	24	0.0199368568452895	0.406744643064971	1082	0.181470767806682	2	2	0	-6.8006227455068
chr5	34196971	35643513	0.498678778509876	64	0.103323327808605	0.825674660882078	2780	0.442133981587556	4	2	2	-6.73747971273165
chr5	35667166	36257032	0.00248573826275877	51	0.00196039211763921	0.359083494827106	1492	0.105407045555123	2	2	0	-7.9208343166538
chr5	36267246	40934369	0.498722649996796	255	0.114975702100447	0.872318969693293	10400	0.449438302268984	4	2	2	-6.83455335518624
chr5	40964750	46008930	0.00306198927705625	118	0.0670528520128677	0.413006736076552	4153	0.368603081490692	2	2	0	-6.75662293521212
chr5	49599644	49661822	0.00386354888539964	28	0.111572472710193	0.0372083833400248	74	0.0370485437580831	1	1	0	-16.5802323553733
chr5	50387241	181285564	0.49892403643247	5329	0.0909503146919145	0.762263368334796	238454	0.315294823283609	4	2	2	-8.18363590069763
chr6	231351	29927924	0.498901513364091	1605	0.0953597672739073	0.835816438915672	65594	0.367676517071749	4	2	2	-6.97297644826894
chr6	29928136	29928343	0.13543188860061	9	0.0799720437264034	0.172918105319302	14	0.0722951824577088	7	6	1	-6.84040323054051
chr6	29928491	29967181	0.498526650922645	70	0.131917221833046	0.796594446997481	358	0.273592883848171	4	2	2	-6.73311094833022
chr6	29971767	30925818	0.462470787858189	120	0.104531113939882	0.824412172170241	8061	0.2898085497757	4	2	2	-6.81543058294564
chr6	30986579	30987434	0.498399572741653	25	0.134968971742891	0.485960855831604	92	0.071288780194064	2	1	1	-6.73692617077985
chr6	30987582	32460012	0.498883182381668	543	0.0857284105767314	0.818526791057886	17739	0.259100398513671	4	2	2	-6.73986001118405
chr6	32467354	32553523	0.3301599249299	37	0.153451193441983	0.466145590825844	98	0.313854465811908	3	2	1	-6.7666172205932
chr6	32554793	32584162	0.0796888159797265	17	0.140504683823959	0.1109659418229	37	0.0509252086581575	1	1	0	-8.66122511683616
chr6	32589701	33092219	0.149313893175537	66	0.147798565117581	0.892601217750997	2356	0.289679453316344	5	4	1	-6.84902114090264
chr6	33092287	60772935	0.49891049915967	1631	0.0887460501467392	0.808735966276412	80207	0.311343026953119	4	2	2	-6.75227657433369
chr6	61531726	170640200	0.498922858283917	4273	0.0912112508005268	0.797504498144124	173692	0.338981706598989	4	2	2	-6.73966998379601
chr7	50354	38028121	0.49890488917578	2174	0.0918533505774488	0.820879357276888	81225	0.347190905046078	4	2	2	-6.85353214317795
chr7	38072141	38245233	0.121882543572434	19	0.170847663070374	0.813775613980816	276	0.469348857110166	6	5	1	-6.8443604309235
chr7	38245320	56001903	0.498901604779324	838	0.0867077143364666	0.832759232523956	34714	0.318826517870257	4	2	2	-6.89521457779398
chr7	56015334	58091527	0.49878262933524	196	0.122215160892857	0.722452456282634	4178	0.309748452862719	4	2	2	-6.86580334117512
chr7	60981623	65771802	0.498778251341555	285	0.117685233182489	0.718671047802523	7392	0.326807782932208	4	2	2	-7.02887667266974
chr7	65780836	65815474	0.12448300660207	63	0.128049117720112	0.632031353848328	211	0.353617377408203	7	6	1	-6.84874789383453
chr7	65819913	100952148	0.498897095513353	2014	0.0988142344961692	0.788258991173716	91332	0.332125749942684	4	2	2	-6.77610758443391
chr7	100952233	100960708	0.115284549019623	84	0.147395255359025	0.548713310931802	642	0.140385618630071	6	5	1	-6.95914031959449
chr7	100960725	101004395	0.498612593321844	77	0.154924166177817	0.658440427454392	1057	0.155468467779517	4	2	2	-6.77402147571775
chr7	101004538	142257833	0.49891640881443	2144	0.0898204346293925	0.77830580338159	91299	0.325115179852568	4	2	2	-6.908382621897
chr7	142308485	142353392	0.498124236140215	16	0.190381678040019	0.765143011472405	390	0.154858461852865	4	2	2	-6.73534405746378
chr7	142375389	142716002	0.496522262121633	65	0.121820600285199	0.83640990543015	1395	0.239019184319025	4	2	2	-6.74051086704196
chr7	142721177	142759539	0.0449750579676248	15	0.0462830834055361	0.926386839865697	247	0.18435749328315	5	5	0	-7.25598698800802
chr7	142759592	142763495	0.499594341926107	9	0.0380091363285782	0.853967098964917	126	0.180824982822337	4	2	2	-6.73340074603945
chr7	142770190	142774599	0.0622245411860759	38	0.131417312243577	0.721262525698634	196	0.172229224606271	4	4	0	-6.86557805526194
chr7	142779021	152401832	0.498906221053364	728	0.0852788335869814	0.814579833602886	30008	0.299398730615735	4	2	2	-6.75344577891101
chr7	152403170	152416418	0.0633937306341115	70	0.134024613789592	0.293324091278703	184	0.343008018611156	2	2	0	-6.87085553231353
chr7	152429815	159138060	0.498848071449475	467	0.103672437267227	0.801471122711727	13045	0.380377434358415	4	2	2	-6.7331721216386
chr8	311290	43317266	0.498900261512152	2291	0.09645778886437	0.833580584012362	91394	0.355400538611666	4	2	2	-7.05597164808678
chr8	46032385	144891499	0.498925036657644	3290	0.0948996282844436	0.83580400146192	163426	0.354407204976386	4	2	2	-7.51566161014149
chr9	10404	39149602	0.498876294222474	1473	0.0964090414390707	0.72897254830753	66555	0.297821621159171	4	2	2	-8.4415352244613
chr9	39540042	41280962	0.265252134092602	163	0.142650517128796	0.551847050396883	993	0.264115776428344	3	2	1	-6.97034008290078
chr9	41285977	43134137	0.498607683340992	154	0.139984782328624	0.705594824713049	1699	0.331254582331543	4	2	2	-6.88899925175633
chr9	61221196	68333969	0.498529634916187	157	0.158021234130293	0.566233443804169	2281	0.274294774248518	3	2	1	-7.51226411561107
chr9	68384399	136392392	0.0008923287401226	2539	0.0324283501006235	0.410066653545863	110885	0.1518855576073	2	2	0	-7.64792241659217
chr9	136497184	138220927	0.432952299306471	344	0.0845086332804049	0.790391454197604	16952	0.239122735816727	4	2	2	-7.09151364352589
chr10	47663	38982252	0.330961195134447	1640	0.108210828552635	0.596390937419182	60945	0.255230228444243	3	2	1	-6.74753244074944
chr10	41860304	42280294	0.498067729651196	15	0.169355866517253	0.492236236358433	119	0.221371297250256	2	1	1	-6.94617420515888
chr10	42280324	133787136	0.340450796941142	3721	0.108247173534625	0.602641918031674	165725	0.233249292552801	3	2	1	-6.75273290324218
chr11	192997	792692	0.000909591161047607	72	0.0663110232139952	0.417981807019803	5228	0.130171446410763	2	2	0	-6.77342916364568
chr11	840363	1017240	0.449779061940481	57	0.0917609608430355	0.720648095718598	1515	0.23993843811186	4	2	2	-6.9277273703713
chr11	1017302	1018355	0.191158198327499	15	0.0784687987734767	0.497752382401008	87	0.0874237866429787	5	4	1	-6.78063586882736
chr11	1021410	23052096	0.49890176599411	1622	0.0914597574697114	0.766920770859225	68600	0.302248766546843	4	2	2	-6.98368637047563
chr11	23052514	28994192	0.331767681906022	213	0.120632637339994	1.1822505751715	6990	0.680167341797278	6	4	2	-6.73490403408938
chr11	29058236	29494400	0.105482195740244	14	0.13525043925504	2.41050006084533	433	1.69032558849666	10	9	1	-6.73719662292435
chr11	29643964	32104309	0.449619453923825	73	0.105263693672032	0.797125534258342	2877	0.518889509922324	4	2	2	-6.86749850310048
chr11	32195419	32830640	0.000486618175524089	32	0.0261613325841908	0.375002703769801	739	0.173794384288557	2	2	0	-6.78576219567728
chr11	32916026	39273502	0.498740328544252	313	0.116157244226324	1.09236376666599	13783	0.650024958050832	6	3	3	-6.81223667398542
chr11	39285298	50512765	0.498886231130402	607	0.0975804807767966	0.787139477438581	28417	0.343400888070132	4	2	2	-6.74857571306508
chr11	54592419	56700679	0.498894795330425	107	0.0818393502252005	0.723900497002665	4602	0.238784853394984	4	2	2	-6.94811273096363
chr11	56700722	56701244	0.109988222617204	18	0.186100226001064	0.537630028064774	47	0.0765707486966576	8	7	1	-6.79983432885767
chr11	57236870	135064821	0.498928163062635	3879	0.090648299754788	0.818671734558229	231328	0.305631642534739	4	2	2	-6.98237090626139
chr12	12728	25701641	0.498913413438381	1863	0.0924808740426262	0.814010166273141	73961	0.319912149041506	4	2	2	-6.77678530744991
chr12	25803274	25804395	0.135068636369609	17	0.12114390446174	0.548197912981361	46	0.106342707778129	7	6	1	-6.78737190758759
chr12	25846106	34276724	0.498866699119278	511	0.0951956676608711	0.805645493644593	18408	0.361976559049796	4	2	2	-6.73487949521822
chr12	37540858	40048309	-0.00116974933398284	41	0	0.382860144558734	1736	0.180251527934035	1	1	0	-Inf
chr12	40203743	40406173	0.49915469792789	28	0.0848606701206945	0.718461190523876	810	0.27099556280256	4	2	2	-6.75223672581641
chr12	40415030	42286887	0.00275131831158082	80	0.0073887422920432	0.385591138848313	2462	0.130258831732645	2	2	0	-6.90416272626951
chr12	42468629	42872556	0.406455262608168	13	0.0874871419123976	0.759676711438519	482	0.273524440287861	5	3	2	-6.97200146905748
chr12	43034112	44224537	0.00393142794838752	32	0.0162289255403292	0.400361092620802	1268	0.15326566538083	2	2	0	-6.76804736609215
chr12	44376518	45116881	0.34401333179717	15	0.0914695890134296	1.00351144194215	1037	0.493606814380473	6	4	2	-6.79910918793054
chr12	45173717	52749121	0.0037493179131709	505	0.0265432495880889	0.645026185630773	25452	4.59800117594172	3	3	0	-6.7460945023309
chr12	52790775	53724094	0.498848414983316	177	0.0932499987951492	0.818613273647348	9641	0.345968616957295	4	2	2	-6.73553742734155
chr12	53945268	54281329	0.00154978696950392	16	0.04175	0.427851795541571	844	0.141567460150237	2	2	0	-6.7787399387505
chr12	54334112	54409088	-0.000104448502584731	17	0.188458374246223	0.738753902481616	862	0.301590293972828	4	4	0	-6.73618700227671
chr12	54411969	54584441	0.00108190323440083	16	0	0.358266388923928	788	0.133705862918153	1	1	0	-Inf
chr12	54608281	54976998	0.0218335197880323	140	0.0198597911681246	15.8201922745665	7399	8.93171149801697	20	20	0	-7.38777951805712
chr12	55003290	57078979	0.00218752242410919	158	0.040804474261153	0.455339207579568	10470	0.871629831589468	2	2	0	-6.76203865590415
chr12	57126705	57546966	0.181455383302549	37	0.0694105490853107	0.801679360685892	5904	0.226585248396835	5	4	1	-7.00696321584515
chr12	57574955	57792812	0.0191973898295422	149	0.0142090932580909	15.8413616936038	27364	6.43602907261696	20	20	0	-7.67262637263066
chr12	57809481	57953537	0.499235749028348	12	0.0758137170765931	0.730536007616441	622	0.389617824291442	4	2	2	-6.73781274604179
chr12	57956848	67330675	0.00655836233550994	206	0.065825882741823	1.22484677683143	9156	4.29636736164755	6	6	0	-6.739104359862
chr12	67417250	68003593	0.0293347935631438	10	0.165122479794041	0.513660098921288	288	0.25733126911712	3	3	0	-6.87791434038169
chr12	68228478	68579974	0.000948548732345178	11	0	0.420138243571705	411	0.225135705401292	1	1	0	-Inf
chr12	68623629	69212897	0.0104311555461356	223	0.0139889522465179	25.0982683766145	26413	20.0620367358554	20	20	0	-7.05232530138751
chr12	69213099	69224246	0.062997388770847	9	0.122406880707109	16.3541412162212	327	11.9217354474775	16	15	1	-6.73316481803537
chr12	69229635	69687532	0.0177475569508014	146	0.0144189507511897	18.251477517636	12564	13.5819877221274	20	20	0	-7.53046164301728
chr12	69691684	69700964	0.0305946484814725	9	0.0788835287693896	16.3721788765046	431	7.01306539899217	20	19	1	-6.7693461129231
chr12	69701378	70400406	0.0137374412695431	171	0.0248457781825897	27.1689060021912	18600	17.7115711258729	20	20	0	-6.91596720962452
chr12	70403004	70656500	0.0235789719484852	106	0.0163790922542361	15.6887364913634	8948	10.4503595526407	20	20	0	-7.77590758130886
chr12	70668285	112384863	0.000266199420741298	1158	0.0173216910852441	0.394282080008886	51453	0.160650358825175	2	2	0	-6.9348938899133
chr12	112403438	114681192	0.498806675013793	150	0.119995413036866	0.824828792626631	8399	0.353337447721495	4	2	2	-6.74311830855275
chr12	114723712	116623767	0.498219120275875	44	0.209550666974835	0.615602317650701	1886	0.394980233768338	3	2	1	-7.08796280965429
chr12	116641162	118201507	0.499017227997154	96	0.0861298584808417	0.901869740697982	5538	4.17735936346304	4	2	2	-6.73387500819211
chr12	118239135	118596261	0.0103273148198849	26	0.113925407445128	0.466239107064121	495	0.32446568155308	2	2	0	-6.78520475513673
chr12	118688253	119629927	0.495972708523418	44	0.163948973330841	0.651074028352223	1379	0.359368837267555	4	2	2	-6.9139670146726
chr12	119658422	120459849	-0.00132340384423535	28	0	0.387356998074702	3444	0.135788836843999	1	1	0	-Inf
chr12	120469347	120611132	0.0132789162643736	37	0.107814822895723	0.799515708349264	1216	0.349750043840681	4	4	0	-6.7421181162739
chr12	120617849	124398058	5.87452293547286e-05	308	0.0311763894237001	0.392038133209252	14963	0.154208441727237	2	2	0	-6.77237011041978
chr12	124430885	125136136	0.22373799464389	48	0.0851093476877234	0.846289863222193	3031	0.35620673495132	4	3	1	-6.80005391682404
chr12	125298890	125758569	0.0015984106569531	12	0	0.386301319262957	313	0.14389620865827	1	1	0	-Inf
chr12	125891612	128139740	0.0275322289877981	37	0.162980138438785	0.796841964195401	1527	0.557074193623608	4	4	0	-6.75018104779289
chr12	128223602	133151257	0.000509380405745219	300	0.0535483064715914	0.401677518314916	9692	0.140324638390038	2	2	0	-6.73538450762403
chr13	18178016	18212193	0.098554284013484	16	0.178378203077992	0.21148237137456	29	0.157672713964922	1	1	0	-6.91335597183374
chr13	18545473	85761128	0.498910166671263	3508	0.105281386802744	1.08592331450979	129511	0.548853524519881	6	3	3	-7.84301700672691
chr13	85763047	85778752	0.0850387275494532	10	0.0267132925713024	0.564187980883358	21	0.119112092065375	11	10	1	-7.79293504797645
chr13	85785562	114353804	0.498908789147715	1511	0.102475998179063	1.08674416423475	55883	0.507172892657089	6	3	3	-7.32840384708173
chr14	16047857	16402213	0.498132091630751	5	0.201730017597778	0.384206669737451	29	0.275558791881608	2	1	1	-6.73768262940244
chr14	18330642	19666384	0.379118355994991	66	0.141440705574715	0.699049649909983	1127	0.301027971871307	3	2	1	-6.99424587915883
chr14	19666474	104950766	0.498912339428729	3756	0.0900151967651578	0.74301714364001	197537	0.2953720932537	4	2	2	-8.92343733907408
chr14	104950810	106750650	0.498778974910557	246	0.122560792742637	0.747534319656788	9589	0.217661681226909	4	2	2	-6.83698392368108
chr15	20046303	23440748	0.333252012492999	312	0.128157997843144	0.524780147156275	5734	0.213263424136364	3	2	1	-7.44749788902984
chr15	23443886	101887448	0.330670854162293	3601	0.106910174655821	0.615201273022701	181560	0.235078048927117	3	2	1	-7.21440375330709
chr16	11651	33734713	0.49891376558772	2982	0.0960413633229541	0.823475258439138	149641	0.308773171966432	4	2	2	-6.90245671082493
chr16	33734756	35645048	0.498479774556878	67	0.157930391607811	0.702021118952726	2149	0.264267952170692	4	2	2	-7.00196322722546
chr16	46386441	46401607	0.480562169672968	45	0.126810743418942	0.648432683349064	711	0.171834797554515	4	2	2	-6.76069559773145
chr16	46543225	90175110	0.498921569280402	3627	0.0932394387097343	0.826876372324708	139697	0.338442845427465	4	2	2	-6.9690694306879
chr17	137603	21290809	0.498902653828704	2531	0.0932096892526091	0.73471462910976	105027	0.273683720713316	4	2	2	-7.76797834781122
chr17	21290834	21668695	0.297991695446062	219	0.147091621521063	0.656312215349428	1141	0.2787178505203	3	2	1	-6.79072326128161
chr17	21669050	22580560	0.498575320908882	112	0.150528138229935	0.620522088611936	1092	0.303135299606652	4	2	2	-7.09526263897956
chr17	24421438	27008609	0.257084917244436	18	0.165754691176627	0.625789508176802	211	0.286305457563189	3	2	1	-6.89031006374519
chr17	27077229	83233421	0.498916364577618	4671	0.0925511362989374	0.737596042468976	245898	0.29078979626208	4	2	2	-8.62999034497299
chr18	47974	110425	0.498015266426946	10	0.17656868352004	0.61242409539809	201	0.479847355911361	4	2	2	-6.74472403941538
chr18	117394	15341512	0.498877843099222	981	0.104341142362318	0.814045370142304	32575	0.360974147346645	4	2	2	-6.75360983906005
chr18	20944269	80251092	0.498897243264696	2026	0.0930650587182407	0.810168865085292	86667	0.34455610821609	4	2	2	-6.77856517824519
chr19	107381	4117707	0.00100498086088963	815	0.0472987487936937	0.440541446403451	24532	0.151387935315425	2	2	0	-7.57605709283452
chr19	4154580	13452045	0.452198296289022	1920	0.0938646189553671	0.740218982410825	81479	0.270912576383315	4	2	2	-7.31415240490088
chr19	13505879	17075326	0.000533345174131561	381	0.0474126799341534	0.410362886231115	17010	0.143396985241035	2	2	0	-6.79908058700141
chr19	17091326	19520139	0.498870308045417	348	0.0847559172211092	0.74994247602407	23792	0.268936697496446	4	2	2	-6.81678676141635
chr19	19527409	24122528	0.00237242087282941	345	0.0342030806308099	0.357919369814031	11345	0.131217857353792	2	2	0	-8.26125307129622
chr19	27646333	29923680	0.00608496303576334	39	0.018056628571182	0.404243306090978	1333	0.162653279049593	2	2	0	-6.8058617688982
chr19	30413830	34091674	0.498788020006847	171	0.0885261645082717	0.731113227777339	8889	0.287916309969856	4	2	2	-6.94277274567315
chr19	34092824	35653914	0.399599340251338	225	0.100989778675	1.11047935744089	13468	0.42802472566839	5	3	2	-6.78837965462172
chr19	35730150	43252241	0.498869094617211	730	0.0995031983683014	0.742746430302333	55494	0.25655602922668	4	2	2	-7.09165124123126
chr19	43331459	44031846	0.37147144421119	150	0.10605546837087	1.11275691348726	7145	0.409160950957276	5	3	2	-6.80450805661913
chr19	44056850	50704518	0.498879181643342	1028	0.0910667414048286	0.76754580072304	59664	0.284254805880094	4	2	2	-6.81768740652045
chr19	50705922	52498216	0.374293275203151	332	0.115032480113621	1.20132573794182	16755	0.544795592731857	6	4	2	-6.80815645645204
chr19	52501754	53824186	0.498840849113382	424	0.0960761002725397	0.671485746161691	10417	0.23771136832207	4	2	2	-7.13666233780184
chr19	53831541	54279222	0.373440453707915	224	0.100462313777007	1.07895203819697	6534	0.400786031947575	5	3	2	-6.78424774402029
chr19	54291090	54890252	0.498753581148715	337	0.124155427985042	0.746012337453063	5772	0.218999476605574	4	2	2	-6.76974075054778
chr19	54906373	57254064	0.000517084764972475	320	0.0491486213519705	0.410193320518997	11416	0.143957768366046	2	2	0	-6.77492535098882
chr19	57276077	57353714	0.499072269073315	9	0.100539931260061	0.778894196368492	430	0.329373002434958	4	2	2	-6.73339396603591
chr19	57378656	58571238	0.00231978716433595	162	0.00345195534528632	0.413433492932156	7536	0.137477633701726	2	2	0	-7.0328142386095
chr20	96321	25773465	0.49889455963103	1172	0.0949330171429063	0.829654847758904	54930	0.330784801243799	4	2	2	-6.91148044671718
chr20	25773589	26119344	0.191644092074629	31	0.167175350603677	0.750765978625955	355	0.38799062686843	4	3	1	-6.81086507656212
chr20	28559767	31259408	0.48744832036929	536	0.1558017855154	0.595442050965428	2755	0.326592320876507	3	2	1	-7.27015362305778
chr20	31279225	64327831	0.498918684972445	2392	0.0896487092024174	0.83097438491053	118921	0.326294905477686	4	2	2	-6.98701300783924
chr21	5032028	7232171	0.374087783845259	27	0.155762045488671	0.723831707090143	379	0.369195669160693	3	2	1	-7.09587372371144
chr21	7925985	7955813	0.0356410451962531	18	0.0653351590381163	2.51827166343579	91	1.12999321791216	20	19	1	-6.76487393105586
chr21	8219900	13096316	0.341484656738399	591	0.158591486241998	0.419532834470763	3339	0.924301196819186	3	2	1	-7.14437873222436
chr21	13215988	46002498	0.498886330620529	1782	0.102611670871551	0.748726891588787	60010	0.296528126881559	4	2	2	-7.58832925282478
chr21	46002730	46697396	0.498801807707182	210	0.0898496118272089	0.709083103812937	5520	0.232867914577374	4	2	2	-6.84344680969234
chr22	10613451	10710999	0.03192949748316	23	0.0444285632583542	5.28387947495528	407	5.31988845162313	20	19	1	-6.83084134195783
chr22	10711045	10774725	0.0814985869704543	154	0.0672630937740681	1.61785710464292	638	1.26704922770855	12	11	1	-6.73718030591436
chr22	10774944	11067912	0.0910866420210357	367	0.12345978104417	0.942810774412176	1508	0.581290657549457	7	6	1	-6.91706135279983
chr22	11068023	12630720	0.495379460142471	155	0.18026279354921	0.464256791343764	914	0.614422408831823	2	1	1	-6.7878475487224
chr22	12632251	12801469	0.0599582818956343	11	0.0560825689983487	1.52533799182964	55	1.23742317708693	16	15	1	-6.77047067753293
chr22	15314371	50808038	0.498915644166491	3230	0.0970225078689741	0.834575359997042	156782	0.327563944880365	4	2	2	-7.06486692468485
chrX	256771	57679344	0.498872630594182	2084	0.107146144507033	0.851187275974201	121428	0.378566985347268	4	2	2	-7.53300923175819
chrX	63360469	144505680	0.498860564658383	982	0.101788839808848	0.78230482932987	113724	0.351053901300057	4	2	2	-6.92901530346463
chrX	144519743	156005349	0.375215077440834	376	0.110340048444706	1.03597127163182	32998	0.38063521098173	5	3	2	-6.82108662769588
chrY	11111606	11293652	0.498724013486091	9	0.214461405489296	0.135831504993251	17	0.11197314541495	1	1	0	-10.0165165429045
chrY	11293871	11295743	0.497771681556836	9	0.219542706551596	0.0733396590036983	22	0.0537048209400962	2	1	1	-7.68554370466707
chrY	19413653	56836693	0.0572118919585805	40	0.150238477095583	0.210676340800667	91	0.155721275845389	1	1	0	-8.62541064710816
chrY	56836729	56885732	0.296009032185673	95	0.137763055912926	0.359206832688686	282	0.130575011288934	3	2	1	-7.19982510717423
