chromosome	start.pos	end.pos	Bf	N.BAF	sd.BAF	depth.ratio	N.ratio	sd.ratio	CNt	A	B	LPP
chr1	191870	1842235	0.337927611401275	212	0.108638696316265	0.863576588053217	11032	0.456897714325674	3	2	1	-6.74003416918446
chr1	1891013	2652236	0.00137305396770954	103	0.026109286490504	0.779845342576682	5270	0.413334684455782	3	3	0	-6.74652572625385
chr1	2652246	2654958	0.132692931290326	17	0.146104389554383	2.07382611663475	153	1.07038185312042	15	13	2	-6.73373310135108
chr1	2688156	12938859	-0.000446489542258066	788	0.0517075188715612	0.797530762372296	45278	0.356789492213213	3	3	0	-6.82593742084798
chr1	13006683	13368078	0.419541280713132	67	0.121056963166403	0.83826402500242	805	0.7513114926498	5	3	2	-6.84509742729611
chr1	13375016	16490636	-0.000233142685271637	499	0.0233777957006273	0.789617806380449	14990	0.378615689665061	3	3	0	-6.77109118670524
chr1	16507983	16947843	0.498611053066023	240	0.15683236971263	0.902502071019393	3352	0.421680920213455	4	2	2	-6.79674186505162
chr1	16947856	36406249	-0.000279213092816477	1683	0.054096178380166	0.796747057861657	99274	0.382100068821881	3	3	0	-6.8918902578196
chr1	36406277	42642036	0.00019596265874422	335	0.0301162961703775	0.541167797926878	18278	0.218643130081656	2	2	0	-6.78755376635609
chr1	42644605	121542067	-0.0006127208797439	3164	0.0381185148127543	0.833093261483038	186308	0.41097642464202	3	3	0	-6.73327179881152
chr1	123176999	124741523	0.117996125700518	12	0.176068921594684	2.95364952559135	313	1.6793581620385	10	9	1	-6.74053459372667
chr1	125094663	143564063	0.49483789537444	78	0.164042612922615	2.38307167691312	2419	1.72410691709088	8	4	4	-6.75163559513677
chr1	143747089	227447218	0.0017594064967246	6514	0.0413339601923979	1.24512697803743	362885	0.66100185236544	5	5	0	-7.86878331762185
chr1	227493134	227654280	0.44465700160799	9	0.148472593804753	1.15454388675213	335	0.542649006806826	5	3	2	-6.79804915437098
chr1	227800351	248945575	0.000795683939625091	2102	0.041870780811643	1.26559214375031	92628	0.725922860590289	5	5	0	-6.93554737108482
chr2	92991	38832028	0.498910635705339	2462	0.108194301030117	1.1090989849079	120725	0.563022297646615	4	2	2	-6.73340829654461
chr2	38860304	39157054	0.497765645028717	9	0.212634075350119	1.16413295869795	1957	0.747824871401983	4	2	2	-6.73377978021008
chr2	39157069	90330004	0.498903802807065	2637	0.120781614839987	1.11355049434598	147911	0.593624024160214	4	2	2	-6.73340161344004
chr2	90356413	90398745	0.094040507936435	82	0.133853131434947	3.46600700266877	562	3.46963772079174	11	10	1	-6.73339146021258
chr2	91464585	92006088	0.498565897515463	115	0.144545618579381	1.07235305702855	1680	0.546555342647027	4	2	2	-6.73448042372217
chr2	94190317	95950945	0.485261687329043	112	0.140264408053742	1.06602344651461	5329	0.538508196821408	4	2	2	-6.74597293380971
chr2	95951001	96224687	0.497927036522422	14	0.187044802765964	1.0339866788709	1541	0.657564210025541	4	2	2	-6.73508290554632
chr2	96268766	96664221	0.498830816541124	38	0.0944111042966305	1.0806532386651	3732	0.388059530060224	4	2	2	-6.73436242308584
chr2	96746685	97162102	0.182566913466818	21	0.149170132973825	1.03510492799923	3326	0.446933524046177	5	4	1	-6.84736737576122
chr2	97163117	113939939	0.498878734361074	1012	0.122616054623498	1.10730535626523	51587	0.564729694710547	4	2	2	-6.73351202317931
chr2	113951319	114543914	0.497912201308077	10	0.203543716298107	1.21573737989171	649	0.798887558598609	4	2	2	-6.73757413417447
chr2	114914811	121179545	0.49886009589102	251	0.0963565468844232	1.09192197803522	11995	0.65929822999389	4	2	2	-6.73581867106884
chr2	121180056	121965079	-0.00319841251747544	9	0	1.1495485013277	3791	0.671999501355873	1	1	0	-Inf
chr2	122638202	214956856	0.498922281537991	4253	0.118202694190296	1.1299961164	245139	0.692351628086023	4	2	2	-6.76469516782261
chr2	214968691	242178601	0.00106583289901041	1400	0.0281121667545651	0.52602455535263	64230	0.213251898103426	2	2	0	-7.65754241850741
chr3	10368	75703310	0.325643007959609	3479	0.10554928051664	0.806208425255943	204987	0.367941190567477	3	2	1	-7.08809658514451
chr3	75707520	75772610	0.0713417402486715	31	0.127520160750563	0.782367213353725	439	0.354348930490248	3	3	0	-6.91642907674554
chr3	75855067	90613961	0.334159301516414	234	0.108761154884709	0.858797296671461	10532	0.4205058705241	3	2	1	-6.77729889701935
chr3	91357428	198056766	0.327501069031503	4595	0.105928997854239	0.828526326549261	225610	0.372567209233854	3	2	1	-6.75170621540657
chr4	46210	48956441	0.327723734091857	2280	0.106646751125782	0.851140610002079	102144	0.401070886168324	3	2	1	-6.81314897021009
chr4	48959311	49157695	0.330633092519051	92	0.143836138320841	1.0843684209361	1864	0.534221412832511	3	2	1	-6.76196296737399
chr4	49157790	49642628	0.263592726544417	97	0.138529004214248	0.769609856113371	613	0.412988758944543	3	2	1	-6.89221702080613
chr4	49642652	49711854	0.130888760429464	31	0.137380939655562	2.67481870011758	287	1.20946057792285	8	7	1	-6.73510435221192
chr4	51819220	190179679	0.332152383881086	5018	0.110370896676495	0.876314467791922	236325	0.48712718386868	3	2	1	-7.50120147579368
chr5	161693	666208	0.00165743394730755	56	0.0350087883215095	0.598346112608103	2154	0.209132723915818	2	2	0	-6.77196813879791
chr5	795926	1302587	0.498730720871839	79	0.102951287233359	1.37359403954463	4310	0.883426486915904	6	3	3	-6.74769466126931
chr5	1362933	3062372	0.0141477123470564	61	0.101461570425576	0.539087299003935	1760	0.229817027231822	2	2	0	-6.7624157404428
chr5	3077167	5273476	0.498691201769922	78	0.119220448405529	1.13038537852321	2543	0.711048088868048	4	2	2	-6.73384891195972
chr5	5276138	5408461	0.259025761915253	31	0.129920538162983	2.06269323023112	480	1.31853128557478	8	6	2	-6.73617934878223
chr5	5436496	24608539	-0.000181111425956337	436	0.0631952733690501	0.5730541910612	17987	0.255134568527215	2	2	0	-6.89556751654349
chr5	24981791	25871090	0.496385023895858	28	0.136963286317691	1.21508118640462	698	0.642152172922547	4	2	2	-6.74372134705539
chr5	25903997	27522195	0.000932177704440762	27	0	0.67129016695098	934	0.380966225284351	1	1	0	-Inf
chr5	27575589	31819516	0.478471606361381	184	0.120776407970521	1.34571833650193	5981	0.788295530237938	4	2	2	-6.89836154595583
chr5	31822365	32052421	0.228172798913181	53	0.135443763468125	2.04995332471635	2107	1.64023196749407	9	7	2	-6.73621348102335
chr5	32053643	34593260	0.423238766238888	199	0.127836072643683	1.27846192414091	9613	0.779772457627286	5	3	2	-6.77005437745756
chr5	34623434	34867198	-0.000844488821657441	18	0	0.596301443490033	774	0.267012787941306	1	1	0	-Inf
chr5	34911809	45865110	0.345873207104923	371	0.108008906518072	0.883514611502048	24374	0.363008250767454	3	2	1	-6.90547944833313
chr5	49600535	62381897	0.352412185538352	601	0.114659847999227	0.889647338952635	22006	0.3999919434308	3	2	1	-6.94628077436122
chr5	62398552	63792755	0.215691695809398	80	0.113569745898916	1.36529220809332	2758	0.718211304582306	5	4	1	-6.7449533556472
chr5	63796083	181281775	0.335026895742734	5080	0.106622248918546	0.847287561769653	264331	0.503617497439029	3	2	1	-6.80645958396364
chr6	160049	433552	0.498472622653316	41	0.143946522082029	1.3001669167739	1389	0.866942797749186	4	2	2	-6.73846493063939
chr6	449451	3144592	0.168178428993843	310	0.0985524365173252	1.66304885079627	9742	1.09933009563434	6	5	1	-6.73317888468188
chr6	3144674	8472862	0.321134543906669	283	0.103251381253459	0.894922756081788	13370	0.461867953422014	3	2	1	-6.81607536364387
chr6	8473532	10493169	0.156396115379164	141	0.115079992442595	1.49334344896339	4203	1.0893449523091	6	5	1	-6.75015289960396
chr6	10574898	12002907	0.330934608484939	75	0.110760486661108	0.871888943558203	4531	0.345703766719803	3	2	1	-6.74776762356232
chr6	12038743	28834659	0.189246759506299	1579	0.100424299767306	1.38555219925391	70998	0.827429899083348	5	4	1	-6.7400065620567
chr6	28861709	29397061	0.303619900077649	64	0.0826717008355799	0.810488858073482	1977	0.401121619806456	3	2	1	-6.81112485412765
chr6	29426650	31616050	0.186988424001107	1066	0.0956584402378374	1.383984193949	25518	0.667827031566945	5	4	1	-6.74415298025248
chr6	31617442	33158438	0.318303781214347	530	0.0853368247790683	0.786475172663798	15189	0.254477139860044	3	2	1	-6.79946404162444
chr6	33159513	35254720	0.201908840053794	202	0.0957202485988365	1.35164203944501	21368	0.71093876891047	5	4	1	-6.73514228096343
chr6	35270371	39126664	0.314248306947998	388	0.105082025066429	0.817443780110556	18439	0.369791516729433	3	2	1	-6.75919701835681
chr6	39130108	43501781	0.157109482417068	521	0.0940159548754899	1.59659765046323	34865	0.858380904640721	6	5	1	-6.74586597156729
chr6	43528924	45328881	0.250509294547168	137	0.107313079025871	1.09822288995472	9013	0.552315024732642	4	3	1	-6.73354760753637
chr6	45357254	60873526	0.498875072925042	438	0.0899648843289273	0.571424235391362	19900	0.222542687780702	2	1	1	-6.87593353578344
chr6	61134145	170736935	0.498908438307608	3248	0.0922731291180573	0.569865502656408	144102	0.231448211644445	2	1	1	-7.42428587560897
chr7	50462	58100632	0.401585629842975	5300	0.136320458773805	1.42019213869623	219954	0.805187641487119	5	3	2	-6.75904515061876
chr7	60958042	66977091	0.258860953266569	656	0.121894713602157	1.17031571890828	21026	0.62771145454107	4	3	1	-6.76054494665074
chr7	66986751	100948959	5.34257618658995e-05	1913	0.077960762805098	0.855542536124622	101469	0.419792088093836	3	3	0	-6.81038925033454
chr7	100951933	100975982	0.419793451490627	170	0.137796421746553	0.887523451486459	1416	0.217372645697159	5	3	2	-6.80608228413307
chr7	100976032	102480428	-0.000267083994982154	260	0.0365743511232005	0.825469963486489	12665	0.396085735754504	3	3	0	-6.73360861954713
chr7	102489612	102678632	0.498236686197364	23	0.192006844821996	1.13926569561206	391	1.27657990988644	4	2	2	-6.73312297041566
chr7	102707915	142286380	6.17933480115962e-05	1480	0.0294370439030915	0.859858394087713	93951	0.396570678029538	3	3	0	-6.87531974966662
chr7	142308976	142774011	0.498366576361056	81	0.190536040464919	0.784637970615992	2323	0.295599110110669	2	1	1	-7.09090021052384
chr7	142774347	152180042	-4.36780216662713e-05	525	0.0560559765283221	0.808215391239246	29831	0.361198606478989	3	3	0	-6.7739822826662
chr7	152231395	152416418	0.301986091444016	125	0.14535430927842	0.907872521231604	1229	0.50247607104513	3	2	1	-6.76401160329337
chr7	152483885	159260734	0.000240507918240374	443	0.0619724114259198	0.89704675092764	15636	0.442491535560121	3	3	0	-6.84290009847168
chr8	228183	43192450	0.34083127538395	3692	0.122948629041351	1.2291551278677	147825	0.666165407012028	4	3	1	-7.5816329628025
chr8	46549352	144732615	0.337536504612502	5004	0.125560635623063	1.22667693711538	257049	0.688356479610271	4	3	1	-8.02833776596507
chr8	144759142	145044517	0.354339568308211	95	0.127540420222742	1.2627873104174	3133	0.564102355066956	6	4	2	-6.79049486633192
chr9	10416	39055125	0.000107920458311483	1255	0.0290868461503181	0.634691623881953	63213	0.277859615987378	2	2	0	-9.80738674853149
chr9	39062664	43242683	0.379088882593568	376	0.160893399337433	0.680539951393874	3520	0.347425904725379	3	2	1	-7.53320493898906
chr9	61902912	68405558	0.390409780539622	204	0.159752244897626	0.64458280952419	2719	0.384787015005004	2	1	1	-7.53317401012101
chr9	68410561	84305321	0.000171968718395366	471	0.00868539644964781	0.5753766868882	22887	0.257167182497225	2	2	0	-6.90288449646654
chr9	84671000	131527633	0.325349065854491	2490	0.107327415695514	0.826277404437319	149369	0.374582973795221	3	2	1	-6.75172796589705
chr9	131529397	132114730	0.0772547429500022	178	0.0684967961557555	5.54190114569698	8401	3.60686597839751	13	12	1	-6.73798611669769
chr9	132130145	134556100	0.33413293350727	169	0.097865411517476	0.767632238292601	12545	0.347266684185197	3	2	1	-6.81390768550861
chr9	134658906	134849429	0.0830297311991878	143	0.0624855464426154	5.21607982046404	5420	2.75298738781567	12	11	1	-6.7360629066763
chr9	134849684	134857007	0.25587066581166	10	0.121843250850335	4.85058587434366	582	1.13723085396743	16	12	4	-6.73444812869914
chr9	134860466	135623498	0.0770770386905605	305	0.0757638468081918	5.14134770759485	11132	3.70856566565001	13	12	1	-6.7371779837405
chr9	135694611	138214444	0.304720591005522	474	0.104862761074353	0.768488224296453	21376	0.309888411692145	3	2	1	-6.87961453182478
chr10	47476	74854	0.34129541257833	38	0.163200373835095	1.05575407578784	206	0.646339921245686	3	2	1	-6.73665246005771
chr10	82636	38526293	0.000688006747625425	2105	0.0419832056789363	0.853692110386444	95060	0.39993610548935	3	3	0	-6.81423764517958
chr10	38527606	39131435	0.482449030913499	119	0.173505656363707	0.951321469436376	664	0.386133604335656	4	2	2	-6.79737511560477
chr10	41859758	42628239	0.396151393744167	92	0.145026565189302	1.03803503959829	2110	1.04293861791495	5	3	2	-6.769243986241
chr10	42728014	46130684	-0.000246856547625629	167	0.0634131422264101	0.802914902671335	8543	0.384735325670091	3	3	0	-6.75232520047228
chr10	46131979	46656809	0.498767080871833	143	0.154782790079507	0.946986282900748	2240	0.417327689682379	4	2	2	-6.77905818066395
chr10	46656893	47771640	0.0310802166354484	66	0.186379661770479	0.972540624699796	2683	0.600437626594177	4	4	0	-6.78253822848336
chr10	47993645	133787230	0.000464317511658485	4288	0.0408435734616261	0.80803212477429	215786	0.378850772238843	3	3	0	-7.06138611505171
chr11	133366	50489630	0.328542819316489	3219	0.100093769980736	0.80760065629401	140449	0.361908080660668	3	2	1	-6.95681251724128
chr11	54592062	100191133	0.337007322452045	2447	0.0995775620902134	0.797492475616801	157384	0.372243960558573	3	2	1	-7.09720048028921
chr11	100356042	134882187	0.498898792737497	1400	0.0901313220865881	0.53775555073109	67784	0.212555852224662	2	1	1	-7.19068425394839
chr12	12259	197138	0.498619027613817	60	0.123249120738088	1.29792859211795	974	1.14202431040662	4	2	2	-6.73515143359701
chr12	198064	6648538	0.498892948006559	783	0.102074066508513	1.09486526004821	33509	0.521653772456252	4	2	2	-6.73629799147885
chr12	6657305	6717707	0.497825715924121	9	0.188102365748015	1.16759838734383	722	0.52976928809911	4	2	2	-6.7334239690582
chr12	6725902	14475839	0.498896535518956	918	0.10916267345859	1.12006065431948	43192	0.532239115063222	4	2	2	-6.73407758050743
chr12	14517946	14764543	0.0522577244470283	9	0.158375169911336	1.20545283919774	1231	0.560756795360542	4	4	0	-6.80075623612772
chr12	14770588	34523014	0.498877417526257	1295	0.121066768368744	1.19198377003388	54662	0.610335359987433	4	2	2	-6.88501480084891
chr12	37418138	49243210	0.498891416879651	738	0.115800184483562	1.11906414309479	40430	0.519707317839042	4	2	2	-6.73432174367932
chr12	49245321	49774547	0.497966230364586	12	0.223988027277434	1.06202318143238	5321	0.514163572019923	4	2	2	-6.73555977151227
chr12	49907021	50078185	0.499336186284293	34	0.0674847048096397	1.06896356842238	1445	0.432963193995529	4	2	2	-6.73391838694449
chr12	50172160	51193512	0.0321817696481104	9	0.106875056855086	1.15179962072212	8542	0.651352979113792	4	4	0	-6.78878468917399
chr12	51202145	52816862	0.498897917020067	318	0.0823061470797429	1.00028107665841	12697	0.392134098903156	4	2	2	-6.80226047069064
chr12	52816899	56588506	0.498871477067547	337	0.13120470089717	1.0966966141124	34822	0.467546102693812	4	2	2	-6.73491221025506
chr12	56648317	56760450	0.49784443146101	9	0.209701043816615	1.17881414966123	1499	0.589194793766505	4	2	2	-6.73376492549072
chr12	56782305	57345851	0.000180611969153685	59	0.0855780051981792	1.04648022336322	6585	0.404974561782573	4	4	0	-6.74049412701274
chr12	57357224	57428953	0.498439850297412	20	0.193242144253756	1.38217097781022	565	0.873878378766127	6	3	3	-6.73504818206293
chr12	57429016	57659531	0.498902866220817	42	0.11116218493213	1.07926851554042	4458	0.316635680627681	4	2	2	-6.73427598327441
chr12	57664488	58625871	0.497940854531249	11	0.243054464528576	1.11019804017545	3946	0.551303345366021	4	2	2	-6.73307504798425
chr12	58801524	95093450	0.498896171191353	1718	0.132070215450684	1.18832316686544	82561	0.609189888314082	4	2	2	-6.98491297004863
chr12	95100842	109576250	0.498905202799008	1292	0.116543800580392	1.14962662624587	59819	0.587186800397738	4	2	2	-6.76173633347059
chr12	109604543	110734451	0.498531342651399	70	0.193062952219396	1.1874686265947	10070	0.601586598906562	4	2	2	-6.74126122935601
chr12	110735782	110917802	0.0855837660030243	34	0.0870254178453551	1.15509245046053	1282	0.688214982238381	9	8	1	-6.9187135963829
chr12	111315575	112699061	0.0343860616664529	25	0.175157786010214	1.14442953362881	12667	0.613218386952855	4	4	0	-6.7579562264729
chr12	112713029	119353815	0.498879958299283	726	0.104157632518665	1.08982878834301	27394	0.574475535838787	4	2	2	-6.73773791933828
chr12	119368085	119562409	0.497938255617228	11	0.232086308397231	1.16104753054942	695	0.636259643016867	4	2	2	-6.73362685682649
chr12	119599856	133239285	0.498909975344809	1862	0.114528526271822	1.10974159124632	78590	0.598688962344172	4	2	2	-6.73313561732231
chr13	18177561	104374493	0.333795130783012	3083	0.110134844663822	0.843488357273427	143656	0.397282292666638	3	2	1	-6.77865193895709
chr13	104830561	114300529	0.00277237284529963	382	0.0721749107703362	0.525533842046249	13055	0.22127920196383	2	2	0	-7.07534394763196
chr14	16057642	16402273	0.498246890942975	11	0.162040174592038	0.656545323369009	37	0.29915714431883	2	1	1	-6.79666955663186
chr14	18330620	19933832	0.307509062843823	116	0.124331329359377	0.51255244211488	2125	0.189306490383208	2	1	1	-8.07837583528293
chr14	19935544	31380986	0.498898137857828	556	0.0837820848622124	0.546332423580363	32616	0.205737691121041	2	1	1	-6.77971334960183
chr14	31432935	31850660	0.380051617421052	32	0.100288113179785	0.872250707920522	987	0.389141761054836	3	2	1	-6.86389349708284
chr14	31885254	106823737	0.498905805881618	2895	0.0961958177061971	0.572532048775274	147122	0.277281062066217	2	1	1	-7.2130059578745
chr15	17081956	17081995	0.077	1	NA	1.01686485908971	3	0.153939382009067	4	4	0	-5.76441793965128
chr15	19841982	101954215	0.334317517389701	4738	0.109977688577436	0.813884543550971	256685	0.363491984820167	3	2	1	-6.93858998099817
chr16	34130	7240671	0.451496661806168	1148	0.0935436063685479	0.92856367132338	58432	0.45386843835129	4	2	2	-7.50156100436272
chr16	7328191	7554090	0.0454040782034915	9	0.134629120178363	0.441960996034047	116	0.30075738515062	2	2	0	-6.87808673494563
chr16	7568593	34268517	0.498877182680923	2434	0.116996524573759	0.988435841467973	127834	0.511052301834464	4	2	2	-7.4763294390251
chr16	34572031	36104311	0.484043764241548	89	0.145823012135372	1.87263110511655	2946	1.06367823388512	6	3	3	-6.75116623869217
chr16	46383445	49074129	0.498642738712581	109	0.155459344791854	1.31984871410744	12412	0.685782739646189	4	2	2	-6.83282002086173
chr16	49092425	61283171	0.498893543360015	830	0.11850674381395	1.07813292496014	45152	0.567862335279471	4	2	2	-6.7539701480982
chr16	61302657	66512126	0.350705951069182	227	0.148480566067966	1.59424632301665	9522	1.05010820211409	6	4	2	-6.74688892962479
chr16	66526928	67411057	0.0178657557999795	40	0.151411815326654	1.49897395684753	14819	0.74385896484334	5	5	0	-6.74690521867152
chr16	67436424	68802762	0.382335254571144	340	0.151212612595239	1.48670511620719	19474	0.814286852176788	5	3	2	-6.74688306935913
chr16	68826026	69248607	0.0261146811530687	21	0.144530784330009	1.54805084277349	4874	0.893186085616623	6	6	0	-6.7542989770203
chr16	69275236	75307311	0.366065745970206	1066	0.142478550617426	1.56589332029728	52420	0.922480746916164	6	4	2	-6.78117183447659
chr16	75314132	75731954	0.0867580468960633	33	0.168115006180383	1.59268383110824	4542	0.805974077954806	8	7	1	-6.80649966696533
chr16	75734586	77004916	0.498732819498639	39	0.0886315212478295	1.14872310285981	1936	0.534110253783286	4	2	2	-6.73606430911798
chr16	77103460	80550445	0.165192569130076	199	0.103953548944006	0.645114301569634	4252	0.30033237895389	2	2	0	-8.43080972297686
chr16	80604276	90075679	0.00166255455035996	847	0.0375754765385385	0.53227829241433	27410	0.219743550996676	2	2	0	-6.94495351655925
chr16	90092111	90111420	0.170175014247768	15	0.149439364993043	0.707806045637276	105	0.519914132985107	6	5	1	-6.76465130634957
chr17	137603	23016500	0.329825940010181	3014	0.107718908139079	0.805594487660371	121391	0.350076830707722	3	2	1	-6.86132899481598
chr17	24421471	31276152	0.340577764463572	332	0.119965766207268	0.832734313547604	26496	0.415813706973428	3	2	1	-6.73524014778892
chr17	31318914	35750409	0.498846401045081	313	0.117920992227689	1.09674419775205	20704	0.547328368236052	4	2	2	-6.73465293277403
chr17	35776822	35929134	0.497774908855325	11	0.203523865029052	1.13972725081516	1386	0.528234076710494	4	2	2	-6.73330874572677
chr17	35967596	37833229	0.498827733080019	156	0.133037006580627	1.09938093610589	10024	0.566855273624728	4	2	2	-6.73348884245151
chr17	37874526	38474211	0.498356351196281	29	0.180863820801389	1.05459591966734	2566	0.641452492310038	4	2	2	-6.73548600348422
chr17	38478460	66798415	0.498916799699444	3277	0.116443479253463	1.07465634482802	183897	0.537254394257781	4	2	2	-6.79892791343722
chr17	66798539	66799461	0.110408597491267	16	0.0900576667104658	1.57761066440081	190	0.720634705158606	9	8	1	-6.73329226860635
chr17	66833133	75162613	0.498880532065925	829	0.115762337273504	1.10386464492808	38448	0.599550071699879	4	2	2	-6.73373099437985
chr17	75168296	75304640	0.49787529992195	10	0.19912932704373	1.05287674066277	1926	0.494888562875667	4	2	2	-6.73407561321253
chr17	75307733	82504766	0.498907197172761	1324	0.108631237167959	1.02851358295586	62307	0.484755929942968	4	2	2	-6.84152271501487
chr17	82516366	82586424	0.490569991537946	14	0.180890365071842	1.2164318207026	629	0.681092710833822	4	2	2	-6.735398526887
chr17	82586658	83194874	0.498777718335801	106	0.119271157388222	1.13433914767303	3876	0.511949059116104	4	2	2	-6.73367329531703
chr18	48740	112279	0.489278305027829	85	0.150609350541685	1.27128742756176	887	0.787421328800444	4	2	2	-6.73717933615835
chr18	139326	15379023	0.498887359162115	1424	0.120981654688955	1.27329797951887	54846	0.725408039129586	4	2	2	-7.0383167141963
chr18	20942964	47870348	0.498889592781985	1174	0.130562648858234	1.23450031750019	68883	0.678111420383873	4	2	2	-7.09763351407566
chr18	47905811	48147894	0.139293380750163	9	0.126493192614377	0.796136621428125	381	0.520121677442128	5	4	1	-7.03011505567122
chr18	48148359	80250865	0.498888053236793	1900	0.127507645847034	1.28097147622536	77346	0.767372720047483	5	3	2	-7.2818489136544
chr19	263280	876910	0.498854233887699	210	0.089006498517296	1.12803089990753	7016	0.591533603283827	4	2	2	-6.73336098067163
chr19	877718	967901	0.397110182194061	49	0.146433716518203	1.32892600730772	1195	0.839670480434947	5	3	2	-6.73341469411601
chr19	984533	3933804	0.498888520087651	1041	0.105873189637634	1.0680724645753	36384	0.644370089253032	4	2	2	-6.73983040356068
chr19	3948385	7434008	0.408836419043512	1252	0.132675654509408	1.36776492468755	47139	0.77618288609624	5	3	2	-6.73653418194362
chr19	7439051	8737224	0.230315263865011	486	0.1026130354028	1.11628874466816	18280	0.553491853991645	4	3	1	-6.75507795686369
chr19	8891817	15347238	0.331421181686175	1330	0.103964033397213	0.852038201552341	67339	0.383147722137034	3	2	1	-6.74589294018714
chr19	15361045	16059174	0.499003446810513	201	0.0946706564046094	0.510016504174633	4056	0.175768077600918	2	1	1	-6.83127156752414
chr19	16062156	20927689	0.321940154276476	743	0.111386810528512	0.815084940822895	42037	0.351021410753303	3	2	1	-6.75117622318088
chr19	20983215	24394239	0.498870220988149	347	0.115199823135226	1.11153184894789	19123	0.78078688903074	4	2	2	-6.73308747114552
chr19	27392054	41880515	0.498916181819084	2121	0.107426629244475	1.10051128664599	104475	0.777159101190202	4	2	2	-6.73448829151324
chr19	41893467	42479992	0.0488134150519045	11	0.170014972602683	1.08773320044485	7898	0.601394574562011	4	4	0	-6.78253772480685
chr19	42493183	58586622	0.498924209245706	3748	0.111209474334479	1.09116825517684	184662	0.511322247252934	4	2	2	-6.74553782562909
chr20	101505	26081229	0.328580772708406	1274	0.106998005056109	0.812362420539705	60106	0.370578314123445	3	2	1	-6.80858360243009
chr20	28559257	29350805	0.478216448532834	286	0.129038090572318	0.739159967202492	1092	0.592369901709576	2	1	1	-6.85825386532501
chr20	29351107	30815726	0.312362844315142	338	0.151531617919361	0.646145131152698	1921	2.2092157694234	3	2	1	-6.75615465484873
chr20	30820189	31259408	0.325093543302516	174	0.134058426504377	1.14134755364637	1289	0.526768409940013	3	2	1	-6.82765354918062
chr20	31284993	38796225	0.345029718047147	649	0.107681195263556	0.818656699981946	44765	0.380529287179894	3	2	1	-6.75021006318068
chr20	38842742	42057839	0.227508228489228	93	0.155885662088256	1.73249526848359	11165	1.14934680316995	5	4	1	-6.822010929208
chr20	42066357	43567223	0.281433865949647	178	0.127121720997908	1.85392785486705	5921	1.11710822710407	7	5	2	-6.73536782621644
chr20	43567858	47309999	0.38489844652263	676	0.122600900137162	1.3691372549184	28648	0.763820805102766	5	3	2	-6.74293879531235
chr20	47324225	47646054	0.0284485082466772	17	0.146247222195842	1.52650621631007	2970	1.04649696602278	6	6	0	-6.75701648155624
chr20	47678664	49030723	0.402605447634661	133	0.145741170695606	1.39135615025439	5364	0.860796364146532	5	3	2	-6.73322395665901
chr20	49030807	49921273	0.300715657881736	276	0.127109660207437	2.02297368020057	11117	1.27486062801389	7	5	2	-6.7418834922325
chr20	49925008	50912451	0.360951027829538	232	0.120880286727042	1.46893963936613	8137	0.969298841082211	6	4	2	-6.7742694241117
chr20	50912992	63693513	0.300563083546467	1663	0.137044005647577	1.66157503729288	67962	1.01042639123316	6	4	2	-6.76722589206668
chr20	63693522	63693868	0.0909033659550539	12	0.0767634599785522	27.7570531941904	70	43.1340077908203	11	10	1	-6.7330302701697
chr20	63694337	63780054	0.282338873685514	70	0.0877660922937882	1.77959033639962	1649	0.904325722382382	7	5	2	-6.73441361297932
chr20	63780235	64014119	0.177679098776187	26	0.137763615828541	1.74114641946438	3893	1.19957577830875	6	5	1	-6.73704534034608
chr20	64017443	64302708	0.351728269333149	28	0.109914655444492	1.55312522148832	2527	1.32381008222701	6	4	2	-6.75027764206011
chr21	5218123	13035101	0.493712171574536	829	0.13137140187706	0.827639612572995	5820	0.729337633901561	4	2	2	-7.41686062443434
chr21	13238671	16441330	0.356490774231287	147	0.114322722726092	0.845516724266831	4504	0.474107317518167	3	2	1	-6.75928232355553
chr21	16764765	20683831	0.000118656109980075	177	0.109732082269961	1.19366687791546	5606	0.652873610526354	4	4	0	-6.7610233032413
chr21	20875187	33417388	0.00171125966241414	318	0.0738606393419751	0.551010568988135	15616	0.26215468650779	2	2	0	-6.74122264584059
chr21	33421281	35682626	0.407908963453003	220	0.125158466261953	1.40463218669149	9842	0.724890980916306	5	3	2	-6.73573721797416
chr21	35718767	36113064	0.231552908554411	60	0.128052222750768	2.34841258100709	2528	1.67449586185941	9	7	2	-6.73654668130111
chr21	36114354	37011300	0.366041314429171	174	0.154904903733605	1.48827802380162	7742	0.811148097057999	5	3	2	-6.76560157220105
chr21	37023399	41663383	-0.000182231633543251	256	0.0783307575778544	0.585852373015417	7997	0.434272401558776	2	2	0	-6.77395335219284
chr21	41677194	41712985	0.413538618265195	9	0.0876752213823521	1.56155816518144	106	0.767991911130284	5	3	2	-6.74780024469711
chr21	41726520	42376804	0.00409188957648704	75	0.0135520750713217	0.486393306680486	2348	0.409795823466072	2	2	0	-6.82819062887545
chr21	42379394	42388855	0.307745032354611	9	0.133703964039964	1.43201778692051	220	0.34443373685915	7	5	2	-6.75375745455082
chr21	42395871	46003722	0.000546525918023011	193	0.0664884635220266	0.49052274024044	10093	0.181763946071777	2	2	0	-7.61104029446747
chr21	46020978	46090996	0.145126710040278	16	0.104554850038947	1.83969692093927	172	0.94449688767885	7	6	1	-6.73345823846263
chr21	46112526	46226006	0.347685399892178	95	0.0790577276432354	1.46979823670052	2171	0.825212348090232	6	4	2	-6.75432489623498
chr21	46236750	46661856	-0.00177607924116724	99	0.0457274534606947	0.553083585485997	2845	0.188287757517335	2	2	0	-6.73409560818346
chr22	10685500	12900711	0.460503588805558	779	0.135627503679801	0.696213651427293	3695	0.628938542635291	2	1	1	-6.94954203838923
chr22	15314371	15922939	0.498430662322666	24	0.122909180562994	0.355402799588932	428	0.162529892377691	2	1	1	-8.6910057192417
chr22	16354735	16938678	0.1351673640999	193	0.110080703977442	2.28869444869203	4050	1.45135493345196	8	7	1	-6.73828575901345
chr22	16955872	17535232	0.0432411228613974	325	0.0568927866586721	5.09370938058388	12604	3.4307727216939	20	19	1	-6.74170974029103
chr22	17537871	17954810	0.155332603733813	131	0.0943850884447757	2.51034564951641	7080	1.41963603190312	13	11	2	-6.74956788268496
chr22	17956472	20700300	0.254155155698969	618	0.118475644701503	2.06035151246509	26924	1.35119347807109	8	6	2	-6.73895785247625
chr22	20703341	21621093	0.113107100236873	392	0.0853232426570416	4.06414395528238	16673	2.69442252663944	17	15	2	-6.73644192370924
chr22	21629564	22346872	0.171497721062858	339	0.093913289659986	2.73138442848582	10472	1.71746836147428	12	10	2	-6.74041474640527
chr22	22352823	22353255	0.291758703064374	10	0.0918322746460452	2.85420902161553	78	0.291203718887836	17	12	5	-6.73420117865595
chr22	22357928	23828396	0.164397681396474	573	0.0853093583051279	2.95054742586599	21754	1.85455507071897	12	10	2	-6.73728553243197
chr22	23833396	23933318	0.00196047878592209	32	0	0.518691436014562	617	0.168045464587257	1	1	0	-Inf
chr22	23935805	24003916	0.498204583983889	26	0.217681616481149	0.552329272328166	290	0.311466785608301	2	1	1	-6.73308618124426
chr22	24064327	35421604	9.30149817841008e-05	625	0.0454500719584209	0.530568046953586	33426	0.323979462027668	2	2	0	-6.86901295765594
chr22	35494846	35528209	0.132042084553069	27	0.107469905679593	3.44454146808505	386	2.09651613645026	15	13	2	-6.73328177423347
chr22	35547843	36127868	0.000932177704440762	27	0	0.542154466088543	1281	0.243451403977276	1	1	0	-Inf
chr22	36136603	36171594	0.149823921020926	21	0.0832896266335845	3.0657043787918	699	1.30813092084896	13	11	2	-6.73475867033352
chr22	36191154	37734452	3.23414709491598e-05	168	0	0.515394286344272	7151	0.337810970633963	1	1	0	-Inf
chr22	37742190	38554104	0.161467271620206	282	0.100818807547383	3.19257030003205	18404	1.95956678997413	12	10	2	-6.73486420269657
chr22	38568923	39155984	0.000121539468290188	57	0	0.531832515331089	2767	0.214063426997475	1	1	0	-Inf
chr22	39178501	39296304	0.153079304890372	106	0.0818355987887332	3.02855134870894	1495	2.55819560542093	13	11	2	-6.73341770475695
chr22	39300882	39696640	-0.00116974933398284	41	0	0.499050180539653	1987	0.204590202600543	1	1	0	-Inf
chr22	39819069	41682933	0.160620266224148	689	0.099576532516256	3.21570273729443	36352	2.13630629198165	12	10	2	-6.73556216706802
chr22	41684184	42210251	0.0010599496418911	103	0.0816239106094012	0.54891400826317	3232	0.224948778462779	2	2	0	-6.73407384279709
chr22	42255215	42306627	0.102012299894848	17	0.0993293319038772	3.84223820626265	313	2.75307208709627	10	9	1	-6.73370353001639
chr22	42313894	42627529	0.487406739982173	72	0.0884858447341147	1.12269412085328	2184	0.560020272904929	4	2	2	-6.74521930288981
chr22	42669874	43074070	0.497767981692193	9	0.211598086002686	1.11813209606053	2841	0.586142543416962	4	2	2	-6.73312214911429
chr22	43146294	43828976	0.498793586051346	55	0.122311455947071	1.0545011278554	2894	0.497948655911048	4	2	2	-6.73764859979093
chr22	43880664	50808384	8.97143321201832e-05	491	0.0477992301986273	0.525515798128533	19986	0.217231890057416	2	2	0	-6.9959894309086
chrX	278445	2779113	0.00159951719091683	412	0.0896477753202556	0.58646975178112	7028	0.290148209257225	2	2	0	-6.78452538264002
chrX	6595810	57431787	0.498167721969145	70	0.16037665551947	1.1202408925527	62927	0.545459968215544	4	2	2	-6.73952203085038
chrX	65498180	141200659	0.0311521404520487	68	0.0824132075983878	1.10754236448909	70970	0.534345357962639	4	4	0	-6.81949055825878
chrX	141489591	155985886	0.23159201259903	45	0.154677066656615	1.04385526777168	19009	0.456581932311549	4	3	1	-6.90125608357169
chrY	10785299	11831598	0.34053713776967	106	0.17313986291256	0.997626401348728	850	0.461333022021823	3	2	1	-6.82781461911956
chrY	56826098	56885732	0.490999815265558	197	0.127699377428183	0.666125895455669	683	0.248425701753248	2	1	1	-6.75499274054856
