chromosome	start.pos	end.pos	Bf	N.BAF	sd.BAF	depth.ratio	N.ratio	sd.ratio	CNt	A	B	LPP
chr1	62203	928182	0.498421422797476	13	0.149104205516022	1.2441722962695	504	1.84658080964344	4	2	2	-6.73477999051747
chr1	942934	16410051	0.498883951453011	1219	0.0878212695851609	0.870763879401629	59667	0.346403492569152	0	0	0	-7.32247507369112
chr1	16429531	16947199	0.350093534875511	194	0.117079353528715	0.982812180920514	2870	0.357401804730465	2	2	0	-6.76788347927747
chr1	16956078	121308668	0.498926236097057	4455	0.089009096748882	1.01192080390987	266761	0.469746036121389	2	1	1	-7.94966061957377
chr1	125094469	143253209	0.244275851668256	15	0.133460962724793	0.355578560240794	272	0.16199069454063	0	0	0	-21.8986486475345
chr1	143570745	149930451	0.498851735879146	195	0.0931639889632541	1.04299840747849	11245	0.431834347400297	2	1	1	-6.76979309658163
chr1	150226710	151830973	0.499066597908081	182	0.0852102310049286	0.807440251812332	11485	0.291951774910254	0	0	0	-6.73608627540415
chr1	151853515	153337680	0.49911524593302	158	0.0837697662657843	1.17527650513452	6542	0.30578755291894	2	1	1	-6.78894978525752
chr1	153345532	156803152	0.498859498000051	288	0.0851765670278761	0.846307409117568	25094	0.304189512820109	0	0	0	-6.82158373509791
chr1	156803185	200297375	0.498914085494885	1922	0.0891146928529869	1.15286237568016	99123	0.505002786090995	2	1	1	-7.05563843038054
chr1	200299501	248945567	0.498916379226573	3212	0.0896649281067309	1.07470256425212	133637	0.468401734238229	2	1	1	-6.75389714462067
chr2	39356	89759477	0.498920231710348	3747	0.0917546711805992	1.07284261020246	186248	0.511514637363065	2	1	1	-6.77461375041146
chr2	89761860	92007009	0.498606437155943	122	0.138439744769528	1.06808766522604	2588	0.392757542155965	2	1	1	-6.7361406624933
chr2	94216517	132262841	0.498894126383476	1790	0.0980334699852901	1.06706439663589	77214	0.491438909667282	2	1	1	-6.76939055823466
chr2	132277628	217847883	0.498919126368339	2444	0.0914872840256502	1.16458802503661	166850	0.548254769487778	2	1	1	-7.43062605548698
chr2	217848003	219574140	0.499247433978111	224	0.0696156245520681	0.927885971306848	13691	0.2685552648489	0	0	0	-7.06086711877026
chr2	219578202	242183396	0.490144377200392	1277	0.0909035967831386	1.0356317678781	58842	0.467504167214013	2	1	1	-6.88870443390939
chr3	13132	9288371	0.498856007239894	415	0.0950480952513991	1.22120721927208	12796	0.577369713950515	2	1	1	-6.94714175045949
chr3	9297960	46682061	0.498907237152576	1795	0.0895845793017543	1.0919126602944	86611	0.496425148738669	2	1	1	-6.73415086032418
chr3	46682173	59416791	0.494578249406731	705	0.0822096132760052	0.936393298373244	62325	0.364652383417363	1	1	0	-7.16959709937344
chr3	59429812	90613961	0.498846705786381	934	0.112772111180212	1.25488736930687	36749	0.63582604595085	3	2	1	-6.90094508641136
chr3	91404517	186998568	0.498914356791798	3426	0.092934000907516	1.10761930053983	182977	0.509899964464903	2	1	1	-6.80105426431984
chr3	187012514	195608718	0.498848286485161	385	0.0918151605935906	1.18032047013369	14613	0.565922603716525	2	1	1	-6.83752800362145
chr3	195618957	198114538	0.498779579799707	370	0.115064012672852	0.88361782173276	11181	0.380902919463992	0	0	0	-6.84775066629522
chr4	13969	124000	0.498226463097403	12	0.152187359607303	1.32717387086882	451	0.588737735776695	4	2	2	-6.73342404937739
chr4	157460	9755861	0.498893046308213	786	0.083498668665551	0.989460514133045	32107	0.378012781559183	2	1	1	-7.07754030772657
chr4	9757791	38932105	0.498881227717772	891	0.0889586733078372	1.20767289597767	37185	0.601551732382886	3	2	1	-7.00507566001382
chr4	38932238	40716010	0.498835834872817	136	0.0866491837569843	0.85672576892601	6824	0.358477817324106	0	0	0	-6.78025283615734
chr4	40752637	49092915	0.498849892914033	243	0.0918844212179902	1.18521343709909	14826	0.543322230115801	2	1	1	-6.85416341508793
chr4	49093016	49154530	0.363618980885762	43	0.12365531434732	0.45141980853734	534	0.158928981648337	1	1	0	-7.56432791550533
chr4	49157790	49711644	0.381895829927219	100	0.121495796992607	0.790814679269681	681	0.519694953411484	1	1	0	-6.83471098235424
chr4	51838815	57135716	0.498829651698996	231	0.0853854620621338	1.06888835625341	12540	0.471712679024641	2	1	1	-6.73773805348652
chr4	57136008	190179679	0.498927371768769	5226	0.0910351379056258	1.19773846629081	211687	0.579511223958349	3	2	1	-7.18719080591261
chr5	44922	46206800	0.498898508379608	1873	0.0904098021382784	1.15153019225514	72137	0.580408293386415	2	1	1	-6.98496705497092
chr5	49601562	49666191	0.482719924418906	49	0.142084374185746	0.349885751830286	313	0.124386234957389	0	0	0	-8.07930956890478
chr5	50387241	81322915	0.498907635388179	1436	0.0924090704764908	1.09830071477475	58073	0.519136981218012	2	1	1	-6.7389380426508
chr5	81335502	131048267	0.49888675149815	1351	0.0935138367003107	1.23162135376528	64914	0.607589498012369	3	2	1	-6.95870856688578
chr5	131109451	181281936	0.49891387217474	2503	0.089893945514007	1.01743002507707	131673	0.465060782454382	2	1	1	-7.30507056467592
chr6	168197	30341328	0.498913506050557	1871	0.0897586605532342	1.09083242438452	69205	0.518733097583932	2	1	1	-6.73349791359972
chr6	30346830	32473323	0.498898461941353	495	0.0802960606184158	0.917190217159113	20461	0.276755047975591	0	0	0	-7.05882313601173
chr6	32473373	32553964	0.343628453831853	39	0.0678889106079613	1.10507690293096	227	0.356315651351324	2	2	0	-6.79199797536601
chr6	32558151	32661096	0.282594602773645	32	0.109009132312019	1.0808505487577	332	0.382905695906867	4	4	0	-6.75954833087521
chr6	32661805	44342869	0.492307946747813	1088	0.0795525466732528	0.969566510982324	51978	0.388366419693913	1	1	0	-7.20921219296773
chr6	44342954	60855642	0.498881381661925	509	0.08778679060929	1.21854144465809	28175	0.520290895812769	3	2	1	-6.99377126428076
chr6	61182047	73166208	0.498853653508015	352	0.0925754257800941	1.2779879744928	12814	0.606514687784117	4	2	2	-6.85061045728481
chr6	73187217	73759137	0.479254205883566	86	0.0703810626578496	0.825329719554148	2426	0.343844463318312	0	0	0	-6.78894019174724
chr6	73760178	170584287	0.498918012855201	3795	0.0930898120537819	1.15786725357362	175965	0.53699578404756	2	1	1	-7.42233460436983
chr7	35411	5092374	0.498878946936053	467	0.0878681930877088	0.907273931191816	16702	0.402054058341279	0	0	0	-7.04729887153395
chr7	5099957	6837888	0.498814570637843	212	0.102163772220331	0.745691451116027	8729	0.29763211215184	0	0	0	-6.77990428715233
chr7	6851766	55409332	0.498915982017554	2101	0.0909101444112933	1.17390712512917	88209	0.554890038644683	3	2	1	-7.20612190415915
chr7	55418458	58100284	0.498969850093673	244	0.0979491794729691	0.897608797239572	6090	0.394599815525225	0	0	0	-6.8833969054123
chr7	60958067	72280714	0.498850620572646	552	0.104131018419491	0.953151729971648	20906	0.45052756700021	1	1	0	-7.04870336515675
chr7	72323794	76622464	0.49899603828852	354	0.0979704310005143	0.751622001443206	15658	0.31676189779046	0	0	0	-6.81089578181465
chr7	76623230	97883653	0.498867232500825	687	0.103609125298603	1.23592130762936	36178	0.588004840860886	3	2	1	-6.91748124621203
chr7	97886001	102653921	0.498860591056239	840	0.100050490119963	0.78619442268521	29971	0.300721656810781	0	0	0	-6.73652972686166
chr7	102665342	108184380	0.498860224214336	252	0.0839529907789007	1.07088342669718	16406	0.447031615942125	2	1	1	-6.73742166625888
chr7	108184445	127615741	0.498877821662427	449	0.101289449878541	1.27136414548118	25904	0.646341976314667	4	2	2	-6.92159102863996
chr7	127624310	141708781	0.498869019667793	675	0.0883812378548059	1.0288355237299	38924	0.455863855673472	2	1	1	-6.85861233523315
chr7	141719670	152231395	0.498872444773829	739	0.0906418197740559	1.11677050318696	33998	0.425916866347485	2	1	1	-6.75631460801337
chr7	152231598	152673380	0.495934822326821	130	0.126110373943698	0.897469001417459	1730	0.429211166635077	0	0	0	-6.75498267315158
chr7	152676148	159324276	0.498846138998415	362	0.0871924665989882	1.07738440661787	12207	0.512326159993414	2	1	1	-6.73466242427299
chr8	75951	12132805	0.49888115182155	861	0.0869099763328167	1.1375252925828	19498	0.535641920047956	2	1	1	-6.7821884733837
chr8	12137448	12668246	0.262329814027672	79	0.117820658470744	1.11064897280074	787	0.41831408670717	4	4	0	-6.84583899354502
chr8	12682009	21505610	0.49885549300552	469	0.0864859581626176	1.17035443603856	14537	0.558321544724007	2	1	1	-6.82168431559275
chr8	21511688	43672909	0.498884420325273	961	0.0884218821354455	1.02419801527382	57051	0.478253204350082	2	1	1	-6.93971302923912
chr8	46201974	140017876	0.498906763558423	2776	0.0938006482674326	1.18168298295301	146651	0.573664231412962	3	2	1	-7.27446629130492
chr8	140024092	145066250	0.476935169885042	565	0.0848048828437696	0.985233057633976	24121	0.335386964433438	1	1	0	-7.03046228332996
chr9	12863	32557755	0.498890839682913	1311	0.095005870267983	1.19575963322782	47238	0.634174378675099	3	2	1	-7.00189789411732
chr9	32561619	38648423	0.498872759162573	398	0.0869793056866749	0.992519165276281	26337	0.381432497989253	2	1	1	-6.9387192998824
chr9	38648459	43268256	0.422241594284661	414	0.11820305740423	1.14842444610997	4654	0.520524723868325	3	2	1	-6.80109925573954
chr9	60521913	67881655	0.400675289574262	262	0.133174327021222	1.13526592916076	3373	0.55245987451097	2	2	0	-6.8015614790989
chr9	68270861	120408455	0.498904705901641	2157	0.092772326988738	1.10689662813379	111191	0.509845434304844	2	1	1	-6.76767935942797
chr9	120409378	138175831	0.498908228765576	1474	0.0833093552474724	0.927454847291777	82434	0.36615233781026	1	1	0	-7.22306026571157
chr10	1340222	39131358	0.498896417307153	1960	0.0951424222232429	1.0561398290699	78682	0.499997254332729	2	1	1	-6.8133476420263
chr10	41859953	41914709	0.292783804773857	12	0.129032853462703	0.471100737846665	78	0.130877356524658	2	2	0	-8.02621361250947
chr10	42185416	48031373	0.498847006206919	418	0.104244517336059	1.08610844786363	12399	0.450524865228612	2	1	1	-6.73316967935986
chr10	48146842	62655424	0.498867194343711	536	0.0962659247658695	1.23367876795816	22704	0.579472665487855	3	2	1	-6.94570216159542
chr10	62657529	104991877	0.498904619054213	2149	0.0913367328849895	1.01939650276518	115456	0.470435614604965	2	1	1	-7.18715510731429
chr10	104995438	133689420	0.498890987183427	1134	0.0906322676324311	1.10671941145317	59439	0.505260114424401	2	1	1	-6.7521758843693
chr11	133366	1584926	0.498881163596169	407	0.0808600615133068	0.887454174989241	13693	0.238404596435709	0	0	0	-6.91543888832295
chr11	1597972	4347290	0.155512347886817	233	0.097048211205613	0.99968011455126	9335	0.370339865828554	3	3	0	-8.6109903999235
chr11	4367675	9079663	0.498930080894363	547	0.0663861443065892	1.16528564736134	21580	0.366694021294963	2	1	1	-6.82998402340578
chr11	9085417	9929282	0.498978191410075	127	0.096151901184986	0.877535366879839	3654	0.385187916367121	0	0	0	-6.76669988796894
chr11	9939325	34896828	0.496710884778963	1208	0.087657921812549	1.15497724749881	48556	0.531446383167703	2	1	1	-6.91603902681794
chr11	34896996	43863358	0.498834038140481	303	0.0919590902838821	1.26610985217357	10260	0.603451685217513	4	2	2	-6.84448298136372
chr11	43871543	50512765	0.498872150680051	370	0.0786384059732645	0.971567522770693	22128	0.405822101952741	2	1	1	-7.0292329212863
chr11	54603136	61017566	0.498902929478726	358	0.0833601162381276	1.12114718864466	20827	0.400175372846838	2	1	1	-6.75438452772505
chr11	61017880	78569533	0.498904053059354	1230	0.0900651303361892	0.916792349350736	87305	0.353445305257698	1	1	0	-7.19997222013982
chr11	78727231	135057684	0.498916901892171	2195	0.0916536815908609	1.11933646681102	116579	0.512334772418162	2	1	1	-6.83360811950324
chr12	12749	56084	0.296566104033262	16	0.0906050035410113	1.63185249053715	104	0.758315838636981	7	6	1	-6.73385882442118
chr12	107657	9007638	0.498883929820969	837	0.0841131708120085	0.99672372349184	36572	0.391243658407943	2	1	1	-6.99093846416388
chr12	9008811	31103141	0.498892431880607	1268	0.0884866805052407	1.18308448910581	48570	0.530537948678133	2	1	1	-7.04517637025918
chr12	31103285	34614556	0.498810743838015	199	0.0901627425050597	0.952107227819436	7694	0.443876841498972	2	1	1	-6.91827465308576
chr12	37418138	48483273	0.498892845333663	396	0.0833631726783944	1.20076268263998	23500	0.509687957234685	2	1	1	-6.97087898863586
chr12	48486168	51830713	0.498868677420213	310	0.0847870670424168	0.871697670246017	19497	0.316559036281207	0	0	0	-6.90093792266849
chr12	51855219	57809571	0.48153902929958	586	0.0767060769983437	0.949877092638453	40769	0.323911741107637	1	1	0	-7.07750210282717
chr12	57814381	63930217	0.498813979888608	209	0.106037594200733	1.21881757795286	7876	0.568713876009225	2	1	1	-6.8753627328589
chr12	63989890	125212877	0.498923001798211	2964	0.0932780329310888	1.00742277753812	151343	0.505720651937811	2	1	1	-7.48562375330749
chr12	125299023	131917139	0.498842784222655	296	0.0922779383771195	1.09936627323093	10115	0.530537957548779	2	1	1	-6.73458294855704
chr12	131944219	133239285	0.498983877338889	201	0.0818287712906975	0.920715150770645	7316	0.360429268678862	0	0	0	-6.86058379125212
chr13	18177561	50039922	0.498898881714439	1858	0.0955800756182977	1.12433542450161	73038	0.522319079179173	2	1	1	-6.80679925707051
chr13	50100645	94563254	0.498883564488853	1202	0.099314690665892	1.3048248366268	45223	0.696162564409286	4	2	2	-6.90986389526704
chr13	94564267	114353954	0.498884345493391	966	0.0897631575251141	1.14428125908875	39902	0.522932455138793	2	1	1	-6.8406517878581
chr14	16401976	16402213	0.468482495078733	2	0.0318198051533947	0.935175333917063	6	0.387776610950171	11	6	5	-6.73452254742141
chr14	18289828	19679159	0.274621883002516	94	0.128308344790751	1.14697303633078	1137	0.451424060243179	3	3	0	-6.83471504558518
chr14	19679949	24897149	0.498915093722093	615	0.0796403648088917	1.03751863180046	31955	0.370336799311226	2	1	1	-6.78469608489211
chr14	25100968	30077214	0.473795471564813	78	0.109776211069687	1.37428792373333	3856	0.667415288999276	4	2	2	-6.7672390286405
chr14	30172583	78297601	0.498900357418051	2036	0.0917207814185929	1.05252317386044	111927	0.503166537122254	2	1	1	-6.85752735747998
chr14	78320855	88292584	0.498815151439654	215	0.12335345320908	1.30036090919462	10072	0.673924289777922	4	2	2	-6.78161034019176
chr14	88292625	105880937	0.498903783798665	1216	0.086456657573182	1.00216549068011	56832	0.425837865078895	2	1	1	-7.10432019527823
chr14	105894574	106874890	0.498768948089814	202	0.0946226689818409	1.29666660592076	5157	0.408476662981142	4	2	2	-6.74743884523411
chr15	20012715	23339726	0.498748889408557	255	0.107882942383735	0.939209208709787	4650	0.363916751424556	1	1	0	-7.02261304868006
chr15	23440059	38698602	0.498860120177047	684	0.0919927029380627	1.12519067066153	33233	0.512600423782331	2	1	1	-6.77171538900661
chr15	39816846	47070825	0.121552701140231	10	0.158677310567355	0.93772876247181	36684	0.373118576827455	1	1	0	-8.35498667035892
chr15	47070840	101915184	0.498914439715728	2746	0.0923541449234391	1.05285491232248	150456	0.473311565993709	2	1	1	-6.88949133469928
chr16	11602	55325	0.498396710181814	15	0.134483597866945	1.31307284894935	242	0.573050460147724	4	2	2	-6.73332449694522
chr16	55444	28276962	0.498906093849885	2236	0.0886524138455585	0.902428560887678	100454	0.386619171257926	1	1	0	-7.34928155845512
chr16	28283174	34267372	0.498838682310354	346	0.0976247343966764	0.835667431853133	24582	0.323756237965068	0	0	0	-6.81963773345482
chr16	34573054	34595573	0.418478959661686	45	0.139030237972561	0.36552340516858	389	0.107819633082442	0	0	0	-7.5620102512986
chr16	34653075	36162586	0.498399208821956	12	0.151072805045258	1.24056675784004	1107	0.551889430371425	4	2	2	-6.7675899745892
chr16	46386441	46552081	0.489826282775332	59	0.135825710423038	0.427117959709088	853	0.335150700542859	0	0	0	-7.05910866572864
chr16	46608374	56834788	0.49887231164566	372	0.0931773848168146	1.06058723055822	23425	0.49545381830793	2	1	1	-6.74963409118791
chr16	56838810	58813313	0.49887613575088	294	0.083237647254454	0.891259459287615	11686	0.314810678797445	0	0	0	-6.88727671121042
chr16	58868014	66214417	0.000489333770671979	112	0.129756736743698	1.33285092690266	5776	0.692970414804269	5	5	0	-8.66235103267067
chr16	66370293	76048127	0.499024673259063	586	0.0864100300693055	0.851494774490764	43723	0.351451484027972	0	0	0	-6.95130062834943
chr16	76074687	90099701	0.498895912431571	1320	0.084931424536384	0.94848158244491	37519	0.453938592025303	1	1	0	-7.1911965573346
chr17	137603	21313652	0.498904738747118	2143	0.0900211038044242	0.902186539091959	96327	0.376693989050198	1	1	0	-7.29943424805798
chr17	21319053	22715664	0.350816989776676	215	0.108005711167789	1.04255025486957	2098	0.427055481217476	2	2	0	-6.75180023163529
chr17	25074459	26939415	0.172027336164153	14	0.116007128428187	0.608643443859096	170	0.414749638226041	2	2	0	-9.7025127800695
chr17	26952386	68626231	0.498911626507795	2575	0.0907729059839389	0.922460051011042	168592	0.394391216866679	1	1	0	-7.20106607955784
chr17	68659601	72967009	0.498839174736581	126	0.0915791259920093	1.19403418965385	7423	0.509183172432194	2	1	1	-6.81771921660759
chr17	73057660	83158753	0.49890541768401	1304	0.0799250909028108	0.870350223241078	54877	0.332617278327321	0	0	0	-7.15808633019036
chr18	47492	15341512	0.498887822096241	974	0.0927012599996438	1.08480375325572	34105	0.514453679798777	2	1	1	-6.73346327142814
chr18	21011511	24371997	0.489649448780816	185	0.112144447413956	0.976429701233841	10667	0.451784687656462	2	1	1	-6.85205813487051
chr18	24385197	80174701	0.49890024718077	2155	0.0922696907482359	1.18476225423554	83531	0.580215579920431	3	2	1	-7.13177042673411
chr19	107329	19569841	0.49892161553442	2764	0.085863237612044	0.761642749389889	132734	0.273795512399497	0	0	0	-6.997612342652
chr19	19571732	24394098	0.49887138318509	528	0.0856091762178545	0.962271704622514	18737	0.354355337166813	2	1	1	-7.06304771996081
chr19	27392054	32607726	0.498733304379748	111	0.0948288522566377	1.08604070980996	6763	0.531875567246307	2	1	1	-6.7331821348778
chr19	32607964	41424491	0.498898043354075	1159	0.0844784250549106	0.828217314835231	53074	0.306726778927198	0	0	0	-6.82919730426209
chr19	41577143	43444262	0.498857932002364	163	0.0937393762821035	0.974206202618332	11302	0.352202030208764	2	1	1	-6.84178957438449
chr19	43444318	43705462	0.49885112421045	21	0.0990423670768751	0.806238319055166	2016	0.260709991064214	0	0	0	-6.73361339465618
chr19	43705828	44700567	0.498887692106764	111	0.0846165547819181	0.994070641721058	6303	0.340858131768902	2	1	1	-6.77492446601445
chr19	44703262	50943809	0.498886116680143	795	0.0895414681297784	0.765210725419474	44220	0.270076591260508	0	0	0	-6.80429326582684
chr19	50975655	53450079	0.498997836791678	429	0.0785648981239008	0.893832366526186	17012	0.313238999929277	0	0	0	-6.93644550714891
chr19	53450098	54238817	0.498824450275869	231	0.0924730017421041	0.743258695169275	5995	0.262302034842423	0	0	0	-6.76344827126522
chr19	54239123	54850487	0.498853603317585	291	0.0970418446410019	0.910103587732769	5892	0.262044482280174	0	0	0	-6.83025635176674
chr19	54851264	56027918	0.498829982234499	233	0.0959077740965728	0.807897915799065	9941	0.263171208298351	0	0	0	-6.73600410010568
chr19	56033012	58586610	0.498892456569319	398	0.0798660125396836	0.937347327676849	16768	0.320666047546512	2	1	1	-7.04800957587592
chr20	101574	6803586	0.465552726651777	668	0.0880456228183697	0.987879485287939	23161	0.406678239817391	1	1	0	-6.93270451786319
chr20	6809605	26129638	0.498873886455024	669	0.0957006337833502	1.17197289686847	31985	0.531385544361361	2	1	1	-6.95059892295377
chr20	28559278	30920342	0.446468017615947	700	0.11523268435223	1.0165351116584	3564	0.683527131147188	1	1	0	-6.77789629619774
chr20	30920367	31074237	0.488624923814725	18	0.163538976186187	0.509937973690334	129	0.385283018520756	0	0	0	-6.85573683114522
chr20	31244855	53944833	0.498896475745701	1350	0.0919810418687282	0.944907689910652	76840	0.416279235552003	1	1	0	-7.12699967876717
chr20	53960696	63569507	0.498886149458827	579	0.0769327091686252	1.05228471057977	24381	0.454797578554104	2	1	1	-6.76445893013278
chr20	63591754	64105965	0.127921064703126	81	0.0988067761458984	0.827735076145295	3703	0.29618398679527	5	5	0	-8.74413895112123
chr20	64141688	64302606	0.499303389194685	25	0.0595385869275828	1.24359965049867	700	0.347781191456057	4	2	2	-6.74199536877684
chr21	5034010	13036312	0.35192231711393	868	0.12089255305993	0.975373838881921	5941	0.477031087445193	1	1	0	-6.95448186072329
chr21	13252480	30262476	0.498854848995309	467	0.10497756434066	1.26814763731101	20416	0.636961941637417	4	2	2	-6.91370278722459
chr21	30289335	46697396	0.498899592175958	1245	0.084311581648902	1.02995728999347	49911	0.420090645343592	2	1	1	-6.89757692976486
chr22	10684417	12797396	0.486313889119061	794	0.120830299877654	0.996019449550685	3636	0.37369849463929	2	1	1	-6.81107316221113
chr22	15541395	50808384	0.498916128653474	3174	0.0874150799344094	0.959678687452772	137775	0.403363694033339	1	1	0	-7.21337019244672
chrX	255804	2777823	0.49881192520555	377	0.0968511163345882	0.784620028830352	6188	0.374712697121482	0	0	0	-6.73477893002594
chrX	15267094	55412788	0.322800845525677	20	0.154376257719147	1.03548997872525	37169	0.467437826137388	2	2	0	-7.03806596451106
chrX	65956689	155997942	0.366841856086639	69	0.142894508570869	1.10004450398199	67364	0.436719588230887	2	2	0	-6.76591009428227
chrY	6513853	11986608	0.430632432685148	120	0.12979652682314	0.900292334106294	1914	0.44335437727565	1	1	0	-6.76871179816134
chrY	19413653	56886963	0.337328074756827	213	0.120028754084464	1.02664057311327	2148	0.405100264294589	2	2	0	-7.19724805565741
