chromosome	start.pos	end.pos	Bf	N.BAF	sd.BAF	depth.ratio	N.ratio	sd.ratio	CNt	A	B	LPP
chr1	139213	16943309	0.496607567429736	1859	0.103937689700122	0.919027052921993	56029	0.433921203062499	1	1	0	-6.79642554218334
chr1	16954740	55219002	0.498902662215523	2852	0.0937435139382111	0.96287496770906	127240	0.341581240448217	2	1	1	-6.73535020495391
chr1	55219114	121497112	0.498902695627433	2460	0.091318181214344	1.12127813082287	105265	0.496951488965229	5	3	2	-6.79086067584409
chr1	125065988	143263450	0.311704355923167	12	0.12405411820018	0.490228661976765	275	0.228636047296624	0	0	0	-17.0869181485991
chr1	143542957	157391244	0.49888223321412	1120	0.0924182661175077	0.969815477217284	52395	0.322428089161202	2	1	1	-6.74200955246814
chr1	157445500	248388582	0.498925945040008	5009	0.0914973975082294	1.0788760824713	192349	0.388806304982382	4	2	2	-6.73830965612462
chr1	248388654	248857412	0.498911920232	55	0.0985536890716407	1.22961687942824	1341	0.373721876735987	6	3	3	-6.73526804768658
chr2	39356	85299276	0.498912634824889	3924	0.0920440135561402	1.10420646979675	151149	0.430955415578741	4	2	2	-6.92752298376161
chr2	85304456	92005918	0.498764967758887	324	0.119522647657831	1.05057721844815	12989	0.354319246069423	4	2	2	-6.74967387150919
chr2	94190317	208519801	0.498915430645232	4469	0.0936671647289282	1.09521614573734	193969	0.468644770474722	4	2	2	-6.84183803070275
chr2	208538087	242183318	0.498915871151341	2090	0.0920562703600597	1.03774742003439	75953	0.389267672825799	3	2	1	-6.83778833452564
chr3	51248	8998126	0.466197410456623	379	0.0989250404613099	1.10485351444094	9415	0.416282612058838	5	3	2	-6.75601391690092
chr3	9010106	47002132	0.498901150965928	2104	0.0916789288823463	1.0959587129239	76593	0.411243542494098	4	2	2	-6.78396586085121
chr3	47005352	50327078	0.498842970374597	331	0.0999034111942654	0.923441115771973	23753	0.268917789046879	2	1	1	-6.77356625391677
chr3	50340667	58407846	0.498864833730545	636	0.0868306743496939	1.05015511990284	28993	0.346862025476111	4	2	2	-6.75468197092427
chr3	58410297	90242093	0.498849993304142	1027	0.100308759951747	1.21629863790528	32569	0.488779634814135	6	3	3	-6.77122837071851
chr3	91404436	149221606	0.498897800462963	2334	0.090089273229063	1.04350815514725	93820	0.373828072974224	4	2	2	-6.94220666138174
chr3	149234203	152635183	0.423084896346302	177	0.0838180527887176	1.40035873946742	7554	0.496810684231666	10	7	3	-6.73615678179533
chr3	152678677	178611442	0.447850222443621	798	0.0988516251551448	1.07097302271215	28711	0.412945396077991	4	3	1	-6.73430744656522
chr3	178824633	187048309	0.498849908059568	533	0.098798428943527	0.898124947930952	21228	0.342609217599913	1	1	0	-6.79145192469894
chr3	187104224	195356223	0.498817932517551	436	0.104305578931652	1.08345272304107	11041	0.426395308413047	4	2	2	-6.73486191385952
chr3	195357933	198139899	0.498792983967083	492	0.114046241842624	0.849915648408114	10236	0.303170500788641	0	0	0	-6.73384540573966
chr4	45582	49092775	0.498902178513295	2481	0.0959961739884513	1.06531998496705	77332	0.407701330156432	4	2	2	-6.74693788967662
chr4	49097759	49711644	0.384384332666716	112	0.149395939160705	0.660135019593874	880	0.34119576538322	1	1	0	-7.20929044298087
chr4	51886646	190179582	0.498919529172452	5442	0.0937051196640551	1.10335673989579	182856	0.529821959332901	4	2	2	-6.92993362859839
chr5	153844	46206809	0.498870792549348	1960	0.0956539749536883	1.09794226478317	60951	0.442460623793161	4	2	2	-6.79655782159095
chr5	49600499	49666191	0.350343747631877	37	0.123901061226177	0.529818176348344	280	0.195700852204346	4	4	0	-7.27806582450944
chr5	50451971	68876700	0.498891239859215	733	0.0904532394202009	1.1675925405306	25245	0.436792110461733	6	3	3	-6.75388259133347
chr5	68876806	181283430	0.498917408888922	4910	0.0912393576912214	1.05751816734457	192454	0.40237794641784	4	2	2	-6.84047555751733
chr6	164113	31484490	0.498900166011144	2282	0.0922545308271157	1.08198523526426	67008	0.412383325253068	4	2	2	-6.73803288177563
chr6	31489965	32423127	0.498870396180156	231	0.087826085353877	0.956351434569696	10442	0.252793183552158	2	1	1	-6.733231740879
chr6	32438753	33086809	0.498920872502855	363	0.0964270251506195	1.22492074972918	2941	0.345529060307356	6	3	3	-6.73583691441647
chr6	33092219	60964236	0.498912847556072	1815	0.0924735402932573	1.0587371011729	67708	0.370271847991523	4	2	2	-6.76060290114013
chr6	61134108	170594710	0.498910914283632	4333	0.0970989475593727	1.04416349625177	152828	0.400576820006361	3	2	1	-7.04742259856912
chr7	35488	6899014	0.498844165427714	869	0.0991589009423152	0.891109332773924	23024	0.335292291049299	1	1	0	-6.79566963211166
chr7	6922830	55764028	0.498899973646024	2264	0.0900710198915553	1.14063869134158	74947	0.422400409572196	5	3	2	-6.78515955905171
chr7	55764668	58091475	0.460975868050246	221	0.0966561562771728	0.897261049836902	4565	0.393642934577283	1	1	0	-6.73652964255233
chr7	60958067	77130848	0.498856630236738	1251	0.110660973370643	0.887566413341732	33582	0.380968638299164	1	1	0	-6.79654541523893
chr7	77133634	97988231	0.498868202148113	709	0.0909026977761058	1.15856959146262	29862	0.418804498282104	6	3	3	-6.78362943713522
chr7	97988346	102737942	0.494268945190463	655	0.097273196886422	0.822665197643072	26079	0.286675349743399	0	0	0	-6.75876224684653
chr7	102738028	108198444	0.498859579555891	389	0.0937484145573941	1.11304869930238	14775	0.389929334329062	4	2	2	-6.75936813318085
chr7	108215507	128191737	0.498859380061429	536	0.0813962472869298	1.28052649384926	23322	0.461429434158989	8	4	4	-6.75341851489409
chr7	128208029	138304486	0.498852958285932	583	0.0949611605384554	1.09187284807933	23508	0.406609050938351	4	2	2	-6.74221669256881
chr7	138305772	140787402	0.498815742397012	239	0.100707337858055	0.86133377253481	7871	0.336577494135761	0	0	0	-6.73824307847406
chr7	140839865	152176768	0.496573184035491	943	0.0922564792706297	1.00833364183594	28779	0.337214378596204	3	2	1	-6.7809274744452
chr7	152231395	152768787	0.257434628254923	145	0.120736592268639	0.830976104188519	1654	0.347766481772367	7	7	0	-7.40247130437307
chr7	152771297	159195318	0.498807297191098	338	0.107098445130704	0.970646050523959	9469	0.370436228852072	2	1	1	-6.73675977275241
chr8	224347	12664175	0.498843211372936	846	0.113181042336843	1.02386338082573	16274	0.383178912710745	3	2	1	-6.76950575106787
chr8	12664204	43500515	0.498880011890529	1554	0.0936646339705683	0.966919281485127	57388	0.367884722574652	2	1	1	-6.74092849992676
chr8	46075200	142682339	0.498910815461441	3612	0.091603455486835	1.14019733938763	129205	0.444755526325546	5	3	2	-6.78896258536521
chr8	142682540	145055416	0.498879549830734	477	0.0892383776072968	0.942857245772307	15126	0.273631189430621	2	1	1	-6.73903224240544
chr9	103776	39033218	0.498870684650977	1953	0.0953250860977751	1.00181066536875	59674	0.385844230563409	3	2	1	-6.81768084272361
chr9	39034499	43253957	0.498735174077417	258	0.108103065686904	1.03561035770178	2450	0.456257928527299	4	2	2	-6.74983387270179
chr9	61902966	68410561	0.324081138127819	182	0.122693055789327	1.03399651542612	2364	0.40418984708141	4	4	0	-6.95144375744327
chr9	68466018	132595219	0.498888073151856	3603	0.0975042600305814	0.963897001836535	131802	0.364818451386569	2	1	1	-6.7387867821048
chr9	132625916	138220869	0.498874852971149	885	0.0932833414964944	0.9004254204206	26613	0.28012496511411	1	1	0	-6.79783404204282
chr10	47485	11843396	0.498830717531134	603	0.0952037012778473	0.999386987608763	17120	0.385568104541042	3	2	1	-6.79621125993572
chr10	11847694	39475690	0.498866513410662	1704	0.100402227489151	0.960626404568822	48290	0.374422046224731	2	1	1	-6.73323293958905
chr10	41859788	42245902	0.48971605491681	33	0.109089890304586	0.636024668963639	193	0.287331553585917	0	0	0	-6.95578273780365
chr10	42252276	67793736	0.498850945959837	1056	0.0999392760436533	1.06246465705299	32913	0.405613353588373	4	2	2	-6.74547159283926
chr10	67794258	103747387	0.498875177112228	2124	0.0933137056709413	0.93567430159174	86008	0.347181734978265	2	1	1	-6.84538913046724
chr10	103760736	133787118	0.498892002876547	1648	0.0929020463786189	1.07786850072252	53472	0.389137875719148	4	2	2	-6.73408930830839
chr11	197557	4107615	0.498857408728929	676	0.0908917543219715	0.873341102143392	19089	0.271725143620115	0	0	0	-6.76880328795933
chr11	4110494	45856572	0.498898915739364	2168	0.0893204037738572	1.04678289331229	70859	0.373203510315528	4	2	2	-6.85593059947712
chr11	45869957	50489630	0.498838248617278	284	0.0856169168883857	0.875001308089304	14966	0.312216639388531	0	0	0	-6.76877982468998
chr11	54592041	62421738	0.406196572687275	484	0.0921865319232453	1.28868651950511	27905	0.424875137124922	8	6	2	-6.73938345887059
chr11	62422976	66567085	0.456260594487828	431	0.0784969901793733	0.845522879550394	28386	0.250433059210262	1	1	0	-6.90824270789396
chr11	66568077	107805971	0.49888211508857	1883	0.0899169180481329	1.12951429676091	81717	0.447614200755646	5	3	2	-6.77733957612792
chr11	107811632	107952594	0.234155475302883	9	0.15032381714153	0.740891403911433	322	0.292232011371828	9	9	0	-7.22835129624293
chr11	107989800	135028117	0.498886390157096	1592	0.0912528694085739	0.968901210230661	57480	0.343935940072024	2	1	1	-6.745764273357
chr12	12920	56312	0.302307305527368	24	0.102763121098821	1.54519137829514	127	0.523507816747492	13	12	1	-6.73318694904181
chr12	57698	34523014	0.445007249127831	2478	0.0986708792901932	1.12591798177136	81544	0.433154641888552	5	4	1	-6.76439613145051
chr12	37418138	48745033	0.498885598248097	593	0.0867129756644315	1.13735174174894	21024	0.402155433430345	5	3	2	-6.78062898355751
chr12	48759374	108742364	0.498904584982742	2747	0.0961222746717883	1.01069534568419	130314	0.373278392397475	3	2	1	-6.79136043087593
chr12	108755286	125084442	0.448700053628051	1018	0.0990555026296938	0.856074515040819	54553	0.318988259842282	0	0	0	-6.90765075531687
chr12	125103160	133219159	0.498823592000645	502	0.0960469462532023	1.05716038601919	16019	0.409256928406488	4	2	2	-6.74106028908777
chr13	18177561	114332365	0.498892276451404	4021	0.0975922230154302	1.04214073024504	124166	0.402002537343584	3	2	1	-6.98157985789478
chr14	16037132	16402213	0.498619558558055	2	0.282842712474619	1.04037750026039	35	0.253019197464766	4	2	2	-6.73666483588648
chr14	18296555	19690940	0.337087008471752	91	0.134900423638787	1.11399929722669	1623	0.366937759727453	6	6	0	-6.77030617704496
chr14	19733813	21868938	0.498871413188538	361	0.0895318318105695	0.975282251930909	10114	0.29110119298808	2	1	1	-6.73707853712009
chr14	21869000	22547516	-0.000104805155778584	121	0.0772307978933967	1.29700582364224	2724	0.356554809586159	20	20	0	-10.0271681456081
chr14	22547755	77948572	0.498904504980436	2885	0.0937776994070977	0.995798725680136	110228	0.384746913349845	3	2	1	-6.88305461855337
chr14	77970993	101046908	0.498875922984598	918	0.0917885967955063	1.01047447804978	36815	0.414572683775409	3	2	1	-6.78872973795006
chr14	101048034	105851812	0.498862731441528	595	0.0965658390769317	0.861017201399335	17671	0.288263720904292	0	0	0	-6.74613585069053
chr14	105855041	106838473	0.498911568299397	299	0.0900020763728868	1.1387284616088	4585	0.291491413254223	6	3	3	-6.74652848355665
chr15	19876640	22237441	0.49871908163072	342	0.123464334794923	1.07228638259471	5029	0.347725957439118	4	2	2	-6.7331579286022
chr15	22237563	45846416	0.498883592292956	1612	0.0959336578484172	0.942996461786868	61987	0.343596113085716	2	1	1	-6.76958241258417
chr15	45887645	89564567	0.498904102271522	2691	0.0912777438487177	1.09651897656761	108384	0.410779434669728	4	2	2	-6.79470703698661
chr15	89564842	91034904	0.498853394998283	295	0.0814669773354335	0.922641484879409	8166	0.294389343329827	2	1	1	-6.74883420599194
chr15	91035002	101829207	0.498866118259632	643	0.0894248361514699	1.11668607369701	15540	0.439218825683264	4	2	2	-6.78182593618217
chr16	11651	4999354	0.498874172088797	1110	0.0986665573377161	0.823638045838225	32687	0.261382387046682	0	0	0	-6.76032923270353
chr16	5000896	34266509	0.498866874750277	1724	0.104098837911986	0.913409000889597	75062	0.348070086651744	1	1	0	-6.8076317567142
chr16	34574009	35531595	0.485946373935446	31	0.135371928920973	0.912768049089848	829	0.47961334047793	1	1	0	-6.74380500041159
chr16	46386441	46401545	0.484311355077812	45	0.114800252524975	0.446843451263306	444	0.143474956435164	0	0	0	-6.91747443184306
chr16	46550517	66612688	0.498841341286421	803	0.0975746903840257	0.962913892934965	34896	0.376160744192288	2	1	1	-6.73410555736621
chr16	66745567	75753852	0.461800610588291	828	0.103132995004761	0.835394211273269	35764	0.294534877267927	0	0	0	-6.82150987303399
chr16	75760840	90202898	0.498868528198248	1371	0.0953464358723751	0.919815043462039	31634	0.350132511599259	1	1	0	-6.82168082209554
chr17	293754	2947193	0.498790203482769	388	0.111517486928196	0.770867560905704	10842	0.273217043811263	0	0	0	-6.90544688014466
chr17	2965641	22715632	0.498875193452884	2273	0.100393539802447	0.949716955809325	75275	0.336578649778465	2	1	1	-6.74436783458647
chr17	24421438	26619964	0.310950707577413	12	0.177542376503598	0.558194012981326	82	0.224442127493474	0	0	0	-10.0904200212408
chr17	26756072	83214512	0.498916256177087	4647	0.094940939083311	0.931814605940968	201089	0.343179851452391	2	1	1	-6.97221498395859
chr18	47554	15378177	0.498853857918366	982	0.104382862262642	1.05325200424415	28426	0.40440962456491	4	2	2	-6.75605691638813
chr18	20940859	80250797	0.498900722011856	2335	0.0878699186605427	1.18644487136371	82681	0.46258719070711	6	3	3	-6.7345656074174
chr19	103498	19320614	0.498913584610959	3629	0.099798887518273	0.816296336640054	118871	0.26798332036145	0	0	0	-6.91256507610467
chr19	19321154	24394059	0.498866450443262	680	0.101085766261583	0.952801312127139	17786	0.319270356876325	2	1	1	-6.73462867789248
chr19	27867463	32658862	0.498781139217061	190	0.0965607139796834	1.05426416312259	5931	0.439127469616061	4	2	2	-6.73866229600793
chr19	32659177	44874077	0.498895072872689	1858	0.0920302866317652	0.888963822533914	64957	0.409536429422585	1	1	0	-6.80885739498873
chr19	44878777	50437743	0.498851042715691	1059	0.102478307612731	0.765775052309605	35088	0.251593605502738	0	0	0	-7.19922776141216
chr19	50446262	52353702	0.498875997434524	346	0.0817919222623708	1.04165707972939	11099	0.341145610460098	4	2	2	-6.74276835729342
chr19	52357374	54820202	0.498852997272133	897	0.0961880448032465	0.967959070598148	18650	0.281042382253366	2	1	1	-6.73451116559456
chr19	54821445	58599150	0.498885828760539	705	0.0954664576054022	0.917745775124578	23389	0.301070850979513	2	1	1	-6.78250970719564
chr20	101498	6610765	0.498867277379808	688	0.0990574694118764	1.01329484794158	19827	0.355969478429273	3	2	1	-6.77828858468014
chr20	6611540	26208565	0.48537694328212	894	0.0932581456127086	1.16306998665908	27542	0.431742867842244	6	3	3	-6.78048250566858
chr20	28559257	30891316	0.496282747455853	624	0.118569551684039	1.01325088005356	3018	0.721812681762714	2	1	1	-6.74154748457788
chr20	30901915	31074286	0.498260426495321	24	0.173735597880844	0.74006716109906	174	0.364400627999641	0	0	0	-6.74662513537629
chr20	31244855	37277605	0.485223736174265	607	0.0938228702809771	0.910781338242274	26223	0.320704346415535	1	1	0	-6.75624479743827
chr20	37338518	64266536	0.498886781283222	1812	0.0926137098522955	1.02221370898724	65503	0.373689096509061	3	2	1	-6.78708365026128
chr21	5032028	10643508	0.356938670798219	775	0.120142847974039	0.908952439118031	4483	0.348258863075917	2	2	0	-7.08755006242165
chr21	10643720	13113074	0.498417638236357	49	0.151065962976668	0.741639822487543	335	0.288575879787019	0	0	0	-7.01902503051793
chr21	13227689	46666615	0.498879307019145	2015	0.0951487718572477	1.02715150424065	58095	0.392411437555977	3	2	1	-6.79389772880601
chr22	10662913	12705412	0.316607789014763	742	0.122959532169854	0.940867525154146	3464	0.364371032441179	4	4	0	-7.11448315232605
chr22	15541395	50808384	0.498896023247307	3317	0.0985379846935392	0.996788163364743	120135	0.364782118125139	3	2	1	-6.8430997948725
chrX	260252	2732506	0.498807076727837	450	0.124722935683353	0.810264197851947	5858	0.356501882453817	0	0	0	-6.75298068434526
chrX	2732773	58052043	0.49886549288977	1649	0.0985231410208802	1.07283855492661	95246	0.435767339347767	4	2	2	-6.73368544075802
chrX	63338333	155985447	0.49889450745465	2170	0.0950698723698185	1.03200456725391	124535	0.388363200042102	3	2	1	-6.8576066957587
chrX	155985470	156030670	0.0325063906134668	9	0.218640686972942	2.72247052609582	131	9.22200512897415	20	20	0	-7.11057935088528
chrY	10796683	11722112	0.498705661400891	43	0.131568003461646	0.695890374741201	218	0.302549935641077	0	0	0	-6.95207848341582
chrY	56826657	56887043	0.496024615757002	180	0.124659862365222	0.896577541084375	543	0.375663097004918	0	0	0	-6.73455989064272
