chromosome	start.pos	end.pos	Bf	N.BAF	sd.BAF	depth.ratio	N.ratio	sd.ratio	CNt	A	B	LPP
chr1	69511	13225047	-2.00083953610375e-05	948	0.0437303558945275	0.484155068721192	30101	0.162788931587426	2	2	0	-6.74957230954731
chr1	13225068	13242286	0.000725502014293805	12	0.172289573015017	0.430944569456188	81	0.231613890871088	2	2	0	-6.73599464834252
chr1	13245496	15690069	0.000447815681535513	127	0.0520899146198126	0.481974667014045	3351	0.177635925152794	2	2	0	-6.73973384910921
chr1	15727156	16410051	0.499038520942071	151	0.0887015961340769	0.953674063259181	4719	0.300657821138384	4	2	2	-6.73543357070724
chr1	16475775	16942249	0.348883741186393	202	0.110618523921581	0.938912740946698	2266	0.295851602079384	3	2	1	-6.93742719963783
chr1	16946998	60750481	0.498915098148309	2832	0.0940094157384353	0.980590103532588	133523	0.342341651823034	4	2	2	-6.73902721547385
chr1	61088129	61833679	0.449047318783211	27	0.19845790098038	0.714172679885761	785	0.354123116398321	3	2	1	-6.93246334494977
chr1	61864321	120548404	0.498902608388587	1793	0.0898513357481636	0.979689471056789	82724	0.33303278808365	4	2	2	-6.73876897594206
chr1	120578712	121530950	0.373643832465526	26	0.153057781949774	0.959585700082139	728	0.318172251831667	5	3	2	-7.05857782848299
chr1	123926271	143474978	0.327551935681244	32	0.124453575843857	0.855799945003758	731	0.439031097775769	4	3	1	-7.85323403279897
chr1	143542957	146140091	0.49882747339657	100	0.114273478457549	1.86631962259262	5978	0.616168358623268	8	4	4	-6.74118724061419
chr1	146329159	146738575	0.0213217556856584	10	0.0584313462297611	0.948012322706644	365	0.394004613088132	4	4	0	-6.81317518953531
chr1	146757826	149475955	0.329824518671492	195	0.108773176194183	1.51878035578858	5476	0.61235028673495	6	4	2	-6.73966115678014
chr1	149562398	150308908	0.0216786879907547	55	0.0627256223859413	1.00398833831689	2677	0.327492763398063	4	4	0	-6.80729826247764
chr1	150318165	157527370	0.334903544690556	1065	0.0968639305340836	1.43297277110034	55361	0.473564251705848	6	4	2	-6.74166006213548
chr1	157534328	158755932	0.028487789818497	94	0.0270537755573181	0.982721277065772	3894	0.255663354689603	4	4	0	-7.33451696921588
chr1	158860900	159515206	0.335505789737559	36	0.103512348776396	1.44346304325297	1623	0.472510892202142	6	4	2	-6.73362303169883
chr1	159535507	164966040	0.498885360077968	444	0.0895931404216162	1.86690986270178	22227	0.670502103754128	8	4	4	-6.74719902263844
chr1	164974452	166304029	0.0345489579892578	64	0.059523496427748	0.979689727813605	1587	0.358819294546317	4	4	0	-6.92875777279766
chr1	166352787	168495544	0.333856065406859	149	0.101742050141102	1.44043004300453	5934	0.499581958463559	6	4	2	-6.7343285084092
chr1	168523519	169114868	0.0294921046389469	23	0.0389894583908606	0.976452558483415	412	0.379527719219327	4	4	0	-7.05806608347481
chr1	169247207	176377376	0.330443574914546	368	0.105112634110851	1.60086908406748	18145	0.669242219245722	6	4	2	-6.80957326665261
chr1	176690327	177819987	0.0162072684315536	15	0.024315975544211	0.940085384883538	1089	0.247232959027335	4	4	0	-7.00357958194819
chr1	177936334	184983129	0.331206665975071	531	0.105563527396801	1.53176282126094	21345	0.574427344750571	6	4	2	-6.75990915041165
chr1	185090186	188393052	0.476328734388351	177	0.0947117701325635	1.92655707577642	7943	0.751200019028135	8	4	4	-6.77084031338746
chr1	188572863	189905463	0.0315064603359825	20	0.0869491684533949	1.02781336612136	326	0.579135614539734	4	4	0	-6.81727599698299
chr1	189989860	204449811	0.325121062467232	851	0.100872434012448	1.45200534066365	33103	0.493092446138204	6	4	2	-6.73916256538006
chr1	204454055	206124163	0.498932740902795	143	0.092468180604509	1.13202952744154	6412	0.404694195599651	4	2	2	-6.8655282294203
chr1	206393536	206482075	0.00202711158677749	14	0	0.517408727224807	351	0.149095907378672	1	1	0	-Inf
chr1	206492563	208889662	0.499039587991862	119	0.0818624537275473	0.95956370481167	5380	0.297032817014732	4	2	2	-6.7375666843111
chr1	208902587	213007021	0.0522020280307021	138	0.0782849687850138	0.524051233484477	4881	0.185903417830914	2	2	0	-7.33444165064304
chr1	213144453	214741496	-0.000876525778915199	49	0.095005263012109	0.971700806044046	2100	0.320711026375817	4	4	0	-6.73322741315994
chr1	214889375	216325650	0.0777572270734477	28	0.0768838538584467	0.51810756092415	1398	0.15542401540922	2	2	0	-7.41844666899513
chr1	216418661	222664874	0.499052836774073	210	0.0887877236838806	0.982164570729764	6895	0.366414619427637	4	2	2	-6.73436722828035
chr1	222712777	224560736	0.0583431866235915	112	0.0613300818639715	0.507268859040503	2930	0.176141988828622	2	2	0	-7.2864427789114
chr1	224574465	228650058	0.498867805251354	304	0.097411233270117	0.954482928335249	11869	0.321471534186673	4	2	2	-6.74438166972382
chr1	228650833	241127374	0.0572159950711502	541	0.0829891494423992	0.515456974037747	15187	0.188263860952315	2	2	0	-7.58824924256451
chr1	241548722	248635524	0.498857240851729	502	0.103754405593719	1.04204119273115	15225	0.436781100266214	4	2	2	-6.82842863992788
chr1	248638309	248936648	0.498019821540777	11	0.191056203058871	0.925513348318329	725	0.25551969737725	4	2	2	-6.74068925199545
chr2	576262	37255742	0.498896268202481	1522	0.0921593002629905	0.951418716459002	58871	0.319298540043406	4	2	2	-6.86571424561839
chr2	37277962	37481936	0.0383773120555925	18	0.0621313178163378	0.532271161445169	252	0.17390276487433	2	2	0	-6.98430788508389
chr2	37662840	91960535	0.498897620145137	2057	0.101392526035894	0.953755171338822	79008	0.334029313068105	4	2	2	-6.87874916618367
chr2	91960709	92006131	0.119849830797482	16	0.118727260980787	0.807460710407301	55	0.257241939598145	6	5	1	-6.96708025593231
chr2	94190317	95939051	0.49912416273467	45	0.0853137584082273	0.940028418572918	2762	0.289147228659522	4	2	2	-6.75032170902353
chr2	95939110	95954090	0.238444182195065	57	0.131464926662422	0.758796282470481	170	0.300151802932019	4	3	1	-6.74395488373171
chr2	96106976	196343807	0.498906961612543	3044	0.0982049517322983	0.95421817673855	135748	0.316990221210327	4	2	2	-7.01260116181587
chr2	196379401	219637693	0.339121749934709	1382	0.0985338997026043	1.43317972878576	65569	0.486905734884599	6	4	2	-6.76052978424631
chr2	219640699	242183177	-0.000433384332859554	1048	0.0233387253117713	0.481676902052693	30661	0.162895902977993	2	2	0	-6.8130170734116
chr3	51248	2382444	0.409448955599956	92	0.114036328253284	1.24945054469	1695	0.737928582985942	5	3	2	-6.73866271549052
chr3	2449392	17297660	0.244861305116368	1373	0.102450306388781	1.90809631147105	49531	0.731399681288828	8	6	2	-6.74280997087891
chr3	17371970	28316566	0.345922809502803	266	0.10727559137055	1.40130111806579	11240	0.619712611767294	6	4	2	-6.77320530850664
chr3	28340396	49390500	0.498888808873532	1078	0.0936370180698707	0.951789806735081	52565	0.318934435705145	4	2	2	-6.80775188088377
chr3	49394988	50387746	0.334874394678414	105	0.0926238078477655	1.36227026921684	10984	0.441427739297933	6	4	2	-6.74881413067126
chr3	50393979	75631061	0.498878417215881	1016	0.099304309896812	0.985885613320695	43215	0.336134479755504	4	2	2	-6.7479163030337
chr3	75659064	75772805	0.130805480002333	148	0.156815106317619	0.776086844558639	557	0.341320870303379	5	4	1	-6.96493304988951
chr3	75783425	90507212	0.49880353283005	196	0.106510624514574	0.935235481195279	6270	0.365115532515934	4	2	2	-6.84894786599368
chr3	91445573	93844768	0.498072494759784	9	0.215162729114501	0.404339077815738	106	0.52864817922171	2	1	1	-6.90911721397972
chr3	93879279	197755816	0.498913068057946	4003	0.0955595723008175	0.996181920540319	155272	0.33828771020083	4	2	2	-6.96235483044818
chr3	197758169	198150609	0.498254096892974	17	0.187348566298538	1.02090246012333	1540	0.330793637004033	4	2	2	-6.73751914925856
chr4	47230	48851702	0.498889937687147	2040	0.0991961956048489	0.947921854525235	66488	0.329839726325048	4	2	2	-6.94761632561913
chr4	48931593	49609252	0.103576045666362	42	0.16380827154263	1.02228994271889	662	0.575138255044784	4	4	0	-6.96649320825158
chr4	49609255	49711665	0.0230376908260023	9	0.0223383079036887	0.766085789274047	63	0.618023979736167	3	3	0	-7.31196565750942
chr4	52076798	54691818	0.492984256467803	76	0.0838656684876308	0.977442145311942	2899	0.362256987150005	4	2	2	-6.73726989618935
chr4	54723492	55416135	0.199889878913648	36	0.108818226181124	2.13786956675776	1812	0.881785899107791	10	8	2	-6.74229232216373
chr4	55448670	58507284	0.498973831858704	140	0.0928751825705492	0.966740504619386	4941	0.329551795302756	4	2	2	-6.73449733275786
chr4	58749483	189984205	-2.83658655332308e-05	2732	0.0291614203065203	0.513602075863696	95106	0.189673382852464	2	2	0	-9.96936125119564
chr4	189984440	190179679	0.354391976967677	14	0.118652345618952	0.751241193559655	164	0.388412516285357	3	2	1	-6.75241120463259
chr5	36595	1285860	0.188496031275418	273	0.0882589087034543	2.48801871748008	9059	0.789250245000143	11	9	2	-6.74329110788554
chr5	1292868	5200317	0.269024681859069	180	0.116057914196095	1.62561737756485	4296	0.687227151904914	7	5	2	-6.75730134406162
chr5	5206166	7757592	0.229486300533408	97	0.110366958596439	2.05474038394964	4500	0.909298445245723	9	7	2	-6.7436919133395
chr5	7757602	9914358	0.49871120847545	53	0.150801054074614	0.945568166786939	1518	0.46532055342754	4	2	2	-6.73889652915449
chr5	10000705	15927818	0.00464416045485394	151	0.0420995792085435	0.490057692762624	4314	0.191183054867051	2	2	0	-6.74243008609235
chr5	16011335	28501748	0.194912030442136	600	0.099889298269318	2.47982259229767	17294	1.50344491634314	10	8	2	-6.735503517622
chr5	28773111	32987167	0.498970777693449	158	0.0925252865237133	0.997941348299384	5239	0.360564417885795	4	2	2	-6.74309076566705
chr5	33062083	35860966	0.148200498763443	358	0.0940454169224136	3.11570614158404	11336	1.41410557766186	13	11	2	-6.73544716046492
chr5	35873503	35965509	0.239862696082153	12	0.0755590778293663	1.00301248628941	259	0.233403441559846	4	3	1	-6.74459043395717
chr5	35967898	36365547	0.166481725200747	41	0.0857787283882341	3.08890736372495	2341	1.13049709581108	12	10	2	-6.73357573874681
chr5	36370787	39021267	0.320592185634233	128	0.105101003339888	1.51143722367334	7064	0.53598220360302	6	4	2	-6.7476171832929
chr5	39052218	40320162	0.161413401081816	105	0.0997601409095121	3.18581539352097	3237	1.91279709321098	12	10	2	-6.73618916529148
chr5	40687361	41160209	0.499307213735446	39	0.0585412066368121	1.02279537583443	1773	0.258614426709698	4	2	2	-6.74258113535844
chr5	41320792	42565725	0.0028823102333928	24	0	0.490564991564223	662	0.185992696285407	1	1	0	-Inf
chr5	42679406	46206799	0.475242308527514	85	0.103021498395493	1.02165484951297	3253	0.401098960936925	4	2	2	-6.79538737079318
chr5	49658736	69504644	-0.000353925142220213	397	0.00717696426916749	0.49357379994318	14307	0.182053883190509	2	2	0	-6.78413827839016
chr5	69566535	71207763	0.123829955797811	14	0.155616621756909	0.716265447387768	294	0.673843749893825	3	3	0	-7.09172998062484
chr5	71396636	138578193	0.000551813971574111	1273	0.0271282171612512	0.487359576056946	52088	0.171224938073334	2	2	0	-6.7343082072076
chr5	138627112	179293967	0.498914252415822	1937	0.0966879853189241	0.954664187115747	79084	0.320147736927797	4	2	2	-6.84271964546819
chr5	179329056	179802039	0.312564395248857	75	0.102874194139346	1.34997319982375	3224	0.470397827695968	6	4	2	-6.76571403522146
chr5	179824475	181281814	0.498817701640108	201	0.10499991779196	0.950405700309525	5487	0.312162179165763	4	2	2	-6.73922449270509
chr6	203845	356417	0.498663704127302	26	0.180079930970837	0.44429879183337	270	0.142561252249638	2	1	1	-6.77207641508433
chr6	367352	2784563	0.000986735166855102	73	0	0.464505165770484	1576	0.1685573405241	1	1	0	-Inf
chr6	2834031	3085243	0.485941602381284	17	0.100585930486151	1.00868036798307	686	0.3443901195419	4	2	2	-6.74614337701206
chr6	3113038	3243825	0.49776109206372	16	0.142226799514016	0.61916346726487	389	0.322951792975708	2	1	1	-6.77567388608267
chr6	3285004	7271371	0.498801725362682	158	0.11571793869912	0.989408346667139	4950	0.381296264615874	4	2	2	-6.73635929941884
chr6	7295007	7346505	0.00201723472078708	13	0	0.483161144284228	223	0.194163098167123	1	1	0	-Inf
chr6	7373016	9181712	0.330959833977	116	0.107005121148588	1.52549623381006	4139	0.571060941664053	6	4	2	-6.73907685171183
chr6	9245235	16909089	0.197720796977413	816	0.0987208742128688	2.43511518664776	25852	1.25145563674631	10	8	2	-6.73335663506254
chr6	16912647	18027416	0.295514043793654	99	0.112046657758004	1.48457298705356	4022	0.577698004846809	7	5	2	-6.77650344844493
chr6	18028340	23981897	0.49877743105619	176	0.109400536425238	1.08436951933827	5769	0.504456407084199	4	2	2	-6.88608308331773
chr6	24091143	26020816	0.0266261570886139	141	0.049198080909187	0.497450298767206	3648	0.166163912412111	2	2	0	-6.91992685404403
chr6	26093008	29871644	0.498852414627241	367	0.0980430857986441	0.835197710965306	10595	0.260872048519893	4	2	2	-7.4454034728161
chr6	29874725	29938995	0.074544289101485	28	0.114205624218664	0.912694691132933	252	0.362134372553698	4	4	0	-6.97965111095614
chr6	29939049	30762568	0.455103113470847	213	0.0982048568329072	0.867033761615631	5026	0.243781863788938	4	2	2	-6.96935614965993
chr6	30792750	32473619	0.358395307543938	748	0.102519418226022	1.25991076689131	18968	0.338069663044736	5	3	2	-6.83963722491239
chr6	32485564	32636822	0.206048143204339	42	0.126685415661121	0.898760482668991	177	0.499713916037322	5	4	1	-6.76804756587809
chr6	32637507	41052484	0.367768144906987	921	0.0987130753896943	1.27011666369155	34063	0.436795501590879	5	3	2	-6.83985752874445
chr6	41069031	44310332	0.202753982959651	285	0.121505544243616	1.29543705992431	18350	0.828688161967092	5	4	1	-6.74366693559195
chr6	44335120	48851313	0.394150246836692	143	0.123825511560055	1.4636331321056	7165	0.910615450704285	5	3	2	-6.84129965065611
chr6	48952215	50570783	0.206744046360229	58	0.104901660802875	2.39628703304147	2893	1.39033831456104	10	8	2	-6.7356647105494
chr6	50708500	58380586	0.353041316534388	272	0.0968423476308805	1.39822913454746	15640	0.640889035142813	6	4	2	-6.78090731475165
chr6	60272666	60932089	0.0634139067463368	65	0.0659512130290262	5.7887362855058	1997	4.0753426379501	16	15	1	-6.73684751625393
chr6	60964215	67195888	0.154383749707758	166	0.102267098867477	2.49661530804526	6337	1.92894271297635	12	10	2	-6.76694993129398
chr6	67933719	170594710	0.00228879942990634	2447	0.0327810678479582	0.48408929810669	85410	0.171504562083733	2	2	0	-6.85449061763212
chr7	50354	56015939	0.498903970924273	2676	0.0973736800909365	0.961061349846694	86205	0.33465652101564	4	2	2	-6.79961640563978
chr7	56016896	56021340	0.01447428379601	13	0.0674124313271365	0.754150901667621	68	0.252630725294052	3	3	0	-6.76060207994922
chr7	56024118	58091518	0.498670234447104	87	0.148443591530069	0.933732220087132	3264	0.355930406157842	4	2	2	-6.75182520941943
chr7	60958067	65957436	0.498732365532456	351	0.137186170663247	0.944689849986994	6400	0.346968811245908	4	2	2	-6.75873857820156
chr7	65960907	100952148	0.498892112629131	1655	0.103522215725106	0.968569164981824	70094	0.35058543371431	4	2	2	-6.74192860850845
chr7	100952233	100959720	0.143444864538871	55	0.111039101918568	0.725274823385496	394	0.258655351139452	7	6	1	-6.78185636548336
chr7	100959783	101004095	0.498565043814627	92	0.135942855588907	0.861959531673455	937	0.204785733154589	4	2	2	-6.74279853668819
chr7	101006396	104350819	0.498839665757489	302	0.10426996823942	0.951491365593155	11898	0.315976054366323	4	2	2	-6.74562384753762
chr7	104420854	104764461	0.497782093151253	10	0.187413654192478	0.743650330784422	175	0.529831515990336	4	2	2	-6.78674414565911
chr7	104902547	142752462	0.498888662617972	1451	0.0949785014942678	0.963440005325649	59397	0.319238595833248	4	2	2	-6.76775633744989
chr7	142752700	142774520	0.085150704497474	50	0.169335671953426	0.848351415306268	296	0.242872907478168	4	4	0	-6.88536351926751
chr7	142774654	152368626	0.498872244086535	633	0.098509349820815	0.939060097038088	21897	0.287669853365127	4	2	2	-6.83260327327339
chr7	152379803	152442787	0.254723808012711	76	0.147324458135478	0.672148647688929	296	0.311580888190336	4	3	1	-6.78718846010758
chr7	152446659	159234700	0.48502772430709	385	0.0933492322767931	0.94926777718474	9748	0.34874414362631	4	2	2	-6.7733235524277
chr8	232794	12185296	0.00249136545978695	705	0.0588510687022354	0.927934816649525	13351	0.341877547021364	4	4	0	-6.88401916220365
chr8	12185371	12584772	0.328396208877857	43	0.153820299003032	1.11602738403294	412	0.422943611583297	6	4	2	-6.83041958012776
chr8	12584800	28537850	0.000287860854843502	907	0.0139288813862279	0.945299499831841	27392	0.320775815934014	4	4	0	-6.82427239648626
chr8	28600029	28716863	-0.00319841251747544	9	0	0.898385663258157	242	0.442339857773844	1	1	0	-Inf
chr8	28737766	43500515	-0.000243541655736257	551	0.000913052250319352	0.941734548404822	25137	0.33691761151675	4	4	0	-6.87106439444743
chr8	45952323	58465117	0.000557455152778219	293	0.0146170880857891	1.00548671391215	13433	0.377910176936727	4	4	0	-6.78150527255918
chr8	58491742	145066250	0.00136878898084691	3743	0.0286019207239722	1.44811495320672	145519	0.699808738351246	6	6	0	-6.74599114780871
chr9	214427	39036783	0.00154692289844222	1104	0.0204918625351026	0.483421720412109	35571	0.170680693284837	2	2	0	-6.80022172014371
chr9	39040778	42877909	0.235184374270109	277	0.165381121016321	0.549580645097704	2167	0.226824297705469	2	2	0	-8.32942233442913
chr9	43242650	66826856	0.498448825777153	112	0.175151105704396	0.493316118041341	1269	0.238050085339541	2	1	1	-6.76469506188244
chr9	66908658	138120899	0.00202638604252645	2854	0.0397831578292066	0.482804583352691	102683	0.170031606231829	2	2	0	-6.88614446352275
chr9	138141483	138177317	0.0131035138990423	18	0.18745697545586	0.545346337495961	89	0.210629372679458	2	2	0	-6.74198473160411
chr10	47485	38455661	0.00113424800253253	1286	0.0279145844870754	0.483923235982943	37554	0.179360494868202	2	2	0	-6.7788626664997
chr10	38527682	39131435	0.498159304509841	30	0.18116818882927	0.60070221335006	183	0.27511210698651	2	1	1	-6.93375954041475
chr10	41860304	54430426	0.00115388619077084	416	0.113884389469039	0.478178139361969	11983	0.176467152961142	2	2	0	-6.82735717181034
chr10	54527737	102959621	-0.00020020548056654	2102	0.0152159164193761	0.960906067294327	91554	0.339302425420282	4	4	0	-6.79042859737057
chr10	102977972	103127818	0.0175166965912831	9	0.116	0.969946681693207	460	0.361436340202979	4	4	0	-6.74670325301691
chr10	103173692	112438224	-0.000604883297123049	265	0.00474795553485985	0.958125460225558	11572	0.324146527472993	4	4	0	-6.75991338553531
chr10	112440597	113024016	0.0182201527079344	9	0.128333333333333	0.959194713879958	550	0.372078084631559	4	4	0	-6.74582346242799
chr10	113034960	133689420	0.000228747232412507	1127	0.0447662145342777	0.973424704007466	37016	0.328240980687536	4	4	0	-6.7335993215747
chr11	197557	30336477	0.00245449538611719	1765	0.063546235366189	0.478500052959719	45699	0.153012091064094	2	2	0	-7.00625326533716
chr11	30417683	32917532	-0.000190623983661931	97	0.00101534616513362	0.965965168470777	3070	0.385571979212799	4	4	0	-6.75509009847482
chr11	32932798	50266210	0.00039101853536383	402	0.0230424656640863	0.485684827898128	19786	0.167612565749214	2	2	0	-6.74006490718511
chr11	54592419	56105858	0.498677998425585	29	0.188439815430309	1.1966010276599	2342	1.01804767871326	6	3	3	-6.76833305365997
chr11	56122419	56364662	0.161053456455663	28	0.153419622890394	2.50334216619211	1427	1.14635981398501	12	10	2	-6.73653165039793
chr11	56375958	56971613	0.49844385273441	56	0.175201816838116	0.939901457775958	972	0.238539060489717	4	2	2	-6.74177502757906
chr11	56989090	57548454	0.194679659797603	57	0.106971619218818	2.4286537477489	4261	0.697316652829038	10	8	2	-6.73452581189489
chr11	57552571	58108970	0.0848921543329546	104	0.0644304041512148	4.17494053771955	6228	2.46828171271204	12	11	1	-6.74028748128097
chr11	58203296	58358832	0.499484893329604	15	0.0530547785200308	1.00597001721189	386	0.268598387239417	4	2	2	-6.73430457081505
chr11	58366265	58527874	0.109960004858847	28	0.043097941246451	4.52401663851218	862	1.50297400450778	18	16	2	-6.73349651312903
chr11	58564284	66120945	0.000124706122435481	648	0.0227725634155037	0.481111845868929	28837	0.146491006127691	2	2	0	-6.77283340344335
chr11	66125899	66640387	0.0988087903117002	179	0.0659687389706172	4.5471521214714	13591	1.98047003091655	20	18	2	-6.73361314212895
chr11	66668975	67878446	0.250777754577801	204	0.106772742316958	1.99143354445287	12795	0.735230132500481	8	6	2	-6.73362280238004
chr11	67879867	69112649	0.123416406628453	333	0.0839858563320209	3.59892020521006	13959	2.12103944059661	16	14	2	-6.7343194424134
chr11	69134803	70452627	0.188202106576483	188	0.0892548507162472	2.47215504286462	6576	1.08187596650875	11	9	2	-6.74061118990846
chr11	70454171	72920510	0.223943302586638	373	0.0949893341061757	2.05703838741305	14017	0.746398279595983	9	7	2	-6.74440168913844
chr11	73249242	74965749	0.261856376363908	197	0.103251600657974	1.78968299633743	8871	0.698326552799032	8	6	2	-6.75664362176367
chr11	75014579	80394873	0.104018365930135	798	0.0708536874440421	4.26041746336123	36578	2.30002481972648	19	17	2	-6.7375214087482
chr11	80787779	86412425	0.000313462871134096	106	0	0.485127949370103	3725	0.173382019262111	1	1	0	-Inf
chr11	86422426	87469519	0.144811433596834	113	0.0820587922503607	3.11384641041674	3512	1.73297963521825	14	12	2	-6.73514643097656
chr11	87497871	134383910	-0.00114146235637874	1443	0.0215254083917259	0.48386581874589	52134	0.163860932790918	2	2	0	-6.8020238791786
chr12	12233	158989	0.307952556658193	18	0.1281360209671	0.816410168839912	298	0.310395601642328	3	2	1	-6.7674335941407
chr12	165406	25804028	0.498909271703133	1670	0.0935239167132371	0.940159843570265	55445	0.304371634974441	4	2	2	-6.9518348151282
chr12	25804106	25804438	0.0772510143572102	11	0.0631444232044144	0.596328736837963	18	0.0981577362028617	13	12	1	-6.79021810820423
chr12	25847603	34276724	0.498843254380638	447	0.0981015377471201	0.960365053233599	13887	0.336756160521561	4	2	2	-6.74408794067291
chr12	37544766	133234117	0.498918748988116	4782	0.0942611668430152	0.963238469496168	209406	0.318471043981016	4	2	2	-6.82324586912031
chr13	18177561	18213154	0.178482877711008	21	0.110758510368493	0.691595932442149	85	0.45246947000711	5	4	1	-6.78895701088572
chr13	18226578	41570717	0.498876436233653	1124	0.100339142527547	0.958433318554672	37460	0.326585908820482	4	2	2	-6.77403623988743
chr13	42002840	62892109	0.0308707640886048	386	0.0601339753684008	0.496773823857303	14511	0.185154245352245	2	2	0	-7.00670906328392
chr13	63052503	63057179	0.354129295432803	9	0.143886915473383	0.506938632758155	17	0.209066693552419	3	2	1	-6.75416730494322
chr13	63057252	88518638	0.0240074573392869	251	0.0687339461009882	0.485928806831994	8981	0.18985189365669	2	2	0	-6.81148194506779
chr13	89107379	114332365	0.498877182946367	988	0.0982900036168714	0.95131894580397	30176	0.331278464249719	4	2	2	-6.81920095171239
chr14	18314318	19680240	0.498454617737132	59	0.147031898955107	0.489724489362463	674	0.222357760085261	2	1	1	-6.73335790832976
chr14	19733881	106234934	0.000636570906399653	3323	0.0312280994171766	0.485068395106199	111178	0.170711312505025	2	2	0	-6.78818583380371
chr14	106334934	106762648	0.498517531484122	35	0.139288419710851	0.430479973803466	1160	0.127984699953135	2	1	1	-6.96830141653991
chr14	106823865	106875065	0.00108190323440083	16	0	0.414138512179941	120	0.137299922933463	1	1	0	-Inf
chr15	20046713	22431978	0.278151067433507	206	0.124876152428788	0.945470616700561	2319	0.37758898236678	4	3	1	-6.77320585181006
chr15	22549253	46875437	0.498890218042631	1539	0.0954733281551553	0.96026533984203	60502	0.304987473186774	4	2	2	-6.7720559050225
chr15	47070825	47526994	0.103271639264862	9	0.165329973084133	0.83360698981178	111	0.455037420138667	3	3	0	-6.98085243186671
chr15	47741710	56666830	0.498836999543785	451	0.102290267823252	0.981944568145115	18266	0.319629514954211	4	2	2	-6.73533456197656
chr15	56700646	56992174	0.0629852317835097	9	0.0973834060699141	0.500132897078362	160	0.17825817514133	2	2	0	-6.97751291320811
chr15	57072616	62686817	0.498858369678669	238	0.0905376977195928	0.962492103831177	9614	0.325232030475686	4	2	2	-6.7389141773278
chr15	62692675	62805632	-0.00298151111405176	15	0	0.47234459020765	397	0.13324047306399	1	1	0	-Inf
chr15	62838918	75301734	0.49888033187274	766	0.0908596108572701	0.966189992270386	35277	0.323042088644817	4	2	2	-6.7397925068425
chr15	75356985	78544020	0.423880636834309	203	0.117840462816795	1.3101217511307	11161	0.53669446646845	5	3	2	-6.79152179326056
chr15	78544377	101876423	0.498899654781854	1335	0.096849514864843	0.955250410692522	42599	0.320308021360534	4	2	2	-6.79291918437231
chr16	11641	9001997	0.498883974013683	1220	0.0947477886818774	0.901094830891654	39721	0.28285254195519	4	2	2	-7.13067502215745
chr16	9002780	13203385	0.37880927142968	428	0.107204554671315	1.34011980935739	11783	0.544696468415033	5	3	2	-6.83107347014161
chr16	13438162	16603989	0.00479993950091873	126	0.0887781597623743	0.484055074257393	5429	0.187733432547065	2	2	0	-6.73795144906139
chr16	16632234	16637251	0.0249584517857059	19	0.123359575207284	0.472550987715756	49	0.204678304500827	2	2	0	-6.75756274070367
chr16	16834181	31915018	0.00027450510846222	668	0.0591087048195729	0.47315199840098	32844	0.163916368969706	2	2	0	-7.03011442568645
chr16	32052353	35174097	0.440428592661537	69	0.180559463747678	0.551645571189841	1618	0.197241971759429	2	1	1	-7.45008809494068
chr16	36853598	46401466	0.410978522185553	63	0.108581896105209	0.699845683868886	820	0.206646787139408	3	2	1	-7.27939344399352
chr16	46571547	70123202	0.00253858600564377	863	0.0431096238807676	0.481948174657196	35143	0.163655161697347	2	2	0	-6.81052669169704
chr16	70126644	70164847	0.0288850968373904	28	0.182854005429434	0.500332628374012	564	0.171557325656529	2	2	0	-6.74846745502759
chr16	70199276	74027885	0.000626374925912776	171	0.0710142579810654	0.479523629623026	7790	0.170970983908291	2	2	0	-6.75590096290339
chr16	74332633	74418149	0.49832299943939	33	0.20512191496766	0.498788080752859	508	0.166527076244345	2	1	1	-6.73399090087338
chr16	74451890	90096004	0.00165402562412781	1106	0.0275162650927858	0.479573676235845	24128	0.168494410478839	2	2	0	-6.82893404406877
chr17	132129	21266966	0.498905663995886	2338	0.0953593123370113	0.950572992741909	85623	0.305445619336507	4	2	2	-6.82326985937317
chr17	21290834	24421526	0.270548986861929	316	0.139478015498191	0.824127189574517	1917	0.309989700396777	3	2	1	-7.11695040571662
chr17	25920193	27000484	0.483764112912871	15	0.166906674807325	0.638467890172384	136	0.273343473329371	2	1	1	-7.30947931171077
chr17	27001001	30959837	0.498848016065135	234	0.0963639150656225	0.977614311504456	17449	0.317812617794379	4	2	2	-6.73321918907192
chr17	30971286	31411153	0.0171123313195748	10	0.112436648829463	0.532307824979827	988	0.223362188715063	2	2	0	-6.78699284123636
chr17	31418114	61163112	0.498904422220944	2131	0.0956308176966232	0.97578729051989	104361	0.326243108511776	4	2	2	-6.73311730525409
chr17	61172493	64080959	0.347019759296919	206	0.0956585906861364	1.44206664547013	15219	0.495159816294547	6	4	2	-6.74681374349647
chr17	64121776	83135705	0.498906266255342	1901	0.0909768941610281	0.959424571287275	68343	0.310353717413233	4	2	2	-6.76589568851996
chr18	47554	2482042	0.369999671789174	179	0.134756526786343	1.35003200204562	4015	0.580696206664566	6	4	2	-6.80513185112419
chr18	2503166	3790446	0.214162809834851	295	0.102310152481651	2.29407941163938	7812	1.05737343786945	9	7	2	-6.73809640704361
chr18	3814148	7485434	0.34514672332669	194	0.0945138210729247	1.37824852331257	5566	0.49704873365934	6	4	2	-6.77422228390043
chr18	7517598	8069888	0.00202711158677749	14	0	0.468979887022046	234	0.195832500647977	1	1	0	-Inf
chr18	8076327	15341512	0.349043210290022	526	0.109089772070762	1.38177360021456	17328	0.511364508743302	6	4	2	-6.79979344689293
chr18	20946254	67766312	0.342264650598003	1657	0.103411307847896	1.38760711616152	70929	0.515589078542509	6	4	2	-7.02203257261745
chr18	67789067	80261982	0.20076036524343	730	0.0989452483636353	2.23961174892824	22543	1.04519013940981	9	7	2	-6.76389664219605
chr19	282753	3437095	0.498870117741923	755	0.0937624236467512	0.943165479010286	22201	0.321446203465892	4	2	2	-6.75393699081216
chr19	3447024	3550671	0.027978517172676	29	0.0390518160265994	0.513120394168632	575	0.163289154463668	2	2	0	-7.0321790080966
chr19	3559987	24394059	0.49892008948533	3844	0.0947879550374207	0.939819678894003	126834	0.306609011180184	4	2	2	-6.91288117933647
chr19	27646333	51325233	0.498917097572359	2725	0.0947055816722618	0.904485730628425	115720	0.286699306745133	4	2	2	-7.5880035994024
chr19	51332587	51364964	0.163191413706219	9	0.172294079991159	0.600611439358649	229	0.293012373615353	5	4	1	-6.87168194518658
chr19	51366092	58545676	0.498889916225188	1817	0.102270158467485	0.891233743311543	45514	0.263522050579637	4	2	2	-7.20157226286399
chr20	87623	25773465	0.498903033785004	1178	0.0917299645152092	0.953398280781177	40643	0.320976890677061	4	2	2	-6.81110379440094
chr20	25773519	25908986	0.0117162235301923	19	0.187167748508848	0.891296902343722	113	0.435476105031146	4	4	0	-6.73887560745871
chr20	25912793	26274736	0.49229578876872	22	0.195725849659947	1.00093632916571	274	0.35558464103528	4	2	2	-6.73509130189484
chr20	28559256	31285774	0.498638297920513	538	0.164798615647317	0.804633610165542	2563	0.362851159681247	4	2	2	-7.16194402730204
chr20	31286249	64208267	0.498912379507742	2130	0.0918786481474193	0.954364298919584	88030	0.327782770070841	4	2	2	-6.82056495961395
chr20	64212162	64273189	0.0015984106569531	12	0	0.479493588418795	227	0.118510140434618	1	1	0	-Inf
chr21	5218123	10739795	0.498675122671127	611	0.15229536514004	0.838250184971567	3725	0.419098274193849	4	2	2	-7.13847044437614
chr21	13000375	15314620	0.498761783258587	129	0.115892579029164	0.964215079859565	2359	0.37355108639039	4	2	2	-6.73446024309996
chr21	15392629	40883335	0.318421838502248	1310	0.110170718523614	1.42624398961197	43031	0.547412751459158	6	4	2	-6.77747355002316
chr21	41120584	41922136	-1.91952621108604e-05	90	0	0.942496997208357	2448	0.380860051310605	1	1	0	-Inf
chr21	42035939	46645308	0.322050162532621	555	0.0931753745601897	1.40817398846743	20366	0.432800521661373	6	4	2	-6.76354286978431
chr22	10667015	12797396	0.233238581770753	702	0.142048346632436	0.938456890611358	3307	0.402642884888573	4	3	1	-6.75320499562324
chr22	15551143	50770140	0.33716273634482	4474	0.104348899829679	1.40930992895126	156839	0.504902259097638	6	4	2	-6.84894484963081
chr22	50772319	50808014	0.497936770882562	9	0.161435057462057	1.43158978205178	177	0.555265136132933	6	3	3	-6.73316116275602
chrX	263762	1082236	-0.000638434391263765	95	0.0998499916307829	0.484136033528189	1111	0.227180025504644	2	2	0	-6.73358971575283
chrX	1138480	1157783	0.15125089782558	9	0.143	0.229723978007082	23	0.0752520927971823	1	1	0	-7.34609302676622
chrX	1157893	57679329	0.0021770180491586	1216	0.0253376932207227	0.485363193556192	56665	0.176617648172902	2	2	0	-6.76419513927625
chrX	62594712	156004380	5.72227854777063e-05	1318	0.049984573569408	0.466064336737843	73254	0.161752409998574	2	2	0	-9.45914706055471
chrY	11111654	56837060	0.498255638366977	83	0.18272671320601	0.394471300661408	228	0.333226466687581	2	1	1	-11.3839042174077
chrY	56837090	56885614	0.286620592027945	101	0.134229350053711	0.834435975228862	326	0.280511554812274	4	3	1	-6.78638015172379
