chromosome	start.pos	end.pos	Bf	N.BAF	sd.BAF	depth.ratio	N.ratio	sd.ratio	CNt	A	B	LPP
chr1	61987	123926271	0.498932850734558	8559	0.0903682578172655	1.04254535097396	380342	0.51941502680608	2	1	1	-6.75599588116941
chr1	125065938	145548765	0.484121910113927	68	0.132368240848212	1.12428695185353	2389	0.540302903700136	2	1	1	-6.9214944415009
chr1	145649167	247120966	0.498933981594426	7276	0.0877105705252248	1.03520355272339	294829	0.519426948701464	2	1	1	-6.79175323294412
chr1	247123474	248945592	0.498840482875319	183	0.0955977430766789	0.967904129950388	6163	0.439326905842931	2	1	1	-6.77227815327793
chr2	301784	89766676	0.498916628245251	4730	0.0907285551607955	1.03605640068642	192086	0.533324762717242	2	1	1	-6.77739972543014
chr2	89771601	92012930	0.498620589883034	193	0.132988447585789	1.11679181913954	3135	0.61854753025841	2	1	1	-6.74558024122465
chr2	94190317	242183396	0.498929882884568	7260	0.0897531973282168	1.02754391792574	316312	0.513027005157411	2	1	1	-6.91574924732727
chr3	10374	90507212	0.498917204116323	4862	0.0882779963513285	1.04944574255135	209133	0.524311425355719	2	1	1	-6.7343886155479
chr3	91445573	198150609	0.498918797728574	5251	0.0924965207976901	1.05233417277544	212253	0.534223916770868	2	1	1	-6.73312197325577
chr4	47230	49023704	0.468225258046262	2716	0.0886917567647511	1.05870608186994	94936	0.541658597283312	2	1	1	-6.8129789821469
chr4	49092145	49158729	0.495477726195472	114	0.140359099860047	2.0230081601101	1772	0.896222669300783	8	4	4	-6.73371118176106
chr4	49158738	49711665	0.230486785436367	63	0.115239284438647	1.33271524974591	842	0.731527368304467	5	5	0	-6.75185803536632
chr4	52076798	54072119	0.499068274651051	53	0.0929033941177968	1.09531796229057	2850	0.583693551654422	2	1	1	-6.73877689539951
chr4	54087245	55376000	0.301868649180213	115	0.108344386222519	1.66717846030612	4281	0.950482265375252	6	5	1	-6.73490093734617
chr4	55380453	190179679	0.498919863231747	5532	0.0903165594213822	1.03145914100406	199268	0.543242584783603	2	1	1	-6.83891403444401
chr5	36595	46381357	0.498898733958463	2152	0.0911171746343679	1.12622227102885	72924	0.597559334648763	2	1	1	-7.07386377560807
chr5	49599598	49666465	0.299000210193729	65	0.122557319792069	1.90465778626717	848	0.656332635437908	6	5	1	-6.73392368024506
chr5	49666466	181281814	0.498926088189513	6069	0.0897560614171554	1.03092725808252	260109	0.513872185991155	2	1	1	-6.85433310763147
chr6	194555	8603114	0.498862944090402	599	0.0929658923347308	1.10885007585183	18601	0.684526178261168	2	1	1	-6.76268001836269
chr6	8696989	10806704	0.367767803911906	155	0.111355447900523	1.60372157879532	5697	1.33850339581347	4	3	1	-6.7493664306651
chr6	10807624	11233518	0.272204263735722	81	0.0968308917904729	1.95735817247199	3418	1.24559348895512	7	6	1	-6.7332906556037
chr6	11287099	18847828	0.498858891659937	528	0.0887262654523911	1.1736818335884	18877	0.796261098435859	2	1	1	-6.81748433240082
chr6	18899138	19544531	0.272678581183786	23	0.15287630950512	2.13582637784749	759	1.43541985126842	7	6	1	-6.73520268512462
chr6	19613478	24406525	0.498781623243602	282	0.11450282820919	1.36766969742507	8197	0.757192258311856	4	2	2	-6.73571941620807
chr6	24408316	60964215	0.498918203168448	3621	0.0891754876727162	1.03072426471993	136037	0.524031240092341	2	1	1	-6.7666113785732
chr6	61134747	63016257	0.49908555519183	18	0.0830103741843285	1.09217298315573	628	0.525510031154298	2	1	1	-6.7388066387127
chr6	63020988	63604936	0.234372331487913	59	0.118615624084819	2.40469808978807	2265	1.69769495388972	9	8	1	-6.73368677646709
chr6	63655372	66573143	0.494284490273546	58	0.104157432379563	1.29703980509299	2852	1.01598652377065	4	2	2	-6.74458804990934
chr6	66663844	67195888	0.204457994541196	34	0.0953308340173236	3.23350838518882	638	2.2833934671732	16	14	2	-6.73419927949619
chr6	67428683	170732093	0.498920441683226	4589	0.0893605261821742	1.01540445678225	174175	0.513917066340701	2	1	1	-7.01533686610934
chr7	50354	58100692	0.498918421696479	3543	0.0911809324837202	1.04140484708476	125053	0.531693788474427	2	1	1	-6.7459707330838
chr7	60958088	151437902	0.498921690081444	6057	0.0951478614410878	1.04427017543929	238715	0.534298449998736	2	1	1	-6.74372367225159
chr7	151442440	159234700	0.498838863745412	750	0.101973634506187	1.07722010572406	18455	0.579183670485163	2	1	1	-6.7408515334713
chr8	232794	43500515	0.49890648913289	2982	0.0929701474312305	1.05230436320261	95848	0.507638744656795	2	1	1	-6.73311620014608
chr8	46033949	145066250	0.498913966497031	4173	0.0931970917819671	1.05154461652104	168237	0.528200810417662	2	1	1	-6.73317252583047
chr9	10368	38812863	0.498898108261509	2098	0.0896816774306539	1.02572630797084	73770	0.526521567893984	2	1	1	-6.78680014864615
chr9	38958890	43242683	0.389834778051874	506	0.12806234540049	1.17097853176328	5414	0.56869281284522	3	2	1	-6.8056870457642
chr9	61144687	66705044	0.29342172636969	184	0.128527747086785	1.10916226794595	2641	0.608259564491863	2	2	0	-6.82021345441994
chr9	66705097	138120899	0.49893317729598	5112	0.0880441244912919	1.06069727410674	217685	0.528568482927761	2	1	1	-6.74323741509122
chr9	138141483	138177317	0.3839556431582	31	0.16168434666655	1.19994139643295	213	0.650317622915224	4	3	1	-6.73570488407099
chr10	47485	38455661	0.49890318213105	2588	0.0892309405257688	1.05118988533825	85779	0.533546810114787	2	1	1	-6.73318221572715
chr10	38527682	39131435	0.448685723911875	80	0.143556727529529	1.25319702491744	456	0.580901163512184	3	2	1	-6.74460940458427
chr10	41858434	42273306	0.42423382645364	79	0.140201791559087	2.02882581893987	798	0.862230741495579	8	5	3	-6.73492076045082
chr10	42278943	133689420	0.498918581165595	5196	0.0909611117313094	1.02535900581204	216734	0.506998904078814	2	1	1	-6.87139899142134
chr11	197557	50422372	0.498915809214699	3554	0.0879557283487358	1.0229437452021	133527	0.477689019173753	2	1	1	-6.83571526557574
chr11	54592419	66120945	0.498904393896898	1248	0.0863321195477125	1.01503382468827	66662	0.499502487754488	2	1	1	-6.76859620235356
chr11	66148346	67569846	0.384769626975126	215	0.121521953120404	1.38038990017928	19020	0.748332087695386	4	3	1	-6.73647782153412
chr11	67571605	69501275	0.498843576414098	263	0.0799473809624351	1.18760369471458	9841	0.604893178651167	2	1	1	-6.77923586815267
chr11	69522560	70310620	0.375305673776414	112	0.125599007168342	1.69998885161206	3921	1.1183429178493	7	5	2	-6.74316278116762
chr11	70331550	75364492	0.498876172614616	596	0.0868391619843401	1.16021846748583	23816	0.575830201957324	2	1	1	-6.81901832350101
chr11	75368476	79735295	0.348136732717763	407	0.109296980721315	1.53495871428458	19161	0.893800196391582	5	4	1	-6.74438141791928
chr11	79771824	86556838	0.498994773443893	228	0.0848205818625671	1.07385056211033	8823	0.622220603459197	2	1	1	-6.73750996703388
chr11	86559642	87389246	0.207637178623738	99	0.105478017827877	2.41911382966214	3167	1.67748316241096	11	10	1	-6.73632544192571
chr11	87469519	134634384	0.49891380380799	2413	0.0862331241803247	0.987072700277426	99430	0.469238174782257	2	1	1	-7.21546927032472
chr12	12233	34276724	0.498904956045479	2791	0.0869844954849249	1.03731742257353	96698	0.517948695989378	2	1	1	-6.74844852839304
chr12	37431808	133237519	0.498927255076237	6303	0.0870509768303473	1.05149838538759	294090	0.527188210528462	2	1	1	-6.73319055436093
chr13	18177561	114332365	0.49891399225372	4178	0.0877072353093721	1.05624014548062	149914	0.54779144525751	2	1	1	-6.73607283075544
chr14	16037128	16099245	0.297001141060797	2	0.108894444302728	1.02303848726964	36	0.501446810707032	3	3	0	-6.74238061453862
chr14	18289867	19668782	0.3810863491779	72	0.135889211266583	1.08499790655207	1071	0.68608974334378	2	2	0	-6.80292498521206
chr14	19669405	24453668	0.498910494541101	828	0.0776497551870147	0.981035510359187	33259	0.405117124310812	2	1	1	-6.8175157525428
chr14	24453773	106875065	0.498923379397167	5153	0.0902675058248696	1.06697786818797	203416	0.532152423526097	2	1	1	-6.76731075028745
chr15	17071391	17071405	0.167	1	NA	0.452	1	NA	NA	NA	NA	NA
chr15	19860990	20572602	0.276766418950667	211	0.121113800045653	1.09336602098385	2560	0.543445646763159	3	3	0	-6.75659982201727
chr15	20572607	101876423	0.498926171746707	5953	0.0901894354460468	1.0251485958941	240486	0.525759094862299	2	1	1	-6.84974245222294
chr16	11641	16255617	0.498907049305452	2387	0.0905229020801871	1.08284758902666	86259	0.545216676155201	2	1	1	-6.76018500366115
chr16	16365261	16834181	0.331943985920092	95	0.123481325915881	1.36121711133258	829	0.763481899604503	5	4	1	-6.74334398681092
chr16	16867648	32066147	0.498888504397695	1337	0.0940400942668473	1.04850572358478	73875	0.540742687335931	2	1	1	-6.73348058436591
chr16	32101846	35590650	0.495829536444601	117	0.139871180365951	1.07736002521982	3571	0.464042859818087	2	1	1	-6.73902608400915
chr16	36853598	46401607	0.310413994392431	71	0.112034758547231	1.11828237153757	1479	0.269337365934752	2	2	0	-7.04209877798965
chr16	46571547	90096004	0.498913471933064	3957	0.0900703681944445	1.02450104768468	143545	0.50067791885276	2	1	1	-6.8058884211721
chr17	132129	21305037	0.498913661560062	3214	0.0880043228749713	1.04120645224332	121990	0.525078573973186	2	1	1	-6.73811665268158
chr17	21306831	22715632	0.411813687669489	308	0.11773209551051	1.19634107708849	2658	0.66909037978656	3	2	1	-6.74717334296274
chr17	24421526	83134232	0.498927699253526	6007	0.0903971015976273	1.07794313916767	291404	0.543937519778634	2	1	1	-6.80237236380878
chr17	83134249	83135705	0.498551160310714	23	0.147394847626094	2.01458045468067	54	1.04239695960016	8	4	4	-6.73308888931918
chr18	47554	112310	0.349228048604271	38	0.136416036421264	1.05649840955466	526	0.513396338272967	2	2	0	-6.73955215072001
chr18	118580	15341512	0.498882290342271	1148	0.0870083381311453	1.07142986774991	35115	0.539268478974798	2	1	1	-6.7435112516303
chr18	20946254	80261982	0.498900187272605	2284	0.0933904200536479	1.07135585985204	92134	0.556786270852115	2	1	1	-6.77060496838852
chr19	282753	24394059	0.498926965109197	6013	0.0856721559460956	1.02888575791854	214654	0.50977469869949	2	1	1	-6.76073070191715
chr19	27646333	58545676	0.498926293687927	5804	0.0886522404367612	1.00638806196865	229164	0.485024639820291	2	1	1	-6.8847816362221
chr20	87623	26274736	0.498903240687214	1670	0.0902604321224353	1.0836123534294	59405	0.558203341102961	2	1	1	-6.77669380591087
chr20	28559256	30917834	0.498753474224182	713	0.12390683813946	1.12514660527431	3642	1.26230638145591	2	1	1	-6.7370884420045
chr20	30918143	31185820	0.48975346692233	108	0.15171816335015	1.80543221942146	1044	1.12651360624203	6	3	3	-6.73590456731609
chr20	31244855	64328010	0.498922774194405	2930	0.0895114214695924	1.0912604398442	130793	0.566759476364109	2	1	1	-6.81449591663995
chr21	5218123	13113074	0.498739226451232	805	0.128531598567393	1.14183173365897	6322	0.570296849924853	2	1	1	-6.82907867255738
chr21	13211199	46689753	0.49889851597552	2133	0.0905600919022556	1.06478495493014	73651	0.519457796075259	2	1	1	-6.74377650324697
chr22	10663052	12801199	0.357525241584801	796	0.118854428828068	1.13697552848978	4638	0.480509108679796	2	2	0	-6.78775540541813
chr22	15551143	50808390	0.498929117620703	4692	0.0892379737555342	1.06596591719768	169133	0.538820301256924	2	1	1	-6.74556502027292
chrX	233678	58394734	0.496707941096334	2935	0.0928554749260376	1.11713820681822	138418	0.589481996944903	2	1	1	-7.07485092177308
chrX	62594712	156004380	0.498905456571704	2684	0.0876495319564974	1.09048548591312	162029	0.53755669501199	2	1	1	-6.97227396880139
chrY	10796678	11747688	0.481360363454633	87	0.140143726582776	1.56246274446529	599	0.79898541709806	4	2	2	-6.75447738757184
chrY	56826064	56885732	0.498660761625076	195	0.131777013090138	1.1800281117815	789	0.897751730656285	2	1	1	-6.73367645570523
