chromosome	start.pos	end.pos	Bf	N.BAF	sd.BAF	depth.ratio	N.ratio	sd.ratio	CNt	A	B	LPP
chr1	65974	124741523	0.498926289851401	7668	0.0950238358803565	0.825935334571806	397594	0.302747722887943	4	2	2	-7.17060613036117
chr1	125091680	248945585	0.421863075891698	7079	0.0938136005962232	1.05334452392131	379402	0.380162930104792	5	3	2	-7.30376504641674
chr2	39356	92012900	0.498917865103397	5019	0.0939804351411055	0.848694873144123	212643	0.314405916581118	4	2	2	-6.73867901297605
chr2	94190317	95888024	0.498784345225639	55	0.107236096867522	0.809923620736795	4006	0.288341183181103	4	2	2	-6.7563067541938
chr2	95889774	95962211	0.333004367046491	89	0.100945518482677	1.24677425285894	460	0.485129018716265	7	5	2	-6.76250772468242
chr2	95982108	124524333	0.498889294471759	1486	0.0929614848844339	0.849319763245639	63766	0.316060233807941	4	2	2	-6.73571661160524
chr2	124564211	126854230	0.242513719238965	103	0.126352591371441	1.61060854825994	2885	0.933275444385107	9	7	2	-6.73919782875705
chr2	126952080	143930403	0.498874009964769	860	0.093106392408255	0.835279003824649	33873	0.351920820688093	4	2	2	-6.74650891148582
chr2	144222281	144552775	0.212335142424971	19	0.0838699912876858	2.1950770161693	1419	0.843092358500984	11	9	2	-6.73695933463897
chr2	145041108	182858994	0.421536225570951	1623	0.0944618793675251	1.06507452694182	93116	0.368596420456265	5	3	2	-7.06869890568363
chr2	182892931	184938718	0.273822289118636	89	0.103243014390461	1.56781968665716	3379	0.618747104472921	8	6	2	-6.73520101568767
chr2	185009907	208893919	0.410950008142739	1040	0.106267051506291	1.09952130593801	65529	0.405827443424483	5	3	2	-7.2193709941622
chr2	208915896	240789426	0.49889968163048	2237	0.092848335457903	0.81357385436689	89385	0.3312620353355	4	2	2	-6.98841117900274
chr2	240871540	242183437	0.498855148385857	261	0.0926507552700316	0.726934970255475	8296	0.228106870007817	4	2	2	-7.06250390734426
chr3	13132	9596935	0.498841795530936	585	0.0934131008861405	0.993410756871905	15880	0.370023875094682	5	3	2	-7.19634087724318
chr3	9599843	75664797	0.496736384991486	3834	0.0894226075981759	0.92765977795167	212013	0.330949501763556	4	2	2	-8.84883524562028
chr3	75665186	75765594	0.498566670445084	126	0.146075632508295	0.86497813780752	728	0.324746759565628	4	2	2	-6.73336811868446
chr3	75770380	90613961	0.498993841701378	315	0.0885554200508482	1.04658761304829	12994	0.423345209294355	5	3	2	-7.26019665826132
chr3	91404517	193993393	0.498917972170491	5045	0.0885983183614398	0.991303058602242	231835	0.364233251865777	5	3	2	-7.51345032765374
chr3	193993849	198120733	0.498832209485047	943	0.102760522412047	0.883407639795937	21509	0.317640226619102	4	2	2	-6.77866008553185
chr4	25320	9829137	0.49888840473537	1437	0.0972518335754953	0.781618980533603	38275	0.263003299689995	4	2	2	-7.22375771859864
chr4	9832258	48986433	0.498889669450573	1853	0.0931450674892402	0.87626674102891	63080	0.33688568242901	4	2	2	-6.97829005911667
chr4	49092128	49711665	0.377744438511998	151	0.145737543589423	0.705388645844993	1341	0.303672832831252	3	2	1	-6.74154225650753
chr4	51838815	185620253	0.498920082335481	5592	0.0942385597897962	0.904028426747864	224288	0.332164616109569	4	2	2	-8.91090190086423
chr4	185620277	190179756	0.385564474750407	359	0.111619724029234	0.717484004259318	7806	0.275711460600112	3	2	1	-6.8728822377126
chr5	11616	751141	0.37620758558334	157	0.102556678800003	1.25776705814821	4630	0.615208326026052	6	4	2	-6.76015429323678
chr5	765844	1420473	0.182478040307939	141	0.102491175887253	2.3884497198127	7941	1.06553746556043	13	11	2	-6.73461148887424
chr5	1426844	1616412	0.340262935959964	23	0.0915546231047767	1.22439410839508	852	0.421989061252366	6	4	2	-6.75112008159115
chr5	1632643	7792058	0.153715412555889	184	0.111069538512432	0.521227533827026	5257	0.214958446614127	2	2	0	-6.82835101548767
chr5	7826567	8082619	0.292697920575886	19	0.0747486235669005	1.43507811536408	871	0.473850702075868	8	6	2	-6.76456817138035
chr5	8211073	8547107	0.150094810898031	35	0.0962244836853085	3.71829765528929	870	2.67942830852035	16	14	2	-6.73593774110136
chr5	8552940	31706568	0.143820182701805	521	0.121793115933269	0.537672207683903	19080	0.255175740678841	2	2	0	-7.54252642195659
chr5	31709088	39094155	0.368339034014716	539	0.096749136450165	1.2287789780101	27380	0.440516941253743	6	4	2	-6.76819831938614
chr5	39119621	39555201	0.15401939812983	25	0.0888382800373803	0.554792526424391	791	0.183920137572243	2	2	0	-6.80735413998429
chr5	39719344	41410477	0.346768883115082	101	0.117364623509323	1.53573099494036	5579	0.716127930163332	9	6	3	-6.75412960656226
chr5	41586109	46008937	0.118027830547855	44	0.11467181547473	0.558350217542841	4413	0.222300285163374	2	2	0	-7.33619963592775
chr5	49601562	49666191	0.481081847727336	54	0.119521068494705	0.464161517075121	367	0.169921031515251	2	1	1	-6.75693465688519
chr5	50905610	103817154	0.498902410951859	2376	0.0896814486776987	0.949626746531182	97308	0.352969836980765	5	3	2	-8.22120784347569
chr5	103818104	181292406	0.370545356094631	3644	0.103076091868243	0.707132346529193	168569	0.258703245686127	3	2	1	-7.9640321859851
chr6	188543	29818051	0.498895769038695	1910	0.0946896513658052	0.866044882465483	75863	0.322108628101704	4	2	2	-6.82547331681064
chr6	29818116	29818991	0.413472277908344	13	0.144690164108496	0.396261828214419	25	0.159682215665991	5	3	2	-6.75143522154172
chr6	29819523	32473349	0.498889643890824	1167	0.0851004444248046	0.777749191397417	27785	0.221163079994456	4	2	2	-6.95514970635078
chr6	32473373	32742666	0.362761173643174	143	0.112828048033839	0.895082642748982	625	0.283778962601854	6	4	2	-6.89229117570861
chr6	32745253	60964236	0.498905665443767	1621	0.0894879586118793	0.84341246006307	91502	0.292202355741489	4	2	2	-6.73500429560999
chr6	61133400	71585963	0.499027010433536	289	0.0862581599369552	0.963254574633507	11122	0.422585584681662	4	2	2	-7.27297094692852
chr6	71695200	170586189	0.146360167901634	3637	0.110048957265886	0.531468816897438	135876	0.194785495400329	2	2	0	-9.50829203357824
chr7	35631	6922874	0.498856920701262	1063	0.103051595422734	0.747421648166528	33918	0.269752688757094	4	2	2	-7.4985214491317
chr7	6924737	55473193	0.498907729404565	2538	0.0886469032260971	0.913395655965616	97024	0.344137665953312	4	2	2	-7.91214478192932
chr7	55499224	58100769	0.498807925440124	343	0.116456349077739	0.757880979104994	7439	0.2974232475068	4	2	2	-6.93939513488098
chr7	60958059	78044950	0.498869205527121	1860	0.103870579592525	0.749392149579745	54863	0.297434137027118	4	2	2	-8.08280745726242
chr7	78066190	97886001	0.498864286014747	625	0.0808713167432983	0.96156534972373	32904	0.336343464666776	5	3	2	-7.62258510171622
chr7	97886250	102738028	0.459886289525071	562	0.103398225577467	0.721549464712798	37831	0.242132888643306	3	2	1	-7.34309523562364
chr7	102740099	159316121	0.498909788258744	3449	0.0959139733380379	0.863020404469688	144196	0.310510502296859	4	2	2	-6.86937119879333
chr8	213370	43672929	0.498906012626151	2921	0.0914669694014759	0.844958455946647	104741	0.320703061213348	4	2	2	-6.73351303370953
chr8	45952307	144843325	0.49891166013326	3753	0.0931782766111876	0.876309755008984	186226	0.333512172803027	4	2	2	-7.32982971003294
chr9	69434	35725795	0.293242457922739	1404	0.117148409696445	0.628484929192904	55027	0.231981577927836	3	2	1	-8.53823102588115
chr9	35736731	43242650	0.399824153356555	613	0.117918552880337	0.712286488694763	15308	0.262879235292706	3	2	1	-6.94829780416512
chr9	61173464	78313728	0.307019542420145	488	0.113259001290907	0.61038399702502	19656	0.228664986754706	3	2	1	-8.45111300573405
chr9	78313940	138177303	0.445654706345807	4012	0.098805809635539	0.694916484244502	180614	0.24873037293718	3	2	1	-7.50331925775308
chr10	47663	39131435	0.38434186878423	2415	0.111872488982405	0.682407837371886	79838	0.261180332320793	3	2	1	-6.78195238800179
chr10	41859953	133689420	0.373218002780677	4676	0.108233625437638	0.669936261583737	201420	0.241091589650903	3	2	1	-6.78221410367468
chr11	192997	4330362	0.397864969591859	795	0.0913851864941373	0.79264455499106	28388	0.240240745649533	4	3	1	-7.55727139113528
chr11	4367297	50239555	0.410760524027535	2624	0.0943412216646882	0.888412344501524	118015	0.309156232420728	4	2	2	-7.84672809338381
chr11	54635927	56893996	0.378753912754055	42	0.0751272864901792	0.972175743794973	5433	0.24180972012233	5	3	2	-6.92299028949393
chr11	57143790	57845419	0.282390359097683	92	0.0934098356495834	1.47717896671357	7881	0.451279756158481	8	6	2	-6.73820152344799
chr11	57856497	58203729	0.00591827970583181	154	0.0125151771031726	44.3625805979388	20285	37.875976313029	20	20	0	-7.63403750507838
chr11	58214581	58606117	0.42537823908226	47	0.0829749580492497	1.37925511649667	1421	0.615710593976894	7	4	3	-6.74497894555817
chr11	58608893	58913241	0.22257222322473	20	0.106484542985059	2.03435902984717	863	9.01811330961853	10	8	2	-6.73359844523142
chr11	58924574	63166302	0.14449638809269	414	0.100890621612371	0.48009767381742	19867	0.159156194650148	2	2	0	-6.96797844780304
chr11	63243761	64708973	0.284965264234986	125	0.104603190600818	0.522931775733901	7965	0.171286260876942	2	2	0	-7.52863926366327
chr11	64712836	65553309	0.137531417552951	167	0.104873622676441	0.452865448963731	7682	0.146287381019593	2	2	0	-7.01487041074781
chr11	65570243	66316685	0.25235250240105	108	0.106490240177345	0.554094885719461	6758	0.1665258493387	2	2	0	-7.29747213108491
chr11	66332516	67755243	0.499012752876515	240	0.0860213168093043	0.738612741978665	13708	0.235280096267048	4	2	2	-7.00467673668262
chr11	67770054	68437071	0.402056344149441	77	0.12380187935371	1.00509470066918	4234	0.370707980313709	5	3	2	-6.74087947150687
chr11	68461653	69303252	0.116438749711007	84	0.0934186523505848	0.482628046723258	2775	0.181843560737577	2	2	0	-6.88819105106689
chr11	69303910	69544971	0.338824899951051	16	0.102927077746011	0.869957161639751	326	0.56892458086848	6	4	2	-6.79273565028529
chr11	69547646	69599087	0.11483743203208	9	0.171475216868211	3.26551638034972	193	2.81465765909643	20	18	2	-6.73326496449708
chr11	69611646	69748802	0.004689359931565	111	0.00906827321123372	52.1197385152703	15725	34.395038696359	20	20	0	-8.4448990760292
chr11	69752029	70117590	0.0766010094126107	147	0.0741652587298134	5.12322706334407	3836	2.84566901029368	19	18	1	-6.73837590969946
chr11	70129941	70599768	0.147833725320604	66	0.103971321355149	0.48756574710494	2009	0.21794624264945	2	2	0	-6.74742712164986
chr11	70602194	71218156	0.432493823207006	60	0.110525631661788	1.1876518141512	2099	0.59691014314367	7	4	3	-6.75296169178791
chr11	71231821	72150410	0.11588123578414	112	0.123123861210917	0.483261064612272	3182	0.149925490996066	2	2	0	-6.85040960610432
chr11	72159442	72531271	0.324359793463778	62	0.102225832525525	1.29787615039033	2879	0.47873853289271	7	5	2	-6.74519606979735
chr11	72550622	72713471	0.146525790403134	49	0.085340135783289	0.608584209312024	1344	0.235743822479464	2	2	0	-6.81035808060946
chr11	72720316	73028965	0.0976991997680646	33	0.0934142878079508	3.811430705878	4300	1.92815333559025	15	14	1	-6.74061899073182
chr11	73031520	73850919	0.322065357953198	100	0.117042276744151	1.31067215638315	4959	0.65167644788219	7	5	2	-6.73983985697594
chr11	73891056	74093908	0.137764073430615	49	0.104013645428733	0.467053040128958	1010	0.166464476455243	2	2	0	-6.78512965732671
chr11	74098233	74883783	0.312612739477896	114	0.106326257783485	1.23201712901981	4289	0.610218119496889	7	5	2	-6.74542739296508
chr11	74919800	75796312	0.146534735407685	84	0.0998982349376622	0.49185181744153	2642	0.165466146102408	2	2	0	-6.75456162329514
chr11	76066709	76848502	0.498887160231367	71	0.106877927319389	0.915499442201651	2684	0.309439569517553	4	2	2	-6.76346005533377
chr11	76863068	77217108	0.130863735085678	68	0.0751244621360974	3.39450783602082	5729	1.74181388582666	18	16	2	-6.73319512484878
chr11	77225067	78142656	0.327976598033994	162	0.111582334103345	1.21065388428485	5518	0.547195043560484	6	4	2	-6.77108664367295
chr11	78152965	78558974	0.163183353112641	82	0.10172404603487	2.67111451461457	3587	1.39414930546005	14	12	2	-6.73353682455245
chr11	78559119	81584929	0.224780678837132	85	0.142213831780104	1.84192491982766	4279	2.48826183472695	10	8	2	-6.73314471583802
chr11	81756999	135055593	0.137401496229897	2343	0.106866233186806	0.529919696974268	90481	0.190046514725315	2	2	0	-8.46766390287046
chr12	12259	34614483	0.498913967696757	3260	0.0957873573717359	0.868384214444983	104776	0.30772353619748	4	2	2	-6.87880304021868
chr12	37418138	48564304	0.498871719774244	622	0.0855847587524521	0.92028971548496	25213	0.3377786087737	4	2	2	-7.12188118252361
chr12	48565606	108474600	0.498921741072403	3538	0.0914108542207063	0.848336112472575	175042	0.30814645420808	4	2	2	-6.73594831511394
chr12	108485422	108945591	0.344706772607841	104	0.0848411945108881	1.16482360110283	3930	0.387728229022111	6	4	2	-6.74425573327996
chr12	108955972	133095387	0.498899174248002	2191	0.094825696373118	0.761109583713357	100369	0.282177594085342	4	2	2	-8.28631890979496
chr13	18177561	114299210	0.498907279147574	4254	0.0938866517556467	0.896909930378795	169516	0.337279580123665	4	2	2	-8.09906844725444
chr14	16037128	16402273	0.478610399947199	4	0.0645877955447725	0.669157183648944	42	0.408581547493742	4	2	2	-6.86944896836397
chr14	18330642	19936715	0.327575009891113	114	0.105112344435119	0.885130827116671	2491	0.26003501054499	4	3	1	-6.8103399197041
chr14	19946937	106874951	0.498919442737168	5419	0.0929181641534587	0.813728450011075	245158	0.293336609595373	4	2	2	-7.53389337463959
chr15	19908224	20353507	0.419613168541897	212	0.125089606709341	0.70053199959144	1997	0.238371276747908	3	2	1	-6.82132112426868
chr15	20355089	101887448	0.498921113206395	5885	0.0943642973869653	0.818311425311678	258060	0.289865585460623	4	2	2	-7.31774249697721
chr16	11651	36162903	0.496717237861276	3680	0.0953720013259496	0.737967225813266	154947	0.2608713293109	3	2	1	-9.44840191353792
chr16	46386441	50192902	0.498767435254193	144	0.113139454135035	0.777705247043114	11504	0.30352635752149	4	2	2	-6.90386738449474
chr16	50194939	90175110	0.498908714809967	3288	0.0949221806070042	0.759113204431883	134998	0.273474491464293	4	2	2	-9.17396342486892
chr17	137637	22693405	0.412771889287409	3351	0.103889892144845	0.656716950734511	109413	0.225336152787651	3	2	1	-7.00959136566223
chr17	24421438	83134336	0.431833004738937	5600	0.104058701039664	0.667961971087864	255938	0.233030646696401	3	2	1	-6.98466109837376
chr17	83134540	83233411	0.177112581797245	12	0.154213817523436	0.820351825833733	92	0.516742158212908	7	6	1	-6.79086044517347
chr18	47738	15357277	0.498848296958536	845	0.106108252174399	0.710986400394891	33119	0.26702131538037	3	2	1	-7.80777118601284
chr18	20947821	80257347	0.498874456555107	2204	0.0945691471284682	0.719900985304136	88090	0.265200313994909	3	2	1	-9.24368900245705
chr19	261438	24394098	0.498920564914469	4727	0.0960518023730734	0.704666496638502	195244	0.237964454882334	3	2	1	-8.06265975423223
chr19	27392054	44598020	0.498902736162334	1984	0.0927810744824381	0.727210677992512	95528	0.315978836851128	3	2	1	-8.20099726980285
chr19	44654324	58599162	0.498906543065068	2989	0.093733867929234	0.702741471653034	122098	0.227658779761056	3	2	1	-7.91031113762774
chr20	101498	25564613	0.498891413312124	1611	0.0887770831056622	0.842526892088872	61203	0.313180847333717	4	2	2	-6.73578417423384
chr20	25596147	26110667	0.29503997339553	45	0.129418033027578	0.787026967039991	912	0.264162578804627	4	3	1	-6.75629009248288
chr20	28559257	31244855	0.493723886268445	853	0.129337620138334	0.851106084426616	4054	0.617218129836261	4	2	2	-6.73459432254015
chr20	31248651	64327831	0.498903218679632	2592	0.0930782087445158	0.78836377426863	128702	0.280052296041273	4	2	2	-7.78553384791901
chr21	5034010	13035101	0.458843067406592	911	0.128683926414044	0.835027298356487	6067	0.318145069946156	4	2	2	-6.80188261755661
chr21	13227711	46692843	0.498897144880917	2018	0.0936581481509204	0.852604453322775	79934	0.314878816601283	4	2	2	-6.74527099959795
chr22	10685477	10772774	0.498689222493045	148	0.124453976213123	1.01563137349738	615	0.404902653680678	6	3	3	-6.74097511070258
chr22	10772836	11681707	0.498736859180179	541	0.126993031490856	0.704032587913364	2535	0.285497076558113	4	2	2	-6.95080256445938
chr22	11682515	12900686	0.498629339101255	149	0.135827598097225	0.879033069443622	770	0.579297865601835	4	2	2	-6.73628114415289
chr22	15326749	15609349	0.117661225190074	11	0.168837791977981	0.516312091867188	180	0.181126543947618	2	2	0	-6.77374423981884
chr22	15691320	16458818	0.498640362269863	85	0.126187899556169	1.04288127141253	764	0.613064449555905	6	3	3	-6.7539454329003
chr22	16465107	16598306	0.169184278915129	45	0.0954563573661606	2.27950717928079	1017	0.994035873558946	14	12	2	-6.73507130121126
chr22	16598527	17302371	0.0954298407229651	266	0.0618599713102392	4.1647642360294	10345	2.20706557101452	15	14	1	-6.75005507449276
chr22	17310805	17622691	0.498935014777524	59	0.0982798696979364	0.701779978249193	1804	0.376744057600074	4	2	2	-6.77881439118149
chr22	17757457	18084510	0.307211114927831	69	0.112997651787384	2.28271391474453	3121	1.25941018507024	14	10	4	-6.7376401449624
chr22	18088242	19685690	0.498806925708325	135	0.11093999742788	0.871484864992541	5751	0.544065769071768	4	2	2	-6.73594605786982
chr22	19690620	20468955	0.203190225695868	193	0.10055240746614	1.90611649136956	9977	0.696404834870505	11	9	2	-6.73857366161389
chr22	20483942	21598999	0.260951524689922	246	0.114599078010845	1.53591650713093	9472	0.669578907286373	8	6	2	-6.7438112431102
chr22	21603703	21882555	0.137406201443842	71	0.0754951142368952	2.61083836118132	5127	1.11676472697359	17	15	2	-6.73658421699289
chr22	21892449	22133989	0.238738712732031	57	0.109146770652455	1.45296634202847	1906	0.518475564162782	9	7	2	-6.75131757037954
chr22	22145708	23490412	0.115816640782618	334	0.0701166112807861	3.25208605385509	17064	1.58289390538983	20	18	2	-6.73666549601051
chr22	23491525	23928590	0.178681235174224	181	0.10469430873335	1.98722228931169	6399	0.870577269803571	13	11	2	-6.74474901454944
chr22	23935446	24003952	0.416365272865689	52	0.124142136218598	2.46945438234444	674	1.42357711787242	17	10	7	-6.73399599257265
chr22	24003977	24515744	0.211261034014759	64	0.0781815255828403	2.00985449651628	5524	0.808577401402945	11	9	2	-6.73503650721896
chr22	24586554	25223935	0.146429675210901	52	0.107110976618726	0.441599619608655	2420	0.289917683681568	2	2	0	-6.82012505107095
chr22	25226918	25318609	0.244072016501538	17	0.128517622961852	0.7662125736635	347	0.4174973895691	5	4	1	-6.75870290530625
chr22	25334485	25458335	0.145347876745045	57	0.083351698477582	2.32831656982979	1315	1.36849783209523	16	14	2	-6.73496612532973
chr22	25500780	31404971	0.142042982401826	293	0.117037268296361	0.452667603876222	18420	0.164255580706873	2	2	0	-7.9579877898998
chr22	31417072	31555285	0.09084633874396	93	0.0603941723532242	4.51095246661197	3491	2.00632660326666	15	14	1	-6.73855010374038
chr22	31556797	31725640	0.325389653085045	72	0.100950295916834	1.11018961667893	2223	0.436093837467849	7	5	2	-6.76681895242693
chr22	31729884	31847512	0.19240799655584	68	0.1096538121373	2.29057553219664	1962	2.23001144233661	12	10	2	-6.73315748434872
chr22	31849528	33824496	0.116005333878176	98	0.134291668231997	2.10307731992386	6489	2.36576905898853	12	11	1	-6.7337931384431
chr22	33870729	34982019	0.112923116748736	108	0.0796037304030471	3.23027616648787	4141	2.23947938674745	20	18	2	-6.73689447491036
chr22	35017946	35853967	0.275024862827938	108	0.133765008636337	1.41017897382484	5052	0.740815963843461	8	6	2	-6.73924475259848
chr22	35886259	36875840	0.0700164073900382	281	0.0714414343781615	5.04729056419939	19325	2.45281006152458	20	19	1	-6.74455275476741
chr22	36880872	37701352	0.116095384391381	265	0.0723178232034632	3.49435461367156	16741	1.52057114596339	20	18	2	-6.73357727551664
chr22	37704033	38103516	0.0606216994903468	220	0.0428108186010284	5.37803729081043	16788	2.46584015358749	20	19	1	-6.76954111144738
chr22	38103579	38146491	0.10097710319783	33	0.070025644653162	3.64339645552201	1519	1.28751760530748	14	13	1	-6.7357679759393
chr22	38149724	38193264	0.169215152685352	20	0.114627543305309	1.68115884978895	388	0.709344087908128	8	7	1	-6.73451131103872
chr22	38195818	38286948	0.0921752133417743	72	0.0730358656829392	4.27848638243883	1920	2.13911525286205	15	14	1	-6.7354439053375
chr22	38303052	38458423	0.186890700257463	18	0.100786060868354	1.80660105391872	1322	0.888388926421992	12	10	2	-6.73890204628063
chr22	38470362	39018235	0.123533832659858	34	0.113506374136861	0.856408493926389	3097	1.11591442049392	3	3	0	-6.74878152175625
chr22	39024936	39054523	0.225194353337783	19	0.100523105487455	1.58309991328035	699	0.487735003236505	10	8	2	-6.73516570653628
chr22	39081118	39595065	0.129502349921184	61	0.0964016699399607	0.440182387567315	2032	0.147970410942197	2	2	0	-7.03722145443287
chr22	39619054	40247868	0.223273374968878	27	0.109652533316281	1.53758923785341	2904	0.914738071030626	10	8	2	-6.75088617513689
chr22	40378201	40798905	0.342809713527247	15	0.0921829443991416	1.1302598134495	2780	0.523229345409738	6	4	2	-6.74748679831077
chr22	40828389	41699077	0.139727005803704	167	0.0858528941190258	2.63305609770893	15982	1.60314221090512	16	14	2	-6.73796688218785
chr22	41730297	50422154	0.145554660778922	840	0.10884422544324	0.451629050621353	25204	0.163878460395758	2	2	0	-8.45213912201199
chr22	50438326	50808277	0.498997638733987	127	0.0901797854332522	0.78891261961893	4434	0.239853445591707	4	2	2	-6.75188833327666
chrX	255744	52862852	0.49883447232546	666	0.113417483860268	0.835813466697507	54223	0.305038059138523	4	2	2	-6.782628514548
chrX	84871173	155991011	0.358436941908913	61	0.0947876055396191	0.872928357925874	56344	0.284753841086017	4	3	1	-7.44655688672726
chrY	3066417	11533205	0.30696783623597	142	0.12199313686439	0.880578125428222	2750	0.352104915515639	4	3	1	-6.80153151003801
chrY	11533590	11722097	0.250494156979422	22	0.159006357247192	0.459723348962959	186	0.198353783486536	2	2	0	-6.9451093569509
chrY	11722099	11986761	0.499520685508447	17	0.12512596594209	0.787762035708795	296	0.263993410236298	4	2	2	-6.74461371542431
chrY	19315919	56881273	0.436780403543929	252	0.129161593097461	0.847933144319938	2477	0.370998145279737	4	2	2	-6.87427351534785
chrY	56883966	56887153	0.187910104059486	20	0.0982839468607479	1.33710632824317	51	0.320048247588256	7	6	1	-6.73349612032773
