chromosome	start.pos	end.pos	Bf	N.BAF	sd.BAF	depth.ratio	N.ratio	sd.ratio	CNt	A	B	LPP
chr1	13380	618345	0.257111981634108	14	0.128542570021345	1.26504712848089	200	0.682840896714696	5	4	1	-6.73674279032703
chr1	632508	6650517	0.106420234773142	884	0.080646897595308	1.03450229915843	35215	0.356266180040093	4	4	0	-6.95914583272942
chr1	6651086	10949646	0.329634670793816	774	0.116123241594803	1.41916903925251	30975	0.624478087396717	6	4	2	-6.84350698722576
chr1	10951156	13228842	0.130224994673031	486	0.0861012749804822	1.0958066724021	16468	0.444719737701941	4	4	0	-6.77429880667142
chr1	13229416	13240670	0.498545243443095	32	0.128223076152713	1.04877430630204	205	0.428008817739924	4	2	2	-6.73332517139136
chr1	13242013	16507983	0.106835363141644	546	0.0804012441852672	1.05988920197092	18363	0.413558985496173	4	4	0	-6.78391907805962
chr1	16508139	16874853	0.440732174120572	159	0.152378600724515	1.1943416586116	2332	0.483271134820713	5	3	2	-6.76066284041261
chr1	16876757	16948577	0.498700521711788	90	0.141577294567592	0.870794142754959	1071	0.288357952852326	2	1	1	-6.76079295276199
chr1	16954508	17461080	0.104791447628128	105	0.0572094714743427	1.06678739906706	4492	0.364000004158961	4	4	0	-6.74576833917156
chr1	17472723	17507420	0.455551361046058	15	0.127172473811113	1.52200199470272	422	0.839067831679097	9	5	4	-6.73832204439861
chr1	17508682	77527889	0.110159849758108	5293	0.0776907774749438	1.06380768082665	247252	0.411742157641786	4	4	0	-7.47001827080467
chr1	77536262	79456840	0.351597259733695	123	0.10443904024876	1.46178056621277	5676	0.592382224807634	6	4	2	-6.75471140159369
chr1	79486671	100334944	0.113720546438809	971	0.0800698757472279	1.0862176735412	42500	0.458862758101748	4	4	0	-6.83685764625156
chr1	100360530	107964556	0.264034569209016	272	0.118621015368539	1.30176287623527	9228	0.586714726816695	5	4	1	-6.75661946768704
chr1	107966144	122818271	0.183956005088126	1039	0.0982787537464831	1.17121871552196	51148	0.444633573671042	4	4	0	-7.10701022551468
chr1	124178558	143414702	0.498242326355359	37	0.172941283930956	1.72837889139897	1329	0.897019503927712	7	4	3	-6.82473526528267
chr1	143449352	175006975	0.385131371225935	2654	0.093550354163799	0.952529534896932	128967	0.322090366165684	3	2	1	-7.06788012252634
chr1	175007048	176115315	0.255188289627433	71	0.0921382392429154	1.38577926924313	2948	0.57809176224228	5	4	1	-6.73412405791913
chr1	176141911	248922216	0.386967044065793	5405	0.0964053983647359	0.95750704095147	195806	0.35398293711085	3	2	1	-7.47741355448638
chr2	45495	90313945	0.371903490737087	5577	0.102559613065822	1.02210008475505	223033	0.392369493160636	4	3	1	-9.39435227075453
chr2	90381124	90399072	0.14973466014683	38	0.129751093917117	2.07742287108779	383	2.30627626205449	16	14	2	-6.73375848229976
chr2	90399128	91987777	0.350387295942531	92	0.133874487503051	1.01419991301193	1494	0.433586112859376	3	2	1	-6.81697971692134
chr2	94190317	98377846	0.376131326337793	345	0.113480776876937	1.00663590774599	17666	0.343688209934784	3	2	1	-6.9353495396742
chr2	98377951	242183350	0.49892475518454	6462	0.0878904306475307	0.774117627051104	275742	0.270008836984187	2	1	1	-12.1755502587821
chr3	10374	6503921	0.175996687571799	298	0.102694783131193	0.668221525913266	6586	0.241817592555024	2	2	0	-6.80565948861858
chr3	6600378	8920210	0.496503468395199	114	0.104974703261282	1.14420183405476	3090	0.495342373993565	4	2	2	-6.73427865930388
chr3	8936074	9124597	0.191109730475783	24	0.0898807180559928	0.624436097665085	614	0.177528643395032	2	2	0	-6.77841285113384
chr3	9252341	10125580	0.0572158376461654	190	0.0815313681555549	1.14467870217001	9406	0.409075384142135	5	5	0	-6.92608817433983
chr3	10125892	33041360	0.185284942981669	917	0.106831846750025	0.640835059480306	33381	0.227121928230322	2	2	0	-7.94650321550766
chr3	33153498	75621312	0.498924082204032	3132	0.0939159121152649	1.19023871973709	176431	0.45960052803405	4	2	2	-7.0159629528096
chr3	75630060	76335282	0.331613450079888	174	0.129287451954453	1.16796288014552	1559	0.77157795707107	4	3	1	-6.75924756317925
chr3	76381641	90303816	0.498858216380562	404	0.0981059058254452	1.24143234498302	12889	0.603159545074639	4	2	2	-6.92022854062417
chr3	91357428	113174182	0.195631900270802	603	0.103575108468028	0.692540276878509	23117	0.259463245359721	2	2	0	-6.74812605386683
chr3	113268265	130022258	0.140241334118716	1118	0.0842316599965579	0.849265415047528	45665	0.295803655257949	3	3	0	-7.26225848903323
chr3	130036336	130089924	0.498939477793994	41	0.105191544221053	0.807889870869886	173	0.303266647407906	2	1	1	-6.74167378488006
chr3	130102622	144310840	0.145083724932776	602	0.0875897345298869	0.851018976016061	31707	0.303278098971866	3	3	0	-7.1486812478379
chr3	144311195	198160512	0.498909832992763	4500	0.105021709194287	1.36190560179067	153357	0.622349253444365	5	3	2	-7.06973603062932
chr4	46210	12362066	0.229714736005003	952	0.105278868460797	0.475645852442581	26916	0.157336734944829	1	1	0	-6.84643321128875
chr4	12405814	15278757	0.160536937688186	83	0.0826277797432987	0.798068914494649	2799	0.336936673907701	3	3	0	-7.04141524839021
chr4	15309979	25264553	0.229178410044523	210	0.117593828972613	0.51930533111628	8765	0.217260956816191	1	1	0	-7.85246777895387
chr4	25268319	27392337	0.256590185131651	247	0.112842710464143	1.50898180492835	8430	0.722149940127839	5	4	1	-6.76182872841919
chr4	27466671	32190439	0.124635720147619	382	0.0910697658063629	2.65176472809018	9526	2.0171316565486	11	10	1	-6.73440054940819
chr4	32224094	33047646	0.167917131718373	37	0.0862823599911688	1.55572676776097	672	0.818531294749319	8	7	1	-6.78317765285827
chr4	33050538	40656690	0.498853558850024	602	0.106814075816086	1.1850467926968	19706	0.536914871022089	4	2	2	-6.76529160430253
chr4	40663832	41620299	0.315959152138627	142	0.129818986992188	1.62451770838765	4251	0.883197404043573	7	5	2	-6.74041459172375
chr4	41623518	49023704	0.498849085268896	394	0.0963729642593895	1.15088841439915	14831	0.439567919676753	4	2	2	-6.73896881343777
chr4	49091992	49646322	0.280040243432734	189	0.13294251063383	0.817859314418706	2027	0.325250820465465	4	3	1	-7.07002072414011
chr4	49709464	49711644	0.17574905874515	23	0.130452344667503	2.2744179415333	133	1.03491625046538	19	16	3	-6.73363581516876
chr4	51838796	172106929	0.472925721280414	5758	0.096696566601945	1.12627637685926	221790	0.458989980358879	4	2	2	-6.79061376979822
chr4	172123701	178470764	0.311128326012814	305	0.11550899774088	1.19125294629965	9414	0.51922560116831	4	3	1	-6.77051030412368
chr4	178560384	190041639	0.389190577583575	834	0.106171319089257	0.985704863485543	22869	0.423482474173627	3	2	1	-6.96438469306644
chr4	190061005	190179754	0.224140167948059	16	0.127316665575773	0.634288467844998	151	0.377970208013403	2	2	0	-6.8079068060013
chr5	49766	745191	0.498872220589852	198	0.0773295362446918	1.07966523851411	4233	0.369217319491368	4	2	2	-6.74017634488536
chr5	766969	824176	0.392324949202498	27	0.103256892045934	0.529548249858283	299	0.13318567611679	3	2	1	-7.26604794673249
chr5	824959	5220437	0.160015839383827	227	0.122509897650828	0.719175396996597	6410	0.298443318183667	2	2	0	-6.79708401066144
chr5	5223003	6020375	0.354991940320143	48	0.0874859841864856	0.975448165283508	1419	0.328782210459804	3	2	1	-6.7972749454592
chr5	6150937	7188672	0.147465399753364	38	0.0800316438128057	0.728753755886513	1244	0.267470304426836	2	2	0	-6.85558547740861
chr5	7206734	20493967	0.358586284761725	642	0.0976118795837459	0.95725920493543	19132	0.364682863419604	3	2	1	-6.89817910766704
chr5	20534887	24435228	0.160768698646969	89	0.107274855093074	0.745906131197996	2514	0.3111835222787	2	2	0	-6.89212925854409
chr5	24462035	25613777	0.40911791191273	30	0.086069979547519	1.00292924619677	811	0.414622893395253	3	2	1	-6.84300677646265
chr5	25778054	46206800	0.157652111009557	794	0.10405508354917	0.7570582744171	30219	0.267421294978789	2	2	0	-7.9399918483121
chr5	49599589	50818587	0.498610844900884	104	0.125765747131744	1.14902223729669	1775	0.754286904214298	4	2	2	-6.7333674534239
chr5	50832878	69470417	0.149335400964745	811	0.0948802370254048	0.846274621516064	29109	0.325345897136348	3	3	0	-7.27865303237814
chr5	69479979	71207763	0.351924413113363	12	0.14098280574294	0.775502858751057	737	0.481891604258492	3	2	1	-6.86930923748223
chr5	71395097	94867506	0.103521720346956	1283	0.0726726786595027	1.20372952547297	51726	0.55431041292624	4	4	0	-6.90257635522188
chr5	94894653	99462887	0.0576440752437095	430	0.0532904905305192	2.15703523147615	15920	1.09101003955801	9	9	0	-6.7370525217667
chr5	99468294	99536212	0.144052394223453	10	0.163034556664122	1.78679508950477	232	1.33283995906152	10	9	1	-6.73565918361866
chr5	99606895	100379474	0.0575210764034704	29	0.0760030949590196	1.92553589777557	770	1.03602011254627	8	8	0	-6.73571832767785
chr5	100380129	100392148	0.0840357561725897	10	0.169215050552051	1.72261693921061	102	1.73514709379337	6	6	0	-6.73359153184821
chr5	100394818	112231779	0.0597904563242447	636	0.053272370013208	1.99783214556348	22865	1.17827569371192	8	8	0	-6.73420697789056
chr5	112262658	115279818	0.107769723153237	218	0.0665704519983989	1.11677018724179	6295	0.503609534124813	4	4	0	-6.73498773274379
chr5	115332615	119680858	0.0742078402131936	341	0.0613546709951567	1.57671120483516	10067	0.738156780420262	6	6	0	-6.73661598398059
chr5	119683890	175899348	0.109380771627855	3486	0.0756702301048144	1.0609116730392	155112	0.397835817174781	4	4	0	-7.52977147877415
chr5	175919942	175933336	0.498354522122171	12	0.131158705622639	1.0522993194595	99	0.51596578391108	4	2	2	-6.73328762565376
chr5	175933376	181281775	0.133948870517439	768	0.0964360022791403	0.785142907946292	27734	0.267810401795113	2	2	0	-7.52488638666581
chr6	177050	57921941	0.325837941310845	4678	0.100367257320045	0.853511275274458	180493	0.299610709845946	3	2	1	-8.22709148871408
chr6	60278698	67379994	0.498758078309527	146	0.090144275530723	0.921032540481838	5123	0.379201125896352	3	2	1	-7.64586058074229
chr6	67395510	170594710	0.191141800092333	3837	0.104375961570303	0.651379300976811	139542	0.230335969908985	2	2	0	-9.28115123534013
chr7	35631	3261772	0.288454717020264	1039	0.117908945434168	1.98947902732889	32133	1.00114131785851	8	6	2	-6.73589919723971
chr7	3268666	5383077	0.333968994088945	701	0.108692824847006	1.76198955110755	16152	0.886903113595143	7	5	2	-6.75109766103441
chr7	5385088	5784469	0.498831481695714	111	0.0830123206075181	1.19628203182219	3566	0.477296369403724	4	2	2	-6.73628876166224
chr7	5785756	7159363	0.344242689036865	478	0.122690838295007	1.68384257447667	15181	0.875775334170469	6	4	2	-6.74730025694037
chr7	7187313	10443852	0.49876490652987	156	0.110474166201196	1.23014503988564	4720	0.533834180806716	4	2	2	-6.77948510655037
chr7	10451433	11636228	0.318397388792493	107	0.120822840151061	1.82636775343051	3006	0.81398546324065	7	5	2	-6.73371091708604
chr7	11637066	58100679	0.498921793808252	3177	0.10254363890014	1.19973837019709	114846	0.500220538991509	4	2	2	-7.08096611727838
chr7	60958181	159315787	0.375724941711703	7542	0.101150908745424	1.00305443476597	289462	0.387294893522878	3	2	1	-9.09524991120821
chr8	213476	40153560	0.246097914144175	1830	0.110379178243541	0.476180656285598	53271	0.167745970759778	1	1	0	-6.9087586120243
chr8	40275547	43173910	0.409581637313664	174	0.0921850804840435	0.884557337339273	10159	0.342128127817216	3	2	1	-6.81273675697612
chr8	46893065	52975898	0.374160635377552	124	0.100662994950086	0.905247436435705	9237	0.348134706604222	3	2	1	-6.7357930565911
chr8	52977641	65418832	0.498839745227941	677	0.101782154873888	1.20254018391551	22352	0.566990919145575	4	2	2	-6.81520379061393
chr8	65461184	69635085	0.329347469224815	338	0.123791250921526	1.54239182761411	15998	0.725393499459042	6	4	2	-6.77080726112178
chr8	69636405	85557575	0.498847467702914	729	0.0971754005711339	1.23187922545903	28193	0.557759483171555	4	2	2	-6.94219143518542
chr8	85643858	111562304	0.375372059257291	1099	0.101720540688679	0.970290184198909	46433	0.373566125409155	3	2	1	-7.13821280346973
chr8	111592794	123051224	0.272683269686955	497	0.106881006219493	1.24582724418261	18810	0.558441365701189	5	4	1	-6.89742468793365
chr8	123052630	145055899	0.339416423102009	1684	0.103767190468901	1.02218031150717	64870	0.399243554581844	4	3	1	-7.56453292723571
chr9	12863	21809334	0.173869702932224	988	0.104066338180655	0.66303659063138	27431	0.251630050114025	2	2	0	-7.06054249119649
chr9	21816647	30088462	0.498710077731977	81	0.137422666243713	0.255110136946049	2726	0.0967576076421311	0	0	0	-7.06477795262753
chr9	30213719	31334535	0.18174128208341	25	0.0980226504436602	0.68157843111348	439	0.282898115650735	2	2	0	-6.73468589564411
chr9	31395901	38630872	0.498883016426239	740	0.0896663387559223	1.11322453753371	39125	0.402903446516009	4	2	2	-6.74112064862324
chr9	38636186	42986133	0.368952905768924	578	0.124320354905247	1.08506162992573	5500	0.474436041650214	4	3	1	-6.90961668786189
chr9	43115273	66798892	0.342651016432969	262	0.131155475104691	1.02944173287201	3435	0.47903471318217	4	3	1	-7.30034408154871
chr9	66801789	138130794	0.45506539308621	5411	0.0948506543258674	0.903766042047141	223075	0.331498516105188	3	2	1	-7.12718046223923
chr9	138141594	138177101	0.498046455736561	22	0.149188838469269	0.822292749345774	183	0.367621546911274	2	1	1	-6.7379273267466
chr10	48005	33251141	0.176903550197539	1919	0.102847887673962	0.650880510000547	58220	0.236507490247704	2	2	0	-7.78017674167189
chr10	33564210	39475690	0.498792299171647	397	0.125902670924257	1.05694551634196	11987	0.499954278842055	4	2	2	-6.80024576175926
chr10	41496724	42391659	0.498510391076819	90	0.14094593973432	0.964065704791087	788	0.415230876396006	4	2	2	-6.81291436599055
chr10	42402827	42798366	0.499156362994815	62	0.077335849939601	0.90427943573497	1370	0.337716657839895	4	2	2	-6.83680127468844
chr10	42831179	44501863	0.169740067549804	72	0.0890947331713454	0.6265528489197	2706	0.224588058928449	2	2	0	-6.92379435255827
chr10	44632704	45699332	0.499228554845778	63	0.0726264668467078	0.897997464675161	2521	0.317354047856751	4	2	2	-7.05739559707739
chr10	45701127	51286336	0.18089963930067	350	0.113018350782472	0.632943926835274	10562	0.226258943173458	2	2	0	-7.19401666914197
chr10	51557335	62479987	0.397284716228746	332	0.115511544760808	0.923417034607399	11876	0.379924206491544	3	2	1	-6.75583278428431
chr10	62516166	70600500	0.168193555863673	416	0.103882798146253	0.703799205682387	16744	0.265027538608584	2	2	0	-6.7652538615015
chr10	70624794	71377141	0.376261401752273	68	0.0797406834826659	0.91317482329851	2407	0.309672154349415	3	2	1	-6.73364510951532
chr10	71384083	107013993	0.163762512624883	1933	0.0974456459682177	0.698938839423232	89749	0.242012692036947	2	2	0	-6.80121517755508
chr10	107031617	108677674	0.355321750986173	34	0.0796377717421642	0.91740879597418	872	0.37067120035417	3	2	1	-6.78496250178071
chr10	109364805	124767239	0.161754906349914	726	0.100526290941793	0.704987121502267	30810	0.247958144132004	2	2	0	-6.81556872547841
chr10	124770080	126855794	0.498813712890978	155	0.114127264164348	1.09864138549128	6566	0.417681752548713	4	2	2	-6.73975650618795
chr10	126859303	133231126	0.169649238142615	294	0.100635435601723	0.602909255596015	9412	0.202763508145963	2	2	0	-8.09664791132338
chr10	133238039	133689399	0.475859470283549	76	0.0936508708663998	0.976036240162771	3287	0.308317947528554	4	2	2	-6.83507760389574
chr11	187629	440765	0.429705644360984	75	0.0860895720422306	1.04102668712767	3663	0.357622088309713	5	3	2	-6.82421849774107
chr11	440857	701715	0.271618033981706	175	0.0944573341794885	1.53127729934825	5365	0.520118239735313	5	4	1	-6.76009890042896
chr11	703175	50422372	0.441846234769182	3811	0.089606074750095	1.07086334904156	154512	0.410917701812206	4	2	2	-7.48577064387562
chr11	54683428	56232927	0.456274889197638	50	0.0781535093288085	1.1463451269804	3424	0.359071815401322	4	2	2	-6.91623461759322
chr11	56276128	56701244	0.346045691077686	66	0.116317547235453	0.761483573495874	1321	0.18051259840257	3	2	1	-7.02363923513602
chr11	56730608	66715703	0.164624673526587	963	0.0802604049663268	0.715585606912911	61390	0.213882698257268	2	2	0	-6.91542397894102
chr11	66748578	68119791	0.426969199500624	328	0.0981092421651743	1.3817253447148	16120	0.577557146027174	5	3	2	-6.73867666405892
chr11	68132678	68793536	0.140526889593998	39	0.0804339529224198	0.697417534231628	2853	0.230794015023755	2	2	0	-6.8748687307835
chr11	68797749	69850720	0.307078497878087	212	0.11936982688668	1.75476050412798	7038	0.841984643905366	7	5	2	-6.73640680175066
chr11	69854514	70784425	0.230894454698492	239	0.113413422991325	2.41099512396695	8556	1.20861228648883	10	8	2	-6.73319081020536
chr11	70890420	73419105	0.165915672141904	306	0.0888722469487759	0.69379307775876	10005	0.228425319470975	2	2	0	-6.7486627583788
chr11	73440290	75259250	0.194917938630737	547	0.0948711325171933	3.02485114834765	21918	1.75237556703783	12	10	2	-6.7336606591443
chr11	75282138	77252235	0.299649432131692	377	0.120682167896398	1.97394830314905	14787	1.0562106374444	8	6	2	-6.7480836160125
chr11	77362259	81310573	0.363723808699427	364	0.125503554496047	1.65685371454316	12744	0.78267771322391	6	4	2	-6.74365481036579
chr11	81777381	97972000	0.179269437355815	547	0.0949000298023907	0.724381056517443	20357	0.245429429335117	2	2	0	-7.0792192200602
chr11	97976398	101240180	0.448168666129058	135	0.112755645533955	1.22557364546288	3744	0.621616403926692	5	3	2	-6.82431705077113
chr11	101240261	103943773	0.312660879766287	227	0.128634559238239	1.83414085823758	11823	0.869054732342096	7	5	2	-6.73426337555205
chr11	104005133	122452604	0.173051486910548	1037	0.100886392568465	0.718271442734564	43911	0.315680562688875	2	2	0	-6.90205299247681
chr11	122495299	123260284	0.3270647564526	179	0.102410997902418	1.82123809737719	5518	0.822982136699021	7	5	2	-6.74095965165156
chr11	123267436	124397016	0.23262760213274	220	0.109922703888778	2.27414340975171	7760	1.09733287519902	10	8	2	-6.73671502613825
chr11	124417541	125005228	0.178504709481595	66	0.0680457356821288	0.684641114551559	2742	0.177640876988084	2	2	0	-6.73417102450337
chr11	125038456	125466237	0.235533472629373	58	0.103991362955142	2.12625003058615	2474	1.21880627965324	10	8	2	-6.73817166081867
chr11	125474639	125756001	0.173013260356401	25	0.115366199556022	0.774311718279512	1232	0.334530548558277	2	2	0	-6.75488973652264
chr11	125833020	127647829	0.190121041327906	298	0.106643820058955	3.17995779715775	12135	2.09336811102479	12	10	2	-6.73650924900254
chr11	127941545	129585427	0.159712031983041	49	0.0958421010481998	0.699723046122571	2161	0.236679375713795	2	2	0	-6.76279674170792
chr11	129597397	130321034	0.298539235556434	165	0.111579540532681	1.82016702749277	5792	0.744162583699489	7	5	2	-6.74681804507828
chr11	130350263	134989134	0.161894028346957	148	0.0994471856697594	0.694873863706432	5685	0.230054307700683	2	2	0	-6.75481244292715
chr12	12881	16171104	0.456348123481558	1496	0.0876270695663394	0.801197197952766	57974	0.267663995239177	3	2	1	-8.85261647281067
chr12	16207922	34276742	0.418965092577375	1062	0.102977592159521	0.976235021649607	36572	0.39727559024929	3	2	1	-7.1286911669993
chr12	37540792	39426602	0.334989012009976	41	0.102449404526356	0.880394214119158	1949	0.300482727619643	3	2	1	-6.85594936723778
chr12	39430025	48200562	0.498885644046009	594	0.0833536148689004	1.15443591952033	23756	0.452642963509192	4	2	2	-6.74243910125946
chr12	48205892	73027157	0.498897847783418	2076	0.0926512934700573	0.963673902291213	110148	0.354922417719221	3	2	1	-7.94597578225788
chr12	73028351	133227713	0.365910247021838	3576	0.10224181579279	0.81749641974994	157745	0.295414397089053	3	2	1	-9.65423105247301
chr13	16231743	16689134	0.5	1	NA	1.7818674109195	12	0.325334606306501	7	7	0	-5.76456464064604
chr13	17742959	18211846	0.49809589386664	16	0.181407356980544	1.31291629359777	126	0.614060088264984	4	2	2	-6.7493248741516
chr13	18211919	24114731	0.496589008896366	804	0.0957622882312713	1.25608040525772	21298	0.57200948159098	4	2	2	-6.84740851857804
chr13	24122331	114324544	0.368701545029631	4029	0.103382057924871	0.983701583975166	147993	0.378407953736811	3	2	1	-8.38129418958477
chr14	16037128	16402273	0.27925116323443	4	0.0928165753875172	1.23195951061908	57	0.881944768074984	5	4	1	-6.77587257205613
chr14	18289867	19935932	0.319244510474898	164	0.114485208207868	1.01882235575783	3352	0.367729531528067	4	3	1	-6.82330251123213
chr14	19959892	106867797	0.49893731367113	6497	0.0889073610108808	0.998930026695839	263053	0.375925466333983	3	2	1	-9.78837745728716
chr15	17071405	17082007	0.498647238418032	4	0.158086474226397	2.51870829589709	7	0.425030923244751	10	5	5	-6.73309413610723
chr15	19858780	23507898	0.496258069844335	627	0.122578577080978	0.91810454305498	10725	0.343409768814246	3	2	1	-7.23983207253419
chr15	23554694	70802338	0.498919172441057	3195	0.0883616528709047	0.730692116228797	128121	0.25498444902337	2	1	1	-7.87207644685571
chr15	70803384	75665534	0.386054014620258	320	0.0979787770507016	0.949228141478351	22915	0.366157125346381	3	2	1	-6.77162024011272
chr15	75686041	101915195	0.235050989523384	3127	0.104437070878532	1.48280259332214	111361	0.666834369756684	6	5	1	-6.87188227032142
chr16	19829	5919926	0.146993205708715	1217	0.0917343366117681	0.698169977495154	45925	0.209262812995244	2	2	0	-6.81919791816183
chr16	5922090	25151792	0.410405121088285	3359	0.115088268303327	1.54649817682344	110910	0.728913823724441	6	4	2	-6.85458375162057
chr16	25154299	33048885	0.498892915138863	782	0.0936445346032406	1.05268677940493	48542	0.383231165396831	4	2	2	-6.90122568155506
chr16	33339805	36104311	0.301560799981431	145	0.131427947059213	1.15239604340621	3901	0.448826930055722	4	3	1	-6.73586875660744
chr16	46386263	46401545	0.403710709506554	59	0.124995768484777	1.18043109458976	1787	0.354337292983757	5	3	2	-6.74263700493905
chr16	46671590	80608039	0.182398304962885	1907	0.107337318468492	0.622606663218514	80892	0.21179951270895	2	2	0	-9.63129599316272
chr16	80612695	81420119	0.303066867551832	111	0.116793006589463	0.378548411542913	2073	0.129955078934844	1	1	0	-7.9004589006107
chr16	81476092	90173740	0.31811461987414	1207	0.0995449494061482	0.777848721103129	32400	0.273527165756958	3	2	1	-8.33123145611596
chr17	132094	2701854	0.498854920193013	627	0.0963641746985315	1.07576977841673	21098	0.414469469851018	4	2	2	-6.75685304967921
chr17	2726694	14744276	0.181380213671067	1317	0.0982564603617741	0.60819276086663	53190	0.191614548696836	2	2	0	-8.89843604078694
chr17	14756150	18400750	0.438141503545803	638	0.0948835623938263	1.18383811330977	25389	0.458206586804228	5	3	2	-6.94053707552125
chr17	18402807	21415555	0.411714069355503	566	0.116008236106825	1.41479352861278	20594	0.634103587646878	5	3	2	-6.74376046544239
chr17	21415606	25074523	0.312950719190621	300	0.117614611860419	1.32337658468492	3221	0.559101067498981	5	4	1	-6.87837094055769
chr17	25389878	26620008	0.36788455523807	13	0.134382156935227	1.46260125229171	191	0.870981959242547	6	4	2	-6.74058079212042
chr17	26780609	35656692	0.155228243214477	674	0.106234430963181	0.730568497875317	34751	0.255790792550457	2	2	0	-7.01211864608463
chr17	35671783	35926605	0.386720933135271	30	0.0884232507000722	0.963659016951889	2015	0.347883481751673	3	2	1	-6.74174146413433
chr17	35927191	49182768	0.1581249433381	1615	0.095038724520309	0.713801650971142	75332	0.237923604325603	2	2	0	-6.91370191716268
chr17	49187051	52283326	0.37624552918133	346	0.0964169456174321	0.943050155211508	16675	0.330709357564797	3	2	1	-6.75286150155972
chr17	52283345	56310322	0.49880757301755	134	0.101907053364967	1.21343573132768	5181	0.561171993520942	4	2	2	-6.76930473747721
chr17	56350706	56933318	0.194289797607291	25	0.0766227120376198	0.747327889120677	1224	0.229990646816133	2	2	0	-6.79466448201893
chr17	56950408	83094678	0.498928832757422	4350	0.09894707925098	1.26808578968812	182163	0.512904058838754	5	3	2	-7.35062768784369
chr17	83114327	83194874	0.498429138766601	30	0.140586881551473	1.17897003114187	179	0.572405262803213	4	2	2	-6.73334150938874
chr18	47858	112933	0.224916511823464	45	0.137369324498344	1.15896449501387	775	0.592098499081716	6	5	1	-6.74447882020524
chr18	116749	2626465	0.415014598929311	290	0.112818617420628	1.44985462500051	7606	0.734451166365753	5	3	2	-6.7466865874643
chr18	2632215	15378901	0.498886870891446	1357	0.0936606010900352	1.20083334332408	40161	0.497625151796176	4	2	2	-6.83681442924239
chr18	21006644	23015139	0.156693033457238	85	0.0937434472032975	0.744436826117653	4908	0.290189331401255	2	2	0	-6.84933303346807
chr18	23031487	25889034	0.366799735286034	170	0.107728375505093	0.982843067082979	8730	0.42938725153502	3	2	1	-6.79257214091983
chr18	25927102	41290515	0.14574592381782	476	0.0918577308910807	0.822841140644878	18696	0.297228642595309	3	3	0	-7.67355713258085
chr18	41290683	47033404	0.339197131644327	269	0.106359648358144	1.03518607039887	9817	0.419081683944546	4	3	1	-6.94965371435902
chr18	47034058	48664686	0.134916823080855	90	0.0933317689810045	1.42185725929525	3895	0.671963752895331	5	5	0	-6.86344451265042
chr18	48685385	54390007	0.22092805438039	439	0.107689409962191	1.57463336591472	16693	0.707904628650026	6	5	1	-6.73316715321113
chr18	54494808	74597170	0.0902537738717948	1319	0.0719837557105141	1.36829855838308	42944	0.652283090947989	5	5	0	-6.73659625267893
chr18	74597644	80195252	0.101077111643499	343	0.0703453469410544	1.16219030310915	11181	0.48354073380407	4	4	0	-6.75165113957485
chr19	282753	9713576	0.167879993051357	2594	0.100199809228055	0.613742732083833	72108	0.195593449347626	2	2	0	-8.31076883907239
chr19	9739297	21340189	0.496762301047554	3204	0.091786310773472	1.11956127675844	135329	0.386486424665181	4	2	2	-6.74007165672506
chr19	21345258	24394204	0.180226514159999	376	0.101385585130927	0.645914937811752	9256	0.20738661974862	2	2	0	-6.91791123585543
chr19	27392072	58583342	0.373513026334702	6292	0.0952558591962432	0.946552391399838	253323	0.3178947846371	3	2	1	-6.98549011124503
chr20	96321	11503948	0.158445438095734	869	0.0973252189526502	0.730742306352482	28427	0.259012636152182	2	2	0	-7.07083903465203
chr20	11527273	19744480	0.439100344709227	534	0.102819249335344	1.38215750311597	19551	0.641863680683618	5	3	2	-6.76251603925553
chr20	19744623	26254698	0.395179342759205	313	0.0968084623855202	0.964034260322875	13645	0.344028146964559	3	2	1	-6.85146849767782
chr20	28513558	30976441	0.486462060289136	908	0.120905433091931	1.18483147351529	4990	0.515805603422785	4	2	2	-6.75178621666917
chr20	31054753	31248651	0.481304786855903	103	0.137901000336383	1.34869942040418	830	0.640296968716413	6	3	3	-6.75083841153419
chr20	31274572	61331619	0.498915179396429	3450	0.102886947532649	1.2847493872057	152960	0.53780480251036	5	3	2	-7.24549136281328
chr20	61333293	64328010	0.49889161396196	526	0.0797002567904536	1.13206602329913	22692	0.365569303086179	4	2	2	-6.73314942551492
chr21	5063904	10804552	0.423531044328915	966	0.130248401859432	0.956727657905091	7201	0.38292155491535	3	2	1	-6.8572325788894
chr21	13000242	44600627	0.429508685620567	2792	0.10745234749411	1.34110059373549	91489	0.593383898674038	5	3	2	-6.74415090402579
chr21	44600952	44601844	0.145905359903864	10	0.0122696554329958	0.634605495959878	65	0.0703673328929095	10	9	1	-7.04137469399238
chr21	44612177	46689753	0.434789389024989	434	0.0913295673794376	1.27503531192787	14880	0.428100272456052	5	3	2	-6.7766242379726
chr22	10560873	11057650	0.493565059885268	530	0.128636724766537	0.910073203685092	2329	0.331309551562857	4	2	2	-6.8617877888058
chr22	11057667	12801199	0.496024630263976	384	0.136989428574335	1.06618946812054	2425	0.548235930388232	4	2	2	-6.74623721045963
chr22	15484112	16553259	0.498566113654664	116	0.137740012140727	1.26140988750489	1771	0.65482968698974	4	2	2	-6.75038572043476
chr22	16553787	17467580	0.446464137855604	228	0.118701291807266	1.54865643987623	6479	0.701075494440922	7	4	3	-6.76008846588097
chr22	17475618	17511820	0.226766317928051	33	0.0986435559799201	2.79107596770952	637	1.81538073218083	10	8	2	-6.73392178831041
chr22	17517246	17709370	0.163391534091051	52	0.124235342947994	0.823691567764183	1407	0.433428029963479	2	2	0	-6.76271789784352
chr22	17711422	18793640	0.464762509680546	145	0.101010795200941	1.45548345066935	4549	0.677243969360742	6	3	3	-6.81392990059244
chr22	18886814	19944744	0.270960710639169	319	0.121641179402734	2.17576874852564	12894	1.13746454558839	8	6	2	-6.73979741949913
chr22	19945888	20457643	0.239940788865391	168	0.120422459365782	2.51972357165533	8713	1.20786613274666	10	8	2	-6.7369698718559
chr22	20460380	20881443	0.314723910955598	216	0.124927700021085	2.12473748569092	6594	1.01645926447974	10	7	3	-6.73939923414046
chr22	20887566	23958496	0.1482187883544	494	0.0974825078132545	0.75569380861583	14492	0.397377115940656	2	2	0	-6.88921372024505
chr22	23958514	24003973	0.498869117852946	25	0.0940280631868309	0.698724732477968	182	0.360858763008328	2	1	1	-6.73314485102796
chr22	24032793	31146583	0.150713176285108	687	0.0970232076578146	0.73203694024465	27926	0.253967670394089	2	2	0	-7.00342047525757
chr22	31169108	31248628	0.371396611795552	23	0.114819586958877	2.18841316703202	924	1.25789949082776	11	7	4	-6.73535527727816
chr22	31259013	35502300	0.150580120763798	367	0.0940571763914172	0.764713984447377	12963	0.386114134778063	2	2	0	-6.96336984114077
chr22	35524822	37343283	0.30753680222397	477	0.12209661159338	2.04298185794148	18688	1.0114127486516	7	5	2	-6.75321229894858
chr22	37347269	37883433	0.232889130755814	258	0.108974921478733	2.62800276961072	12516	1.22280777115031	10	8	2	-6.73431272448679
chr22	37889293	38289125	0.342140398026884	169	0.110995365937095	1.84170355327189	6409	0.83240958518464	9	6	3	-6.75072236741654
chr22	38293042	38837115	0.256769378150244	72	0.128465938898075	2.40642689227512	8695	1.21679053272096	9	7	2	-6.73468790765178
chr22	38942659	39462191	0.152480329288276	75	0.0826108057412904	0.722825963111074	2905	0.228672952649745	2	2	0	-6.81122392081551
chr22	39578585	39691384	0.209545627300598	44	0.0906866774517098	2.66310835734249	2405	1.04740820854795	11	9	2	-6.73326705198026
chr22	39694751	40143743	0.189903237150595	72	0.105890854391767	3.05132537399921	3826	1.87250453149856	12	10	2	-6.73474914735809
chr22	40158120	41006973	0.133109140798882	96	0.0931829782428665	3.11603764336111	14083	1.96253190982901	11	10	1	-6.73728147502161
chr22	41007499	41249520	0.161986924872919	141	0.0987139497250216	3.35896981246826	6951	1.91561900330396	15	13	2	-6.73374937427471
chr22	41309246	44196294	0.158108638876062	370	0.0937804205289764	0.73793712331814	15067	0.261786238649455	2	2	0	-6.87443022773104
chr22	44204042	44612650	0.320809102223248	89	0.103622346304879	1.77172052785215	1904	0.715733989824941	7	5	2	-6.73475982175982
chr22	44613841	46714068	0.498857212199015	599	0.0984336620395925	1.3191439363071	15131	0.617133280261449	4	2	2	-6.80900678233292
chr22	46714321	48809843	0.293301312055673	243	0.128595791126668	1.90057830581336	5575	1.1830241059069	8	6	2	-6.74183184424566
chr22	48836183	49335372	0.430338494338893	41	0.0601163404595115	1.2634988517898	570	0.512148874144476	5	3	2	-6.76214880685464
chr22	49343435	50808384	0.154934156868356	373	0.0796294727854533	0.715428351118203	11099	0.223306778140174	2	2	0	-6.81373084536285
chrX	255859	872072	0.477877984234346	271	0.10255273599456	1.1135449678087	3202	0.555158124522937	4	2	2	-6.76116740596312
chrX	884660	3032920	0.309565500546952	1078	0.11312091823006	1.6917512881443	17905	0.883810225149776	7	5	2	-6.74047624539658
chrX	3032957	8373827	0.477046495498124	239	0.105461193784232	1.03201120752621	8307	0.513020999404216	4	2	2	-6.86494386425054
chrX	8373897	10931607	0.359842934970628	196	0.13914380485721	1.45384518568154	9260	0.710090814628189	6	4	2	-6.75236592643747
chrX	11139621	58204492	0.402612746465147	1898	0.0970774000090681	0.95124401039101	111244	0.374419519929732	3	2	1	-7.11257240841261
chrX	62780088	146944327	0.430708004752004	2335	0.0972504371266583	0.887594163267239	130385	0.331261563683002	3	2	1	-7.21162520812266
chrX	146944412	152199137	0.438997685580882	123	0.0913867644522253	0.632508578420832	6203	0.201153658578778	2	1	1	-7.53814969066397
chrX	152296946	156005413	0.393110378352466	255	0.0790577142737969	0.848783876923037	18838	0.248334731409178	3	2	1	-6.93143011710745
chrY	10098823	10098827	0.125	1	NA	1.526	1	NA	NA	NA	NA	NA
chrY	10785299	56887102	0.496026317613939	288	0.132497553967956	0.756164901373668	1361	0.253093073084813	2	1	1	-9.07487255057087
