chromosome	start.pos	end.pos	Bf	N.BAF	sd.BAF	depth.ratio	N.ratio	sd.ratio	CNt	A	B	LPP
chr1	202259	2163618	0.00178481985193141	357	0.0949597164490712	0.603619091606773	8579	0.229856356644325	3	3	0	-6.76023981687
chr1	2181939	2222520	0.113769218042446	25	0.0609644705272396	4.36818698486195	1184	1.83093415365802	18	16	2	-6.73433905630032
chr1	2303464	9428336	0.0039147714664764	505	0.0198986414796621	0.655115806182364	14490	0.686546749023019	3	3	0	-6.77611018641916
chr1	9496204	9839981	0.0919889585173886	153	0.0798796162733349	5.14700211756715	7911	2.89918287321068	20	18	2	-6.74015293909902
chr1	9860353	12714480	3.45540392677202e-05	263	0.0204444541632763	0.586521399538812	9992	0.206112011526928	3	3	0	-6.89194461336382
chr1	12835183	13318768	0.0307646294880886	54	0.190707976092645	0.768519852267731	482	0.432038547881472	4	4	0	-6.75879807319177
chr1	13326354	16575173	0.0019436498711452	327	0.0625831444483555	0.601383548213393	8002	0.2215259814495	3	3	0	-6.79222833186061
chr1	16576166	16858943	0.498451802813475	128	0.182829048732775	0.752108868666952	1349	0.300013624377999	4	2	2	-6.75286506897068
chr1	16871068	26197910	0.00141304023339062	710	0.0378167402663838	0.619475476972795	25513	0.218693728399333	3	3	0	-6.74325442442062
chr1	26200813	26282768	0.00532496908573155	9	0.166318302594085	0.530221475707129	388	0.156341498359605	3	3	0	-6.78762312074982
chr1	26297150	27664540	0.000464377883943046	61	0.0101445832002114	0.579810285735176	5366	0.204968529269509	3	3	0	-6.84255625001178
chr1	27668566	27734063	0.082453302227403	9	0.163309607120273	0.551949653393074	169	0.212917150099339	3	3	0	-6.89558744611834
chr1	27740443	30500140	-0.000975589412184008	111	0.00249484316626164	0.573338947318872	5339	0.246754069233838	3	3	0	-7.01966064374758
chr1	30655190	30742517	0.017976580463831	9	0.134088590118623	0.695891202820158	270	0.197560204164669	3	3	0	-6.75922700102738
chr1	30831549	75674661	0.00102515829756084	1532	0.0217856350821622	0.620927549696862	77986	0.227408540916927	3	3	0	-6.75709071574463
chr1	75677730	75881378	0.499239975369795	27	0.0711159119640108	1.04983186328116	769	0.434965172061956	6	3	3	-6.75272211197774
chr1	76119100	99721129	0.00194764810204728	583	0.064573073864298	0.67263949129167	23856	0.27129644687366	3	3	0	-7.62335679035894
chr1	99791535	100066716	-0.000770097348238227	31	0.128730651537081	0.987841956483301	957	0.456078939905219	5	5	0	-6.73529182488556
chr1	100078406	109281739	0.0145462443139273	220	0.0315284712568251	0.767935562238033	9073	0.815865071801508	4	4	0	-6.91312226661826
chr1	109289405	109378045	0.218207398203006	14	0.106507312858356	2.80618410096595	1155	1.51729753331692	14	11	3	-6.73387767683513
chr1	109415413	112913924	0.00129372295968933	210	0.0316676895423052	0.666166949735819	8247	0.223276977469607	3	3	0	-6.90021356808401
chr1	112971570	113274309	0.090426550514341	56	0.0934654877620472	3.91450032542626	2853	2.47637076745284	20	18	2	-6.7394337356699
chr1	113521718	114709988	0.0528823155773799	28	0.118215188059025	1.33213420992114	4575	2.08965492790304	12	11	1	-6.83661107250385
chr1	114714048	120198071	0.000932842049422788	199	0.00423010785876998	0.725923530000925	8303	0.502176000169597	4	4	0	-7.00104256172567
chr1	120449388	124514275	0.14313282314465	14	0.104627544542167	0.637016722428907	857	0.290502102499098	3	3	0	-7.69722670653054
chr1	125094663	143253209	0.477613415260444	12	0.163433125050084	0.459961193998796	267	0.156598145999077	2	1	1	-9.42608165946287
chr1	143766440	148227539	0.498789673490647	146	0.100474552083791	0.82054718013868	6738	0.30104167706744	4	2	2	-6.74024789737007
chr1	148371019	149368933	0.498014990129773	11	0.158287253262714	0.910906901288732	864	0.340711932707417	4	2	2	-6.77363279589892
chr1	149599847	156651459	0.498888234180375	654	0.0950944490537498	0.771279949542889	37369	0.248089337928587	4	2	2	-7.11964468210722
chr1	156656548	200029176	0.498913781060899	1895	0.0879131382246358	0.89125375853805	75214	0.322945000562054	4	2	2	-7.68760219460603
chr1	200045634	235072419	0.498906567870776	2023	0.0926579510679291	0.857468974700216	75262	0.320880253688028	4	2	2	-6.89410704885532
chr1	235081050	248855917	0.476415265021051	950	0.105684362766228	0.821771672779718	26885	0.32154855182291	4	2	2	-6.7785156209732
chr1	248856006	248945585	0.498246223200125	9	0.207876632752324	0.841819497588485	288	0.215795285162208	4	2	2	-6.73318892065189
chr2	171469	89760314	0.498912977517531	3114	0.0896240035522942	0.845268300844553	137572	0.344427082229494	4	2	2	-6.82231038107572
chr2	89843654	91974034	0.255926693600846	49	0.128552144717872	0.789961723622375	1370	0.294680035604366	4	3	1	-6.77619770617686
chr2	94190317	95938982	0.490490761693485	40	0.115629281625507	0.842974162609771	2985	0.2798302854577	4	2	2	-6.7388309961063
chr2	95939019	95954051	0.112307603196486	51	0.131569967966053	0.58241928979525	169	0.210065695690796	7	6	1	-6.93266520705106
chr2	96009418	97158234	0.499235991509082	59	0.0680392416080405	0.812026473522603	5848	0.257018726149289	4	2	2	-6.74014335390923
chr2	97162000	97167955	0.26517279728017	27	0.133167621382284	0.686561300406305	86	0.246642101567007	4	3	1	-6.74301442347467
chr2	97185332	242063016	0.498923102803263	5081	0.0898178050075926	0.876145373542638	232429	0.332196987920358	4	2	2	-8.24770058747826
chr3	13132	75606127	0.498911315229194	2301	0.0883890497739842	0.807611359826267	137772	0.30795734453346	4	2	2	-7.17206305411284
chr3	75664574	75773868	0.0734169552785606	74	0.161232349742476	0.620281993711149	459	0.282372164681531	3	3	0	-6.85497323726434
chr3	76103024	90613961	0.498779327698429	183	0.100032951995918	0.907078480663453	7177	0.401666533492384	4	2	2	-7.09733081180774
chr3	91429061	129987305	0.498883815620956	1213	0.0895260380996917	0.847944317339703	56045	0.319257147756715	4	2	2	-6.80026608899606
chr3	130083201	130089906	0.107562301841733	18	0.109509721417632	0.75474115638459	40	0.251219628857056	9	8	1	-6.78599606378926
chr3	130439621	182955567	0.498891765797091	1633	0.0941212670547887	0.850260921721579	63132	0.335301488351662	4	2	2	-6.84343667936693
chr3	182963952	195328810	0.498892617041015	773	0.0850358656820683	0.780911572659499	23498	0.304701875932292	4	2	2	-7.05359502250824
chr3	195333187	198150648	0.4987635529906	372	0.13272422142162	0.706559586291855	9453	0.270512440817658	4	2	2	-7.30476219154529
chr4	54908	49037941	0.498899777222967	1594	0.0903229353516101	0.850082622460945	67191	0.338722330912292	4	2	2	-6.83204052497414
chr4	49107484	49163457	0.498508252859121	13	0.214316953156432	0.504060308951768	56	0.427928222149099	2	1	1	-6.73969461167448
chr4	49163530	49557322	0.134679179748188	38	0.110897117622654	1.15012606361901	221	0.662913295345031	7	6	1	-6.76646778146494
chr4	49561289	49711665	0.26871266545927	22	0.173943048101049	0.438239609709222	68	0.425805019484372	3	2	1	-6.87680910083429
chr4	51838641	190179547	0.498907836929337	3163	0.0926233629205794	0.873662420057785	155087	0.354001664264416	4	2	2	-7.93216161459989
chr5	44922	744656	0.00749416636539624	108	0.0799158971860603	0.285840299940849	1659	0.110260679061297	1	1	0	-9.03607549616513
chr5	748479	3866019	0.49869583123911	127	0.133536553979028	0.836846745203137	4647	0.316608347807722	4	2	2	-6.73340396314511
chr5	3925663	5927683	0.00378495435103399	48	0.00566808753567345	0.344157618479531	907	0.135213653367625	2	2	0	-8.75473225832948
chr5	5967631	8704909	0.237221728422206	122	0.0973221081672164	1.43086797803316	3666	0.744445348056896	8	6	2	-6.81161037443027
chr5	9042861	12568848	0.00406495010467034	47	0.016219157024306	0.331225440313382	1682	0.143514366672594	2	2	0	-9.86417502067844
chr5	12795464	14673587	0.439071877528228	87	0.083167274268321	0.758802210749583	2902	0.25673085649999	4	2	2	-7.18562088825872
chr5	14777026	16920835	0.00306752684325851	36	0.128577442540123	0.317535362065116	1314	0.158745239436745	2	2	0	-9.17518528043891
chr5	16952004	18204544	0.498269305752969	28	0.178951827634581	0.640297064291337	641	0.425155157141844	4	2	2	-7.00887694845484
chr5	18535482	24608539	0.0127369710608636	58	0.104592339448281	0.340433896895321	1860	0.20916073500696	2	2	0	-9.01670065540305
chr5	25154211	33448686	0.231759472810776	274	0.121155765716378	1.2587905105907	9416	0.785532664325385	6	5	1	-6.90179384028896
chr5	33451624	34007995	0.00239878388485693	21	0.027277236279499	0.3305389448005	728	0.110084856100413	2	2	0	-7.93945301810408
chr5	34182220	35643513	0.49849480147116	42	0.141525010819899	0.787758883267238	2118	0.515462372278729	4	2	2	-6.74354894003648
chr5	35667166	36257032	0.000725364084239954	48	0.0161671236317665	0.338028552323861	1301	0.109351293217984	2	2	0	-7.81134465888358
chr5	36267246	40934369	0.498688781374883	183	0.121918012128556	0.892400803154982	7864	0.508401765643313	4	2	2	-6.78335742792854
chr5	40964750	46008930	0.00222046990301961	98	0.0355142512947154	0.393828581896219	3305	0.354864180093176	2	2	0	-6.81101480547274
chr5	49599644	49661551	0.00202711158677749	14	0	0.0301712661644103	35	0.0280875581774163	1	1	0	-Inf
chr5	50399316	181285564	0.442848181535904	4043	0.10313289606757	0.723005884912355	169883	0.276167409670592	4	2	2	-13.1240771701576
chr6	231351	29927849	0.498884064034967	1224	0.0970483357632956	0.816595698308048	46504	0.326619101328685	4	2	2	-6.8016576132702
chr6	29927920	29935172	0.407371019917679	36	0.146651503545185	0.463559188636135	89	0.205546844691459	5	3	2	-6.80132165999968
chr6	29939006	30925818	0.498807711655444	119	0.107021361014664	0.760638142060193	5856	0.22463475164216	4	2	2	-6.82947881353896
chr6	30986579	30987434	0.498392175183077	25	0.144338433320212	0.445790562893416	70	0.111832784261194	2	1	1	-6.73329093153947
chr6	30987582	32473373	0.498863618621969	478	0.104531235978925	0.749465242399432	12693	0.208934630186832	4	2	2	-6.95484572067978
chr6	32473499	32553516	0.288280278169256	29	0.142596419717524	0.326912083525567	62	0.208427877366389	3	2	1	-7.22399943066035
chr6	32554793	32589729	0.161528072012586	19	0.144352030716335	0.195138340576327	41	0.171091677749451	1	1	0	-7.40655584152773
chr6	32641949	33086680	0.498508970883568	56	0.156733701694158	0.879740706378816	1790	0.269785191326908	4	2	2	-6.74379825216246
chr6	33092219	44343117	0.498881285142324	761	0.0907465976923548	0.763978657375675	38525	0.267608517179903	4	2	2	-7.3729115605352
chr6	44352811	60744394	0.499027740277271	538	0.0816154826672006	0.861321479620933	19837	0.314266060539279	4	2	2	-6.83931944938119
chr6	61531726	170640200	0.498908500875606	3257	0.0938494081308123	0.841801190789613	132442	0.337610662294784	4	2	2	-6.79028227034651
chr7	50403	7079628	0.494334787951862	767	0.109126213558736	0.768083498155316	21625	0.291914967534692	4	2	2	-7.04747490450126
chr7	7081938	55958982	0.498899281788502	1613	0.0908874018326424	0.893863418844528	64258	0.344665515917299	4	2	2	-7.7502471136825
chr7	55963194	58091475	0.105744543474023	157	0.133801798494707	0.696563249409996	3140	0.311919776381967	3	3	0	-7.23633657834938
chr7	60958088	77260037	0.498824382728463	863	0.1257329716732	0.725490562665366	28463	0.313554091624437	4	2	2	-8.21296032935855
chr7	77260207	97713821	0.483279125685078	586	0.0836385528342085	0.899014820679223	24575	0.345718385562462	4	2	2	-7.29523713847097
chr7	97856901	100952148	0.498839735723349	272	0.105102918128733	0.718929020007243	17287	0.241420593314	4	2	2	-7.35873577245469
chr7	100952233	100960659	0.0929473394885388	82	0.152689732205501	0.471619020854518	485	0.126277531565492	2	2	0	-6.95236570629565
chr7	100960708	101004395	0.498542863219183	73	0.146885472682753	0.593326297886989	782	0.15852432916397	4	2	2	-6.85115337185611
chr7	101004538	105705281	0.498849767147528	324	0.0999984296402326	0.706032742186858	13546	0.284054542794691	4	2	2	-7.56719968635833
chr7	105774668	142721177	0.498894284463546	1407	0.0979960992626012	0.858516932373021	57086	0.321994511425536	4	2	2	-6.91586258079686
chr7	142750561	142774599	0.054706367092891	68	0.153576612477005	0.926471677179415	403	0.210017270784163	4	4	0	-6.81187585687109
chr7	142781467	152401832	0.49887874971264	610	0.0953765152027026	0.859847040753455	22773	0.297653051020224	4	2	2	-6.79601326053994
chr7	152403224	152407516	0.0509827921452863	57	0.149542051570687	0.199160632236957	122	0.0931788644074024	1	1	0	-6.80257345402787
chr7	152407952	159138060	0.49881044899475	364	0.103100476680316	0.830322371523612	9621	0.326321985248366	4	2	2	-6.73363012353878
chr8	311290	43317266	0.498894225792832	1797	0.0997357284556849	0.846685070006676	66847	0.332859794650684	4	2	2	-6.790756685778
chr8	46579451	144889982	0.498902933641749	2561	0.0929894951609139	0.871583446361235	122277	0.349361751467694	4	2	2	-7.57330300048959
chr9	103776	38996083	0.498828086519095	1063	0.10278497382272	0.722900648757252	48493	0.282157931803918	4	2	2	-10.0058136839732
chr9	39000074	42975673	0.297147100077102	267	0.149244154438198	0.645637469355406	2237	0.292865057078757	3	2	1	-6.79715287178716
chr9	61521313	68333969	0.435014862623607	115	0.167205091546899	0.579063698803111	1659	0.306626858738778	3	2	1	-7.19084992988569
chr9	68384399	136378950	0.00198683637622576	2201	0.0271143637973244	0.416119400808663	88566	0.158018713488954	2	2	0	-6.73944892453102
chr9	136497184	138220927	0.381101568569843	279	0.106304645241192	0.673690420495394	11177	0.193044266812856	3	2	1	-7.00371986844822
chr10	47663	38982252	0.343810953139906	1283	0.112818233310011	0.618257270380082	46488	0.254613144591813	3	2	1	-6.78096224430158
chr10	41859953	42280334	0.0819035972829628	18	0.209893008848315	0.449962346184972	96	0.326867499410774	2	2	0	-6.83691646104637
chr10	42337130	133787136	0.34126949975518	3017	0.112466579162009	0.630079801772272	128706	0.237756634731256	3	2	1	-6.79764743116574
chr11	192997	792692	0.00329449983279617	65	0.0811983356451255	0.382415450078695	3875	0.121231911234201	2	2	0	-6.90929431123654
chr11	840363	1017240	0.460439503366413	46	0.103949999593357	0.697138116552029	1127	0.215255938846383	4	2	2	-6.89082846001597
chr11	1017302	1018355	0.170972001517837	15	0.0741867014138428	0.483611119505341	66	0.064185083483041	6	5	1	-6.87027646110481
chr11	1021410	1192581	0.498844438475713	158	0.0921924941543091	0.707989046850077	2570	0.158573839148175	4	2	2	-6.83983973001747
chr11	1194354	18231629	0.498900482989588	1059	0.0801639862379265	0.859116081541594	44178	0.283841617999378	4	2	2	-6.84805609549937
chr11	18245480	19245375	0.112893880051122	122	0.0996490131564744	0.772067392154469	3664	0.253317447089302	4	4	0	-7.47264292206961
chr11	19476141	32104309	0.336685307807642	347	0.112198478862354	1.23002602592795	13288	0.801961191543626	6	4	2	-6.73665300538478
chr11	32144302	32830640	0.0006875878972189	29	0	0.379483105802161	622	0.158721150454816	1	1	0	-Inf
chr11	32916026	42927509	0.498742331831863	315	0.113456675019412	1.14034706607329	12089	0.575309485355435	6	3	3	-6.8825817455374
chr11	43228083	50512765	0.49909116266215	393	0.0813489193961361	0.785944026821005	19031	0.28775136393618	4	2	2	-6.9093035950297
chr11	54592419	56700679	0.480167270589353	101	0.0779013516831345	0.852660577310793	3875	0.24242019389876	4	2	2	-6.78287889699617
chr11	56700722	56701244	0.0917330758158286	18	0.187762748364	0.65471633418097	44	0.080899420105224	9	8	1	-6.7919378460586
chr11	56730710	135064821	0.49891287263917	3099	0.0916002227095626	0.829449877350826	173083	0.294222198907369	4	2	2	-6.74537251517651
chr12	12728	295877	0.479856462784725	37	0.106546300330486	0.850933332847039	1124	0.290071254004171	4	2	2	-6.75527406105935
chr12	297126	25549610	0.49889993496367	1455	0.0920809514138337	0.851459060913591	55209	0.313794289821522	4	2	2	-6.80297651935178
chr12	25552390	25804395	0.117032554890215	19	0.139309344866924	0.869420600148091	218	0.388675370795935	6	5	1	-6.93742221310838
chr12	25846106	34276724	0.496569648818612	384	0.0942337752571011	0.839254242248656	13825	0.346949933367872	4	2	2	-6.7358798816042
chr12	37540858	40163899	0.0046671207050567	41	0.0240507593308453	0.448550088677606	1582	0.161535453876027	2	2	0	-7.06605062462236
chr12	40203743	40406173	0.450444260784547	24	0.0665678252785746	0.827497006122194	738	0.302094763272306	4	2	2	-7.04844146798251
chr12	40415030	44224537	0.00364024812786146	110	0.0992709374179903	0.480828684966828	4127	0.238392546142653	2	2	0	-7.46192623002867
chr12	44376518	45116993	0.280548944933233	15	0.108280631869671	1.23105712107322	852	0.530119660531621	7	5	2	-6.77947838075124
chr12	45173717	52749121	0.00296322578518499	454	0.0325055121249178	0.60530434208447	20623	3.8279314062268	3	3	0	-6.73833147016943
chr12	52790775	53724094	0.498934412227864	127	0.0986622184315342	0.750268806858248	6563	0.286719055656606	4	2	2	-6.80739854674003
chr12	53945268	54281329	0.0139099251959947	13	0.0881269480599378	0.427228705743043	614	0.147466375487792	2	2	0	-6.75370590481098
chr12	54334112	54409088	0.00891950273126607	17	0.195195584418477	0.712360008327602	650	0.24196155766358	3	3	0	-6.74738891940668
chr12	54411969	54584441	0.00629592028740611	15	0.0222190394546145	0.394985810957927	690	0.131951110139591	2	2	0	-6.79779950040951
chr12	54608281	54974657	0.0264804305833404	118	0.0231267583245294	15.5874305136243	5399	8.32954697380572	20	19	1	-7.30258439721362
chr12	55003290	57078979	0.00230212318856193	136	0.0325518850124678	0.430905919874419	8296	0.836998545726964	2	2	0	-6.73802566496218
chr12	57126705	57403215	0.498516845199696	11	0.136350617560358	0.794208432256947	2704	0.238901175534205	4	2	2	-6.7398389883318
chr12	57412731	57546966	0.499316328662272	27	0.0629892135658243	0.704402630051289	1579	0.193372605931528	4	2	2	-6.79340450664876
chr12	57574955	57792812	0.022470006527406	144	0.0187213183894127	14.6485251317499	19444	5.07833202642522	20	20	0	-7.50056542542249
chr12	57809481	57953537	0.430752324432706	9	0.0567890834580027	0.754133263845583	441	0.29946204386935	5	3	2	-7.00297172336766
chr12	57956848	62500856	-0.000890521045776582	65	0.00210859048801654	0.459935764369992	1799	0.187999996543361	2	2	0	-7.50896669679233
chr12	62513518	62772875	0.0212494270652673	9	0.139622208516808	6.56225315312987	1012	8.13989298798273	20	20	0	-6.74737946313683
chr12	62871776	63823359	-0.000844488821657441	18	0	0.430692709171458	712	0.168530417673034	1	1	0	-Inf
chr12	63850718	64360170	0.101544168949064	9	0.162346166501639	0.398423603591784	691	0.23201095772099	2	2	0	-6.97043751253861
chr12	64439469	68331171	0.000610645000795162	82	0.0402061010679152	0.449303115234699	3614	0.20152013611712	2	2	0	-7.04286171494137
chr12	68623629	69195800	0.0142613691740604	206	0.0145988144997304	22.4722098840533	18043	15.5913993502611	20	20	0	-7.261066864515
chr12	69198280	69216112	0.0446140854491561	10	0.129156451208946	15.7017324051086	348	11.0180852319332	20	19	1	-6.73422800278282
chr12	69217302	70656500	0.0193608270005897	413	0.0276663099163751	21.691414704351	30710	15.4048287482063	20	20	0	-7.02323309406868
chr12	70668285	112371622	0.00147140196609519	1013	0.0156843706601672	0.420129450978197	43002	0.167394220948136	2	2	0	-6.7976263766697
chr12	112400690	114681192	0.498756661225678	117	0.129603459577487	0.836181224937457	6030	0.31931351454328	4	2	2	-6.73323341432463
chr12	114723712	116633972	0.0200618609842973	32	0.199518470221875	0.617057266737864	1334	0.407849895530738	3	3	0	-6.74023195903278
chr12	116641162	118201507	0.498993706770542	68	0.102869104583386	0.897762212008909	3869	4.57453328645907	4	2	2	-6.73333467803643
chr12	118239135	118550601	0.0054296916611648	16	0.10425	0.394114363244632	311	0.201095970619602	2	2	0	-6.74897577462839
chr12	118587891	119629927	0.498624625989371	41	0.174000592233363	0.703922868155198	1044	0.341231647327371	4	2	2	-6.88237658571613
chr12	119658422	120459849	0.00245040535008989	19	0	0.356834159069	2601	0.131913884030857	1	1	0	-Inf
chr12	120469468	120601629	0.498823665650003	23	0.102490547139551	0.71385328337116	743	0.335297481567702	4	2	2	-6.74997229353018
chr12	120679503	124398058	0.00134216875148657	253	0.0091604456757836	0.359723311288212	11233	0.138445944357737	2	2	0	-8.5733399439102
chr12	124430885	124973050	0.499018206301158	33	0.0942779377450236	0.80068917661334	1352	0.299089321899241	4	2	2	-6.73892097340232
chr12	125298890	125758569	0.000679443956714598	11	0	0.45229190958031	263	0.231972258026451	1	1	0	-Inf
chr12	125891612	128139740	0.0541830508380132	22	0.157721664258983	0.896400294975909	1107	0.486142440588321	4	4	0	-6.83317033278933
chr12	128223602	133151257	0.00043445396466002	261	0.0416759572312453	0.407795717333717	7761	0.147476892655407	2	2	0	-6.79588961599044
chr13	18178016	18212193	0.0372652433031366	16	0.201502595103223	0.145261224606902	30	0.0736673557985138	1	1	0	-7.20871838297081
chr13	18545473	114353804	0.498909684297957	3433	0.0969956624623323	1.03652989558163	125812	0.450036839721394	5	3	2	-7.30702573210865
chr14	16047857	16402213	0.498193484559373	3	0.214234295418202	0.376338855899533	24	0.170778900836768	2	1	1	-6.80780276159342
chr14	18330642	19691102	0.422802275202307	67	0.129436687896736	0.83292216063124	1168	0.34472912126397	4	2	2	-6.93920728164248
chr14	19733284	106750650	0.498908673592708	3282	0.0924039433917131	0.790737107213546	159992	0.300598335192108	4	2	2	-8.01272932569721
chr15	20046303	101887448	0.324420805389857	3249	0.114365190840569	0.621858509648594	144056	0.229816747815267	3	2	1	-6.76098763057161
chr16	11651	5272930	0.48117480976736	612	0.0805065463786639	0.779691808828167	36075	0.233402085388727	4	2	2	-7.01241295120192
chr16	5289304	33622538	0.498873108173304	1596	0.0986277829714136	0.761271835462793	66000	0.293646067309738	4	2	2	-8.02568644246426
chr16	33647027	35392878	0.49837436939257	56	0.156559982903529	0.769575228430459	1452	0.317673940195366	4	2	2	-6.79828298032863
chr16	46386441	46401607	0.39531690809046	42	0.124720074487853	0.44140987639022	443	0.113399923813274	3	2	1	-6.96210843956981
chr16	46572010	90175110	0.498910446243606	2775	0.101452189991107	0.803505299135199	99114	0.313559019614055	4	2	2	-7.06878425704454
chr17	137603	21298960	0.436724921493158	1901	0.104176521811683	0.643399454863942	71295	0.227065828473117	3	2	1	-7.47179483480661
chr17	21298998	22580560	0.093070764553382	251	0.151541343023672	0.614802729680235	1457	0.244206760992449	3	3	0	-6.95473917664023
chr17	24421438	26939343	0.208293525187734	11	0.131593589233187	0.318643852801631	93	0.199495772169749	2	2	0	-9.89420639113604
chr17	26952458	83194874	0.442873969186514	3496	0.100653891900973	0.652749373221218	166249	0.231516087386424	3	2	1	-8.36837596104303
chr18	47974	110425	0.136328151026625	10	0.0831679024624284	0.69543719680929	138	0.408475961959814	7	6	1	-6.85743744869414
chr18	117394	15341512	0.498868614815724	735	0.103501256981098	0.844954658410981	24142	0.357745178480589	4	2	2	-6.74659222098438
chr18	21411784	80261884	0.49889074072996	1570	0.0916737222821537	0.877280569166388	65448	0.357244226435019	4	2	2	-7.3851692069953
chr19	107381	4117707	0.00238793251765718	655	0.0523661501776833	0.382730936492397	17522	0.138556217743535	2	2	0	-7.52629326495825
chr19	4154849	13391165	0.498889187430107	1480	0.0971096839571304	0.690026644853713	56600	0.228361809241156	3	2	1	-9.00012330725688
chr19	13505879	17075326	0.00210432479234018	314	0.0518852551235206	0.373231038045954	12637	0.132340920417838	2	2	0	-7.93993359823084
chr19	17091326	19515972	0.498834566287278	263	0.104275964327469	0.691868038320527	16162	0.233690369402936	4	2	2	-7.53770861808975
chr19	19527409	24122528	0.00471705545250523	306	0.03663724543595	0.36636080860556	9387	0.13157872587706	2	2	0	-8.63674028415067
chr19	27646333	29923680	0.00270537873853938	35	0	0.40516832707405	1009	0.183483963755637	1	1	0	-Inf
chr19	30413830	34101184	0.498765999619495	140	0.105074177048528	0.771336905431572	6724	0.318546946781983	4	2	2	-6.86094655987908
chr19	34108632	35619084	0.348072306230828	177	0.0961340373950113	1.11771204840295	9186	0.382753483801536	6	4	2	-6.82363862794245
chr19	35730150	39879041	0.498870481262794	350	0.0939868536195096	0.70909669081104	22113	0.239709787178199	4	2	2	-7.69234770609932
chr19	39879089	39903058	0.498302878794459	30	0.137214589888105	0.76147606635076	222	0.212387157943125	4	2	2	-6.73571778594039
chr19	39913651	43205590	0.498859640665926	205	0.0966611449799158	0.763850488375006	18212	0.243875884007455	4	2	2	-6.97528520266671
chr19	43331459	44056850	0.323863480342194	113	0.102779974388359	1.13054077710652	5135	0.359624379727285	6	4	2	-6.77194031369666
chr19	44107804	50704518	0.498871935482334	802	0.0999444131170284	0.717718173826835	41112	0.243255298582595	4	2	2	-7.94538386065243
chr19	50714293	52512611	0.357020800601995	266	0.102485612067976	1.2617411153189	12858	0.498280812346581	6	4	2	-6.76528517647399
chr19	52512876	53831695	0.498845944555121	360	0.109568866109917	0.664703677170305	7906	0.240063116071289	4	2	2	-7.36420447134195
chr19	53872474	54291090	0.339566691071258	170	0.103163778662788	1.05793141342215	4485	0.328797060970841	6	4	2	-6.79925926432802
chr19	54296370	54889582	0.498785638406529	314	0.126222839637399	0.781259864250886	4519	0.238328352524358	4	2	2	-6.75913120586882
chr19	54906373	58571238	0.0027143023971406	430	0.0596545311677926	0.402085938885852	15435	0.170351206612023	2	2	0	-6.82935473063841
chr20	96321	25773465	0.498875954685762	919	0.0924536728360594	0.864549945105894	40990	0.327974632897855	4	2	2	-6.91997826095474
chr20	25773589	26233815	0.0748509009135672	26	0.172486507833556	0.890990955829176	379	0.320098295188738	4	4	0	-6.8559496973396
chr20	28559767	31068343	0.498572656805527	443	0.16621069320416	0.624101525171518	2183	0.326800683139602	3	2	1	-7.27419433043704
chr20	31285774	64327831	0.498906929056181	1771	0.0935288423486574	0.814737331422226	83864	0.295222073752628	4	2	2	-6.84762886361655
chr21	5032028	13096316	0.362484748162943	561	0.166259480909693	0.428188193327655	3179	0.540963146706104	2	1	1	-7.12994169386794
chr21	13215988	46697396	0.424139632827791	1561	0.108168736646228	0.718769319788065	47202	0.27844223665083	3	2	1	-10.0924199388414
chr22	10613451	10722542	0.0366884356143714	28	0.0482072795223066	5.40872306092635	305	6.09381031238399	20	19	1	-6.77855356684648
chr22	10730825	10775145	0.071508990173069	142	0.0786909594946154	1.50970780551109	491	0.904660095757827	13	12	1	-6.74694888556513
chr22	10775234	11066669	0.0907302611168395	333	0.130489217861656	0.851263783893704	1225	0.469564038689689	4	4	0	-7.01027802083436
chr22	11066725	12800959	0.0313597583684009	132	0.178391791986258	0.487460031589323	769	0.793602561089723	2	2	0	-6.79188075531047
chr22	15557396	50777878	0.498904585933576	2413	0.098485947249556	0.790910260921408	107670	0.285590963584118	4	2	2	-7.37006856471102
chrX	256771	3317987	0.49876644629377	431	0.127584478008728	0.730044458267698	6952	0.317528303431145	4	2	2	-7.03660856070075
chrX	3321504	57679344	0.498880735647045	1086	0.105318451925956	0.907380433057134	83381	0.378723870323758	4	2	2	-8.0443313288266
chrX	63360469	155941873	0.498852760392781	1114	0.0988956007905721	0.908666157764115	114180	0.366284797286788	4	2	2	-8.85965632246227
chrX	155985262	156005349	0.119616233332142	13	0.161713501014159	0.783460841773305	106	0.2220264450872	6	5	1	-6.8363062955344
chrY	11113628	11295743	0.497820497611625	12	0.178489028607736	0.0785894790169862	30	0.118168421594219	2	1	1	-13.0667745962151
chrY	56830432	56837148	0.0108053830762866	44	0.13478854122538	0.163955848123744	89	0.127712851831688	1	1	0	-6.75103592130663
chrY	56854987	56880092	0.29978343022312	78	0.147907104253012	0.398575733913018	208	0.143520545791494	3	2	1	-6.90825064396397
