chromosome	start.pos	end.pos	Bf	N.BAF	sd.BAF	depth.ratio	N.ratio	sd.ratio	CNt	A	B	LPP
chr1	61987	12827195	0.498902330074717	1555	0.0893757473516179	0.855685575230775	57343	0.281710589722489	4	2	2	-6.73437926671471
chr1	12827315	121568263	0.4989244210438	6958	0.0958755271347278	0.844533216888982	283753	0.297964086206971	4	2	2	-6.79879665623026
chr1	125094663	248916508	0.195416875146369	7768	0.0980548776371339	1.06308355458189	324600	0.381202392436993	5	4	1	-6.73621598223808
chr2	41404	4266436	0.498848803565093	179	0.0952847764648131	0.819472134205425	5507	0.278240671236318	4	2	2	-6.78410898247618
chr2	4386176	5407295	0.497912822555523	12	0.207993371106491	0.599185831232812	282	0.372810682995734	3	2	1	-7.09849580141929
chr2	5621762	88526701	0.498913024655056	3995	0.0906011981015477	0.839295432235677	161776	0.3068191956506	4	2	2	-6.86105937191572
chr2	88526733	92075691	0.498540208038645	117	0.140960033046935	0.798227061281134	4196	0.264462976238246	4	2	2	-6.86247299856254
chr2	94194584	95939051	0.406343396248078	52	0.146810251685637	0.80808311646369	3508	0.26772382192121	4	2	2	-7.00948626564975
chr2	95939062	95954125	0.275249240189611	51	0.143637230959271	0.64779069433433	178	0.239813865443674	4	3	1	-6.75984652669644
chr2	96017963	97118156	0.49907478094595	68	0.0882853679249287	0.852761946981209	7172	0.276887286510938	4	2	2	-6.7330959294335
chr2	97151732	97163896	0.190966776325534	22	0.142080680999986	0.730249095953398	128	0.202389094100757	5	4	1	-6.76202065427943
chr2	97164367	104660675	0.498861059156864	388	0.091366408669752	0.843488085617675	15899	0.29452401986215	4	2	2	-6.73910339614322
chr2	104771663	242183350	0.329885545454903	5460	0.110948770222408	0.63837668964216	213270	0.219179497298559	3	2	1	-6.77791087804404
chr3	51248	90208408	0.498921029091184	4330	0.0909203283223681	0.849965402725655	186412	0.295403731689187	4	2	2	-6.73904666852205
chr3	91357428	95414452	0.28140583467805	31	0.109597347114899	0.769420167729585	1497	0.351621039199508	4	3	1	-6.97501847332416
chr3	95415089	195663766	0.498916574938791	4718	0.0910000820889116	0.841992624473011	173969	0.301840214694347	4	2	2	-6.83484808454501
chr3	195664311	195788469	0.498630556937281	204	0.138445077141513	0.81452887656233	1756	0.318695336066637	4	2	2	-6.73461857248766
chr3	195788679	198120733	0.498826381524643	334	0.0979369540894428	0.861511322189667	10957	0.310066630831398	4	2	2	-6.73468885735069
chr4	46281	3485708	0.00777544216686876	428	0.0614069033738117	0.436463330823693	12865	0.146636338821818	2	2	0	-6.75128454296221
chr4	3490614	3698075	0.446869239471304	22	0.0798515939495077	0.820861699311011	477	0.335428917336741	4	2	2	-6.98914215880446
chr4	3778643	4157210	0.34031202586967	31	0.178140713983341	0.574038111743333	358	0.34738041472696	3	2	1	-6.7566709550454
chr4	4172385	5017326	0.01155283648003	68	0.11973208587534	0.515777380774349	1272	0.269722659255702	2	2	0	-6.95194358165319
chr4	5299011	5729219	0.499172133513074	34	0.0875959621482077	0.849115250374178	863	0.27624976556624	4	2	2	-6.73314005700927
chr4	5733155	5811051	0.00202711158677749	14	0	0.4102413856752	245	0.120374479533041	0	0	0	-Inf
chr4	5828666	8952396	0.498868877829823	332	0.0820138126210096	0.849657175656113	9545	0.291685641095115	4	2	2	-6.73340722317337
chr4	8954343	9716757	0.498611056662419	175	0.133722418668358	0.831237102991227	1567	0.35432519426203	4	2	2	-6.73543977668385
chr4	9723545	49061855	0.498885963707089	1489	0.0982093581503348	0.843196629734049	50136	0.322811339243395	4	2	2	-6.76083798429654
chr4	49092084	49158604	0.498138922573988	23	0.194160532171099	0.156003166303866	97	0.165882761072277	2	1	1	-7.94629110692914
chr4	49158612	49627330	0.498496667681163	71	0.152411611750477	0.629649966132514	388	0.26213060689929	4	2	2	-7.08739357109603
chr4	49627355	49711644	0.0317340773171191	9	0.111	0.290902063040423	28	0.435486056975543	1	1	0	-6.7611853149434
chr4	51848345	52364773	0.303783578912875	29	0.0837892471086504	1.2574197447198	1138	0.450930848525192	7	5	2	-6.79920677721302
chr4	52400998	56731383	0.0677460345384142	939	0.0539555041045721	5.4703690739978	39204	3.29377415695769	17	16	1	-6.78763570800857
chr4	56738551	57720607	0.0395809361606199	456	0.0380389909217515	9.67376544433049	14178	6.15912141445259	20	19	1	-6.79646280355012
chr4	57721150	59267019	0.0766828791139547	120	0.0620609345227538	4.71539556530533	2727	3.69530631713188	14	13	1	-6.75016865249583
chr4	59377449	61496629	0.0189024044605798	25	0.0461296361716991	0.442213672636663	340	0.215109994582347	2	2	0	-6.77467238419422
chr4	61562717	61668809	0.103486142510678	11	0.0694173151048327	3.38218656195612	273	2.72824582506735	19	17	2	-6.73413982398329
chr4	61677239	62585175	0.0114186788898668	18	0.0158802709843361	0.410322500834008	548	0.149300916522489	2	2	0	-6.79417796417751
chr4	62615326	62866609	0.189251456569082	25	0.083914579583447	2.36224142297385	344	1.54389503115054	11	9	2	-6.73637600119033
chr4	62874800	63735549	0.0768199976201106	65	0.0622734162013344	4.60508429628283	1417	3.31447383559939	14	13	1	-6.74482064534518
chr4	63766931	64148803	0.0215791469541028	49	0.0255005668871228	15.5717614541829	1862	9.86732980117362	1	1	0	-6.7790450410316
chr4	64171074	64409219	0.090115663464327	29	0.0530777615246998	4.89016490687272	696	3.07383127710127	11	10	1	-6.74246602557664
chr4	64416780	65136484	0.179381540402637	37	0.116967103509078	1.97435561922341	836	1.20126418048699	11	9	2	-6.74178199190144
chr4	65324037	68974016	0.0111252207870642	76	0.0232141215340252	0.41157337291748	2908	0.151056925730906	2	2	0	-6.92443256370345
chr4	68996952	69796440	0.0825718078885298	58	0.0752470020184503	3.96520980630174	3967	2.39256191590875	13	12	1	-6.74617772296948
chr4	69804546	70480984	0.388278461630397	56	0.106722427930481	1.20999652584847	1627	0.565584097778145	5	3	2	-6.76231767549391
chr4	70491394	70522032	0.085448984258367	10	0.0449222785609892	4.650631994065	195	3.22928033439127	12	11	1	-6.73382108059376
chr4	70522662	75876797	0.00854191482770339	201	0.033341427624202	0.422911562023854	6583	0.151840135011394	2	2	0	-6.77913828899684
chr4	75881487	75911530	0.498054999922627	18	0.219496549617796	0.638632514033745	180	0.278341959522434	4	2	2	-6.75244171623119
chr4	75917955	76082063	0.00484223446241838	31	0.093623508214137	0.42988689928577	603	0.169143182287476	2	2	0	-6.73485976738784
chr4	76089547	76112572	0.498732861454349	9	0.153925126098517	0.837517543484368	173	0.228699863953939	4	2	2	-6.73315452749546
chr4	76130496	83206437	0.00667841893001841	253	0.0269180917361186	0.425256551839955	8216	0.157167933043185	2	2	0	-6.76889272329083
chr4	83308139	189732627	0.498911501366289	3726	0.0945269671782155	0.839564283354857	134166	0.313820637990579	4	2	2	-6.88321389893587
chr4	189757841	190179679	0.419812654116387	40	0.169342953492125	0.732404286829563	480	0.327948829855329	4	2	2	-6.91848868570398
chr5	36514	413658	0.125994669086915	39	0.122323904662261	3.01294493439004	3443	1.56916726746031	16	14	2	-6.73427271000232
chr5	483152	843508	0.498127391247584	53	0.169229218227488	0.457151761331358	1179	0.152717628441282	2	1	1	-6.76609676998345
chr5	843581	1115861	0.321029852320059	42	0.0957320835637723	1.34417816183769	2051	0.38997379317044	6	4	2	-6.74784781722223
chr5	1127214	1312752	0.131185752016034	68	0.0986141136718095	3.23341244381335	2898	1.45441442568202	15	13	2	-6.73365735963264
chr5	1320607	3098389	0.020446890520489	78	0.124662837994421	0.4603852454211	1684	0.184278344805752	2	2	0	-6.87450758654331
chr5	3136923	4830577	0.168568348144016	114	0.107821691489798	2.36919320353929	2678	1.82188288991583	12	10	2	-6.73455344106949
chr5	4864112	6693083	0.00616828291037386	64	0.0254349465880412	0.415718008039347	1536	0.143411305698142	2	2	0	-6.81196045992438
chr5	6725191	8166022	0.110266442987224	113	0.0704529839370799	3.49007837063745	3907	2.12628490833804	18	16	2	-6.73482954331089
chr5	8335371	9914358	0.0351951837807989	19	0.0832760153756297	0.570778784761194	793	0.649949098314994	3	3	0	-6.8329439539382
chr5	10000705	10308362	0.308579262793737	21	0.0896875794341775	1.41858878800562	965	0.525376702105752	7	5	2	-6.76912712652176
chr5	10322431	10845006	0.00108190323440083	16	0	0.444829041702023	814	0.201533450127639	0	0	0	-Inf
chr5	11028784	11831541	0.146385804249626	27	0.0988808889494335	2.1971816218146	1701	1.25236313570765	13	11	2	-6.75301210304344
chr5	11858656	16704742	0.314190365353869	296	0.102141139002282	1.36078603189901	9930	0.586347179846398	6	4	2	-6.79255952230658
chr5	16711342	16816771	0.148047931306722	42	0.0847683219653837	2.27528077965982	988	1.06297422448693	14	12	2	-6.7383672184641
chr5	16818254	17355026	0.240804242863047	122	0.122547123949943	1.87063259829631	2857	1.1870548796882	8	6	2	-6.73958079176859
chr5	17392188	19028865	0.00859484965262258	25	0.0452668016689199	0.471391695202777	450	0.209511588678636	2	2	0	-6.91144244163558
chr5	19143320	19899257	0.307968871549758	41	0.0807889074129339	1.53122939263572	836	0.912116679647907	7	5	2	-6.77384464839079
chr5	19920811	22105419	0.0821707008547243	252	0.0931492040791439	4.46669396479985	7047	2.72821809629346	20	18	2	-6.75749892509687
chr5	22197346	24813165	0.20260696068018	157	0.119033652947609	1.99574701512022	3954	1.2601794719693	10	8	2	-6.7366349909255
chr5	24823242	28063242	0.00369397703136642	22	0.0132184444140478	0.43242783694199	886	0.302176831180295	2	2	0	-6.8669456568171
chr5	28526266	29363941	0.11645107669912	73	0.0917399540989758	2.97419047647343	1107	2.55111734127735	17	15	2	-6.73612625983341
chr5	29396541	30086430	-0.00350069493198324	20	0	0.44889246117872	191	0.20147622727525	0	0	0	-Inf
chr5	30176633	33812008	0.151025220507615	659	0.0892737404002737	2.79169056498125	19549	1.66183778801679	13	11	2	-6.73434260587205
chr5	33881147	35184256	0.0127862677732953	63	0.0957278929731954	0.464887435064829	2099	0.284005449547959	2	2	0	-6.78988453946385
chr5	35315381	37213624	0.242416832317653	182	0.108701117765461	1.7255020232379	7871	0.80933269977344	8	6	2	-6.73750269839797
chr5	37224383	37616298	0.102371374458026	149	0.070698147763748	3.80249601001026	4971	1.95808074408621	20	18	2	-6.73401228212542
chr5	37641312	41149133	0.194014172492788	365	0.0983746741627847	2.16301517972172	12572	1.03419841799461	10	8	2	-6.73709442867502
chr5	41149808	44808779	0.395304197272991	114	0.125957887945878	1.2654545182685	6058	0.573811977460973	6	4	2	-6.87021225721039
chr5	44883228	46381425	0.218169902563762	35	0.125828067302206	1.9485597118426	1394	1.2734011636258	9	7	2	-6.73434698087986
chr5	49600577	49661637	0.0015984106569531	12	0	0.0266672452435087	35	0.0410619945321459	0	0	0	-Inf
chr5	50269093	132204171	0.498906604516558	2997	0.0941739593874285	0.839960039544773	104580	0.315357489469807	4	2	2	-6.84141454239655
chr5	132210587	133089773	0.0150909074851953	46	0.0280239717950379	0.439137793421925	2928	0.139692219574394	2	2	0	-6.76315280635137
chr5	133098957	160785809	0.498910312033763	1646	0.0900261225668751	0.844848749358991	75351	0.293036926718818	4	2	2	-6.74921118681333
chr5	160842021	168827057	0.368822229093266	199	0.111025172389493	0.696444986070029	6952	0.301349894964301	3	2	1	-7.12180597019573
chr5	168933314	181281814	0.498883838315551	1214	0.102218518128381	0.851766120686663	40936	0.308666676995991	4	2	2	-6.7331757559087
chr6	171003	32475433	0.492376879414913	2843	0.0917685411353401	0.846437347220062	87408	0.296930476034852	4	2	2	-6.74871463469209
chr6	32475446	32584298	0.498131726179261	33	0.188162652277547	0.183535177902758	105	0.189603372889274	2	1	1	-7.82786972418928
chr6	32618459	32742444	0.240676425375743	41	0.11290219704488	0.778219760122611	242	0.316801877299647	4	3	1	-6.74580060238372
chr6	32742530	60491023	0.498901274043627	1911	0.092621583150589	0.852783919721947	78532	0.286751463760414	4	2	2	-6.73312355485232
chr6	61133505	103332639	0.480461112925213	1047	0.097533441603163	0.767809603071861	42518	0.285253423559109	4	2	2	-9.0367311825347
chr6	103503695	104903048	0.125743212490507	21	0.116934434213203	0.494843251451936	749	0.199726584670084	2	2	0	-7.65144932008274
chr6	104906571	107465548	0.498773656090874	163	0.103133999748447	0.817184932858977	5510	0.371640582911663	4	2	2	-6.75305693553911
chr6	107470009	109767636	0.122839799740791	92	0.135299986545797	0.531355030118239	4734	0.206562143375025	3	3	0	-8.11777030378048
chr6	109785031	112109683	0.428226554852611	176	0.0995423293110791	0.813027249816234	5961	0.359495863087526	4	2	2	-7.05406892457285
chr6	112114061	118843357	0.123419838647369	132	0.0888842422064057	0.476629645700482	5953	0.169476432560116	2	2	0	-8.76130888193819
chr6	118856317	119120151	0.498806445361571	20	0.0949450117866015	0.67910145475014	680	0.211709878975553	4	2	2	-6.91059679242092
chr6	119180453	120874652	0.105555227222732	24	0.120018469291249	0.495647054824731	501	0.25167240506868	2	2	0	-7.39298253685638
chr6	121080562	121334246	0.429893549550563	11	0.0920334919274697	0.714608507025099	396	0.205609720552755	4	2	2	-7.17260795565096
chr6	122901284	170736839	0.113865103677562	1756	0.0986648085755944	0.478197542564339	57331	0.170457965462037	2	2	0	-11.923759032981
chr7	37991	58091475	0.406476257437226	4257	0.103364352370403	1.06412566087769	137132	0.395999733480255	5	3	2	-6.73488719602062
chr7	60981490	60985118	0.0582658880076914	9	0.0709103502866667	0.431082942825238	21	0.203261302620192	1	1	0	-6.93012723856747
chr7	61866134	100952551	0.388141801205093	3015	0.112816713363314	1.06239883229015	116720	0.419527778781052	5	3	2	-6.74075464258377
chr7	100952563	100960725	0.119253682907536	65	0.101784703966453	0.789479173812883	642	0.221606893535304	8	7	1	-6.79421530495
chr7	100960738	152358767	0.39458312231477	3472	0.101611647621899	1.05706217375868	140401	0.395382565625775	5	3	2	-6.74276595911706
chr7	152379803	152416512	0.144701502603133	92	0.146716407169831	0.646613924552733	298	0.581673382844889	7	6	1	-6.77773888827967
chr7	152418276	159267589	0.390653997123495	598	0.0992341435027214	1.06599843102409	15546	0.421596575951034	5	3	2	-6.73942493506943
chr8	223619	43691487	0.20293955788038	2632	0.107706136923647	0.782535211410553	80846	0.284722908121345	4	3	1	-8.60182645446087
chr8	45952323	145066250	0.378416750871856	4508	0.102749485787286	1.00172233885927	171638	0.382288533387536	5	3	2	-7.95218931455971
chr9	117877	43253957	0.337355179362188	1960	0.119132250444484	0.639823346976776	57320	0.274288894250641	3	2	1	-6.73581783104253
chr9	61666943	66243651	0.334650398909005	158	0.150868889280732	0.729903108575298	1889	0.317523918559057	3	2	1	-7.15480117020265
chr9	66317580	138177044	0.498917319597815	4889	0.0952975407519274	0.858138648326803	194958	0.29841953253103	4	2	2	-6.75333685208612
chr10	48874	3554755	0.00490955131898951	125	0.0471822232789892	0.433872919733313	3729	0.152565694672485	2	2	0	-6.74516329385779
chr10	3628736	11946926	0.327527828561207	558	0.105152568778879	1.26741210392274	19927	0.515785334672802	6	4	2	-6.73623482019523
chr10	11952290	15430277	0.253403518987908	672	0.110659216070116	1.74398210518239	20959	0.814525519165082	8	6	2	-6.73563963488881
chr10	15438065	17290801	0.315225073325363	210	0.110047201289873	1.39296770284017	6091	0.56815298415801	6	4	2	-6.77834213969567
chr10	17295789	19729973	0.255515659948142	275	0.109962588558783	1.6910365495609	8781	0.81916824765555	8	6	2	-6.73394781970838
chr10	19772334	22082896	0.498839852251686	106	0.0956486457414077	0.863247190862733	3894	0.345157822774978	4	2	2	-6.73490972234655
chr10	22102513	23736701	0.225659576907587	180	0.108771427036427	2.10893237315176	6611	1.11129110962445	9	7	2	-6.74125506013624
chr10	23737502	26336902	0.00225941927563983	75	0.0351585956324602	0.424752946315039	2875	0.159713817067271	2	2	0	-6.7734031963389
chr10	26362695	27306637	0.24578141495991	177	0.114363123925597	1.59027098459543	5472	0.688132365391289	8	6	2	-6.73941583317771
chr10	27334211	27414305	0.499428974449795	16	0.0512672735117963	0.795929016779494	246	0.281541364639938	4	2	2	-6.73597092771472
chr10	27436168	28332892	0.30049429374611	30	0.15042008608843	0.644476424399307	1248	0.254164085809685	3	2	1	-6.76564588875454
chr10	28351109	34806411	0.00451087406726464	258	0.0370030695879384	0.418935299316287	7253	0.163012934839939	2	2	0	-6.85427982507737
chr10	34873236	35059982	0.0339882153189072	139	0.0305906134682467	11.1415110805927	5140	7.57288756189416	1	1	0	-6.89274807966503
chr10	35060646	36315181	0.0619426481685426	260	0.0591616988283518	5.34215495138272	8259	4.75908892026564	17	16	1	-6.73896407000376
chr10	36438285	38646502	0.0181654713152496	30	0.0678353398556632	0.423978182998192	2210	0.188577177761505	2	2	0	-6.75066229069573
chr10	38646556	39475690	0.475764850651006	24	0.171938816215941	0.499869996433162	175	0.293464230720958	2	1	1	-6.8707601727876
chr10	41860304	133622519	0.333186765276335	4356	0.113049279156788	0.637864742454	162730	0.220260089090116	3	2	1	-6.77180310719488
chr10	133625834	133787106	0.498749451394834	9	0.241379426997782	0.522722937697041	64	0.313580923819881	2	1	1	-6.76980061322439
chr11	197557	883394	0.499063371231459	283	0.0875007932414522	0.855171042454835	8636	0.226354819361456	4	2	2	-6.73317127324663
chr11	972603	1018355	0.495352861669568	40	0.141514618253688	0.765768702192713	688	0.229832324378308	4	2	2	-6.73966629949634
chr11	1019853	4346343	0.498862235830207	476	0.100680754669908	0.841014617670964	17008	0.258237557652212	4	2	2	-6.73870356986207
chr11	4347106	50631351	0.498920079585417	2561	0.0889268903786369	0.841938855175255	96094	0.283167549617674	4	2	2	-6.7874619319513
chr11	54568643	55084545	0.193043609034625	20	0.0734550345807771	1.89702809331606	672	0.573791584890471	10	8	2	-6.75190313443867
chr11	55268197	56020816	0.34151759717631	94	0.0908890334615182	1.26978718862477	2400	0.394875462635888	6	4	2	-6.73668722438942
chr11	56030676	56971203	0.214852990782975	118	0.107318379300608	1.62499228576614	3571	0.55577511404534	9	7	2	-6.78350309768669
chr11	57018744	57883302	0.499036341542251	81	0.0804619475280085	0.857372425252138	4725	0.325387620536249	4	2	2	-6.73326842253989
chr11	57910795	66616617	0.00793464168115943	808	0.0302620577712809	0.435619112620847	38942	0.132910161864032	2	2	0	-6.7751771845039
chr11	66638420	66975689	0.498774406305076	41	0.114356774837434	0.881838827416978	3060	0.434722540249483	4	2	2	-6.73431581600131
chr11	66979142	67234954	0.131550890248916	87	0.0927826803261853	3.03869236037155	3939	1.59957640453295	15	13	2	-6.73368048470182
chr11	67246189	67365009	0.454236974963206	14	0.0381978654256612	0.835883888830074	1247	0.234950922922191	7	4	3	-7.38372175957385
chr11	67383632	67949709	0.108611782689273	236	0.0783368791989145	3.67842856012303	12828	1.49230156629228	18	16	2	-6.73432476174636
chr11	67949893	68487530	0.0783424569625951	284	0.0557620551620819	4.99895955934017	12376	2.91037933585957	13	12	1	-6.74657687363276
chr11	68493825	68742819	0.499103005776502	22	0.0746579066831038	0.874524025169356	856	0.283334236447641	4	2	2	-6.73431568974366
chr11	68752210	69712993	0.0821776332949168	353	0.0635848334809683	5.0710724187647	13546	3.01433953106345	13	12	1	-6.75894261653592
chr11	69740524	70132159	0.179750609363099	79	0.100773495057329	2.36140054653809	1962	1.58590715093805	11	9	2	-6.7336685536141
chr11	70132252	70239410	0.11131106766349	47	0.082679513439822	3.70070450218431	1839	2.52909519000201	18	16	2	-6.7330782900356
chr11	70250479	70882043	0.267054469317027	107	0.0909222463189472	1.74542912776807	4021	0.713287342848033	8	6	2	-6.75166052407129
chr11	70885043	71119367	0.127244406670001	40	0.0680919250455607	3.200703469309	1671	1.45818093835287	16	14	2	-6.73345140845603
chr11	71126968	71596040	0.345242328300581	95	0.0888448412856273	1.19174597075613	2066	0.445890242185606	6	4	2	-6.74824210009073
chr11	71619389	72669208	0.196710574719979	252	0.107496272578288	2.01665764606324	9766	1.1133545280469	10	8	2	-6.73532027106438
chr11	72692635	73343423	0.299039481912955	70	0.107204327845954	1.5788849552816	4278	0.711893971920852	7	5	2	-6.74349889602097
chr11	73360218	74396706	0.499003347091255	135	0.0902559238250701	0.940604516599888	4919	0.474153588105864	4	2	2	-6.7596770055198
chr11	74457937	75478112	0.293971532122057	127	0.112226413575468	1.44221820694358	5789	0.680403594265342	7	5	2	-6.73653374238802
chr11	75493577	76319835	0.127150066140492	73	0.119775365279568	2.38639521802144	3640	1.42583518216863	9	8	1	-6.75375478311414
chr11	76332774	77120576	0.105756658488398	204	0.0787601799276701	3.76358371733186	8234	1.89513202590984	19	17	2	-6.73360293306135
chr11	77129752	77617695	0.0777080382563148	176	0.0552176493405985	5.25731683015015	8444	2.54257366845613	13	12	1	-6.75201091959423
chr11	77619342	77777763	0.120264873279526	48	0.0853996757015451	3.23009431798468	2044	2.07506060014573	17	15	2	-6.73352165222306
chr11	77785791	77843899	0.257682016770738	16	0.11953458355918	2.18417697497376	346	0.786190883705209	12	9	3	-6.73627901050038
chr11	77855311	78150352	0.0822912808732468	252	0.0625305059301769	5.32381463268101	6143	3.4992330503863	13	12	1	-6.74182955007078
chr11	78150820	78591214	0.0535035901976786	169	0.0379373222544314	8.06560496896383	7936	4.99415745440224	19	18	1	-6.73817426885768
chr11	78603456	78824212	0.106686850190444	47	0.0732271060856561	3.47463957508164	1939	1.67468410479689	19	17	2	-6.73406235021122
chr11	78836332	79999245	0.0669182168792526	117	0.0646234770135008	5.45296331995305	3610	4.00297773115765	16	15	1	-6.74448717886358
chr11	80026720	81863355	0.174692615812524	99	0.114087865360298	2.56983320826897	1938	4.66992783227466	12	10	2	-6.73522768422888
chr11	82025623	82997444	0.0297471368443073	18	0.055094363494725	0.433354411484934	632	0.160137180529995	2	2	0	-6.81005693156477
chr11	83672197	83797814	0.238010977040404	18	0.0720504770409611	1.65718053099206	326	0.64240315843036	8	6	2	-6.75337807758771
chr11	83930592	85111754	0.124701539037941	53	0.100448276807011	2.25042256958226	1351	1.90638697734322	9	8	1	-6.74666920432346
chr11	85124961	85745660	0.294929150329738	25	0.108688361842471	1.3640905378011	1715	0.575399326026679	7	5	2	-6.74443450708322
chr11	85776129	88218479	0.0679050699704089	484	0.051933285074139	5.65347621670205	16574	3.57884878936294	16	15	1	-6.76708961999793
chr11	88249689	88604945	0.0186424064473689	17	0.0307358288723533	0.412864665371585	331	0.186384525924674	2	2	0	-6.79093921166109
chr11	88630874	90541108	0.180297766250559	132	0.0997214751196866	2.17519432316184	5086	1.02443713487128	11	9	2	-6.73859896573226
chr11	90627002	91690238	0.088472476192045	65	0.0866249320124053	4.49109456746456	1758	3.7494098071805	20	18	2	-6.74534978494106
chr11	91833610	102047872	0.00674987821093043	246	0.0383877514634436	0.419292508187441	8256	0.14609259236902	2	2	0	-6.93427518617188
chr11	102137975	102241951	0.129559277477603	11	0.102998411285188	3.61676719369938	765	2.35649169886463	16	14	2	-6.73381415392326
chr11	102284791	102473061	0.340371345691969	12	0.13909469196678	0.979475481435502	596	0.64127172870616	6	4	2	-6.75310633935913
chr11	102524926	102747319	0.0516798131918638	86	0.0426826484831032	6.85884971730814	3205	3.09498628215207	20	19	1	-6.73647874237667
chr11	102771945	102865911	0.139583273604562	13	0.0880053174384133	1.60310983688581	724	0.761291114047692	7	6	1	-6.73580533328056
chr11	102945614	114016638	0.00319100870783368	345	0.0286126923667784	0.424539606102009	13875	0.161354398644361	2	2	0	-6.81774569696648
chr11	114146568	125310225	0.498899354841794	1011	0.0918529350910093	0.846257366832125	36259	0.280044193937989	4	2	2	-6.73787443079565
chr11	125351514	134618750	0.00890623544683322	312	0.0198081781388557	0.419894074214624	10733	0.13767659338371	2	2	0	-6.91547087790807
chr12	12820	60104	0.498427463104447	18	0.138951112858825	1.08499326355645	117	0.44301199222807	6	3	3	-6.73685376913889
chr12	125962	9294800	0.00441033271610292	957	0.0269468974381361	0.63810984215389	32606	0.211860922356554	3	3	0	-6.7410527502087
chr12	9294888	9311645	0.498315900950162	9	0.164617064054058	0.622468394358535	172	0.160240827846765	4	2	2	-6.77159800658032
chr12	9321286	25773916	0.00470500938245644	769	0.0628634872295357	0.640618758704141	24175	0.242275380709307	3	3	0	-6.73403735666672
chr12	25803274	25804028	0.498898277952651	11	0.15047349509888	0.68137267423496	27	0.240096122726187	4	2	2	-6.73345627494648
chr12	25804106	34672973	0.00823348777933253	518	0.0472650744542745	0.624280841233428	14188	0.233761939789612	3	3	0	-6.80572668350717
chr12	37420043	45478101	0.372899968691448	333	0.111662630198029	0.664534678386812	10227	0.252118669919217	3	2	1	-6.89171216241042
chr12	45558713	133226507	0.265647099947749	5750	0.106682367196589	0.877054592750853	253349	0.309725074689868	4	3	1	-7.1513467030407
chr13	18178016	18298669	0.306057617156204	13	0.161173620352202	0.0637307419316638	47	0.118329769373873	1	1	0	-12.0761376557732
chr13	18317712	114353899	0.333558226275333	3320	0.11583091107016	0.633737059321484	106469	0.252935283356015	3	2	1	-6.86723085730404
chr14	16098225	16098268	0	1	NA	0.205	2	0	0	0	0	-Inf
chr14	18314240	105743156	0.33454496924179	4663	0.109102707632386	0.639150281494751	169724	0.222157390836964	3	2	1	-6.74863683859374
chr14	105748799	106874913	0.327277425316708	253	0.115701558407746	0.573932119976716	4359	0.166493128218388	3	2	1	-7.02459464901397
chr15	19858910	22585071	0.461235284775268	271	0.166861338543104	0.52468231313609	3213	0.22525438362712	2	1	1	-7.81630174069574
chr15	22609043	59218020	0.0065428989884227	1914	0.0649848821054627	0.427022432274613	66871	0.147732642560845	2	2	0	-6.80421091719407
chr15	59227618	59351140	0.496089090755847	9	0.228972038564634	0.854347388205243	205	0.24701833314669	4	2	2	-6.73320985069895
chr15	59390479	66328898	0.00812274257098866	376	0.0443752118364737	0.436543538006936	14557	0.158222627449599	2	2	0	-6.76512764787478
chr15	66346216	70255467	0.311482767301213	370	0.112442896108972	1.30416282496634	14608	0.556863739587245	6	4	2	-6.76195439198399
chr15	70257453	82941220	0.28999992745512	1132	0.108440379456575	1.54477001038509	66946	0.661727857960245	7	5	2	-6.75990457838753
chr15	82962071	86379171	0.247373031661867	424	0.0991119355380131	1.79344186559736	16530	0.744320612552624	8	6	2	-6.74534138582392
chr15	86380419	90181231	0.287879246448719	417	0.101783300281964	1.48097803328302	15506	0.561078089497321	7	5	2	-6.73314910433962
chr15	90181282	93272819	0.207170924526229	696	0.0921101438901214	1.9333045649456	20047	0.8190100686392	9	7	2	-6.75226873279389
chr15	93275945	99234700	0.346328134877348	295	0.104356896113297	1.10234814906495	7268	0.509203852700709	5	3	2	-6.909868639214
chr15	99238149	101954215	0.276229154166388	372	0.0982250312750096	1.54027525844466	10603	0.60599210879483	7	5	2	-6.74597072040203
chr16	13098	33742007	0.329324336930677	3174	0.113196379726524	0.648637222257661	117948	0.219683962800181	3	2	1	-6.78429977238004
chr16	33745386	35344134	0.324763497463982	70	0.157739804623731	0.515507243292407	1480	0.188837830385234	3	2	1	-7.80748165779522
chr16	46386441	46401545	0.443708426355565	61	0.123880133321263	0.422943987156939	788	0.0947623202307179	2	1	1	-6.85475478766793
chr16	46582190	70120301	0.00785489094931413	935	0.0417326794905597	0.432523381607848	42624	0.14973667189782	2	2	0	-6.74702033296738
chr16	70123202	70166061	0.116305544592364	45	0.163494036588495	0.441816355834059	636	0.149918329340322	2	2	0	-6.97729394980481
chr16	70203647	74350398	0.0076713958530763	220	0.060538858798771	0.43916385050671	9880	0.154419533229737	2	2	0	-6.77405376504843
chr16	74359827	74434403	0.369425754959685	32	0.184016016023676	0.417858233172172	408	0.15668391509549	2	1	1	-7.0225170610786
chr16	74467958	90066627	0.00657136768158878	1199	0.0330068152745335	0.437482805761034	29628	0.155140241459361	2	2	0	-6.83555240588165
chr16	90075203	90102289	0.404031351886711	9	0.155969370212374	0.409797282665768	98	0.12643639176033	2	1	1	-6.95449314597649
chr17	137603	22654773	0.332602574292414	2917	0.118028199104959	0.653982460957475	92358	0.226208601655014	3	2	1	-6.8283174584436
chr17	25074523	64871859	0.498913391049181	3174	0.0941825092437214	0.867076782534465	173670	0.298952906453414	4	2	2	-6.80790825110368
chr17	64919454	64921839	0.108960342756196	10	0.0854215689650129	0.945861614531612	27	0.22345819318737	9	8	1	-6.7483538432622
chr17	64928300	82128528	0.498918451219796	2365	0.0879273863510728	0.877482442779862	79597	0.296211854755963	4	2	2	-6.82890487277701
chr17	82150233	82151397	0.498198372668856	15	0.163977263232263	0.502970770499381	39	0.181154041563055	2	1	1	-6.73361563665572
chr17	82167905	83194874	0.498769429852911	147	0.106062864769901	0.874769716853129	5894	0.280791682749103	4	2	2	-6.73825587055559
chr18	47554	93641	0.228156886023145	17	0.1115504370229	0.763527931032905	162	0.332866419997337	4	3	1	-6.76456359161705
chr18	108116	116749	0.172763240281886	15	0.116872865399402	0.182307857442972	67	0.0934061807846478	1	1	0	-7.63926193726079
chr18	118580	15333334	0.498873902626818	1148	0.101408286786335	0.876743105536753	30853	0.45607921926523	4	2	2	-6.76712916141849
chr18	15341306	15379034	0.18800096751305	11	0.122266995472279	1.53336701974523	87	1.34396071794801	11	9	2	-6.73622684032426
chr18	21006644	80251092	0.498898949644065	2171	0.0961621304465322	0.839689283367496	79870	0.31941501123537	4	2	2	-6.81315125427683
chr19	263151	875245	0.470789633504818	243	0.100449951903749	0.877423293532438	5497	0.282207654455763	4	2	2	-6.78713821451514
chr19	877871	879776	0.143552288809051	10	0.157227930795461	0.32759956404755	47	0.208524083134283	7	6	1	-6.79255906629472
chr19	880560	24394098	0.4989299612091	5438	0.0955558606975316	0.854677047211621	189436	0.289628586470046	4	2	2	-6.73410032057308
chr19	27867463	54465158	0.498923879235858	4688	0.0974446903491146	0.842045402195912	178728	0.278590259809876	4	2	2	-6.76484067493355
chr19	54484874	54788204	0.49074014494693	201	0.125453620099302	0.794760873798024	2931	0.213695032317686	4	2	2	-6.75590074044688
chr19	54790165	58572275	0.498883210168556	927	0.102426928341156	0.833486298690622	29957	0.256673034922683	4	2	2	-6.7507566335459
chr20	172351	25475589	0.248136905620718	1294	0.110155688990609	0.849977798513677	50191	0.298961895343313	4	3	1	-6.73559326058192
chr20	25773519	26271014	0.0178405961262265	24	0.11861183037264	0.750961934454658	457	0.283399444247529	4	4	0	-6.79929224531397
chr20	28559245	31166661	0.126884859978119	790	0.147328731161268	1.25775665534409	4461	0.787284323002663	6	5	1	-6.78192312376846
chr20	31248651	64281456	0.373826007293632	4290	0.106258706493002	1.69058446150108	200295	0.709415366906959	8	5	3	-6.73369840170532
chr21	5218301	10737112	0.376719539222521	667	0.16079327741784	0.608090527733989	3824	2.21981265086165	3	2	1	-6.77400275586315
chr21	13000143	13036710	0.0549172696853504	68	0.066924241038882	6.55435505072076	619	4.92612337587249	19	18	1	-6.73348209912796
chr21	13042402	13196491	0.0112334344995875	30	0.0136366645734819	17.2355715074966	1270	14.3161083769775	2	2	0	-6.74406882526551
chr21	13202136	14102730	0.0456894860171166	271	0.0730154487800877	9.80454404617212	7897	6.06919915212623	20	19	1	-6.74646030392162
chr21	14166860	19547166	0.00994444704684627	156	0.0620580969963811	0.638968851593047	4118	0.258389675207266	3	3	0	-6.73547608771952
chr21	19642956	21075879	0.199296415053207	39	0.132323643233945	0.824923958579201	767	0.356495475306487	4	3	1	-6.83593864266934
chr21	21116629	23656172	0.372475197120364	124	0.113012274235957	1.78578058556072	3151	1.10236116945491	8	5	3	-6.73678844651752
chr21	23657479	24294985	0.133843884539895	28	0.141049782010789	0.85832866776757	319	0.419460540913647	5	4	1	-6.96996611148209
chr21	24295170	25735200	0.417689463490587	74	0.116584647391518	1.65025413316828	2292	0.772412992205561	7	4	3	-6.7546163411717
chr21	25751821	31244491	0.256489312511	235	0.110854455038374	0.817172368020573	7765	0.433514878512417	4	3	1	-6.76521749780695
chr21	31259506	32739634	0.498756037005633	139	0.105865045611806	1.05879851550616	5855	0.411366211343876	6	3	3	-6.90845820444175
chr21	32745729	38018703	0.259670683936189	275	0.113748004000368	0.867418473614943	14077	0.326972279903075	4	3	1	-6.74416971337242
chr21	38031002	39844518	0.408054525558192	114	0.106054374142711	1.26082427566949	5057	0.571453473691246	5	3	2	-6.8307308820205
chr21	39897792	42148270	0.369520877532449	170	0.124480042698747	0.964503885901063	5543	0.329557260354942	5	3	2	-6.88731601690909
chr21	42148989	46692843	0.24319068888244	579	0.0978963645444029	0.852791800718561	19497	0.261110617960059	4	3	1	-6.73848193245898
chr22	10685500	12801170	0.498631806551164	507	0.164921463809766	0.53666325666304	2456	0.269718328133832	2	1	1	-7.47826145473737
chr22	15343050	15820136	0.498365708534387	18	0.115619049926396	0.62146106485831	390	0.226789076257541	4	2	2	-7.24365450080326
chr22	15854760	18172991	0.00849546992703454	189	0.0587209244317139	0.430859208604739	4907	0.161017099735365	2	2	0	-6.73344209772632
chr22	18509212	18854911	0.0422913192918583	15	0.180800389801518	0.402261158626556	134	0.493088680981738	2	2	0	-6.7560609905917
chr22	18908574	20670592	0.00294512633143057	152	0.0603628146875412	0.440201524116085	6831	0.188735614458168	2	2	0	-6.75559525020221
chr22	20685517	21023669	0.0454528657312937	196	0.0465862849626884	9.14100087998921	17213	4.51422703340517	20	19	1	-6.74718233217064
chr22	21030227	22004675	0.419480603343941	94	0.101863196711081	0.773791758460229	3395	0.410744140369812	5	3	2	-7.08477964222369
chr22	22018174	22532829	0.0697547948515618	252	0.0529920342568729	4.69210363171573	7520	2.29354931180684	15	14	1	-6.74277299698414
chr22	22533207	22564042	0.437848432146254	9	0.171381964563888	1.04173452139051	300	2.48783725746299	7	4	3	-6.73501045505081
chr22	22578834	23187501	0.104709179456305	218	0.0677719371951812	4.00651834507427	8528	1.99829306865927	19	17	2	-6.73328649788978
chr22	23194333	23998387	0.00631273168464874	115	0.0574946420745176	0.432288786010037	2733	0.149582075728142	2	2	0	-6.735824412807
chr22	23998589	24003916	0.498253895714336	14	0.17212779561122	0.377983191961294	62	0.173017287447483	2	1	1	-6.73490492135308
chr22	24056085	26254403	0.00685654703827859	214	0.03573830383892	0.426918744782234	5944	0.217379980444149	2	2	0	-6.73973185601139
chr22	26292865	26754910	0.349804587249372	54	0.107765760422765	0.640814280788914	1737	0.201086252508397	3	2	1	-6.74348956922639
chr22	26859886	27831030	0.00820531565350879	26	0.0615517293389502	0.414757967008432	637	0.181845701643954	2	2	0	-6.75821577840934
chr22	27872419	28866784	0.448719532813084	89	0.139142778170691	0.950289409970294	2926	0.599507600908428	5	3	2	-6.82432386629466
chr22	28875987	30870559	0.33827302382374	204	0.125766198749118	0.658841003492857	9462	0.249297054876328	3	2	1	-6.74681136200999
chr22	30889693	32370998	0.00433584828153788	130	0.0558407571671605	0.432993227299976	6109	0.143872436773427	2	2	0	-6.74050863494631
chr22	32384641	33114175	0.316622342163184	67	0.113316148562779	0.639215686626437	1624	0.226858399101978	3	2	1	-6.74987765412122
chr22	33126028	37232953	0.005715570984552	312	0.0596321352056058	0.437325329877144	7447	0.189836631432692	2	2	0	-6.7524732908287
chr22	37240909	39364167	0.328641797203243	496	0.103363604732599	1.33365744299112	20341	0.551251066966991	6	4	2	-6.743519499414
chr22	39364384	39875818	0.00304123790988009	40	0.00930119236910943	0.432126343257473	1580	0.135775172347033	2	2	0	-7.05157700761964
chr22	39968390	40372051	0.34230736217791	20	0.107001278890537	1.2982038030559	2390	0.473065742551729	6	4	2	-6.73662013738675
chr22	40374238	40507417	0.0099896388259868	9	0.132744114747133	0.447942448445636	562	0.164161660621467	2	2	0	-6.73764569727683
chr22	40508721	41556294	0.330571414503851	146	0.105329704145329	0.660887165575561	5607	0.251397834345982	3	2	1	-6.74308958854039
chr22	41558247	43434990	0.498850452665698	410	0.0957510681211207	0.853727189102162	10845	0.29714746647184	4	2	2	-6.73313845611494
chr22	43502770	45402201	0.0109786585987821	134	0.022747013156977	0.438543473856659	4149	0.166335322733308	2	2	0	-6.74785070893124
chr22	45509681	46018163	0.434081580467101	39	0.0673367571716723	0.835034687572715	1457	0.298750358142302	5	3	2	-7.06975128353194
chr22	46053930	47173242	0.00571234848768604	161	0.0253356152603626	0.439970837755706	3249	0.149050971760216	2	2	0	-6.76412486873116
chr22	47378961	47692016	0.498688877671948	12	0.13026299155822	0.686414043094811	312	0.307731476647815	4	2	2	-6.82490741697776
chr22	47695320	48707687	0.00654753859535417	25	0.00907413907762053	0.420910370903794	501	0.177931112306271	2	2	0	-6.82858624761508
chr22	48835265	49497968	0.0423770682021328	257	0.062241991773105	8.72267845041787	5460	5.7736052150204	20	19	1	-6.75054950001261
chr22	49543536	50780661	0.00880613489058102	236	0.032893518445369	0.437594780235293	7662	0.15068806939573	2	2	0	-6.74228090074535
chrX	255805	49346325	0.346914321995078	893	0.122617734559511	0.941641412670822	48384	0.44118307798685	4	3	1	-8.28086033408402
chrX	65956689	141905969	0.269283488625411	25	0.143153472422665	0.844580114390431	47488	0.266140116040682	4	3	1	-6.79816489502003
chrX	141906033	156010156	0.0914399251424555	32	0.106550741357679	0.853690526547076	14622	0.683455660592912	4	4	0	-7.10362156017946
chrY	3066285	11218367	0.0634298751395277	28	0.153421588645255	1.23192942483711	326	0.853040358805942	6	6	0	-6.8313542916307
chrY	11293602	11986362	0.0357124624343762	15	0.112122382116278	0.0763905170479547	60	0.118708211796921	1	1	0	-14.1911048936895
chrY	56832286	56837090	0.0987360536752586	40	0.191653331197176	0.118284998722195	73	0.0671960205297758	1	1	0	-7.06855693785668
chrY	56837147	56884104	0.339586251119025	91	0.143065395704578	0.490192865664654	283	0.201107484780039	3	2	1	-6.78355472064384
