chromosome	start.pos	end.pos	Bf	N.BAF	sd.BAF	depth.ratio	N.ratio	sd.ratio	CNt	A	B	LPP
chr1	133160	121564715	0.33533169055669	5077	0.10584369576593	0.776863566169528	279359	0.251260636664974	3	2	1	-6.73442952376515
chr1	125067377	240930672	0.337227128069438	4169	0.104459591463546	0.774560027970938	212147	0.249784831261048	3	2	1	-6.74097594484309
chr1	240983022	242100800	0.0771190203896934	44	0.0916650419485717	0.278971223963402	1154	0.100787859901549	1	1	0	-6.76380782566283
chr1	242183643	248945592	0.371694349782735	325	0.11828463321134	0.784038757388799	13549	0.261800070015041	3	2	1	-6.78085481493087
chr2	41366	24395868	0.327222851474821	818	0.10475741145184	0.806248727703208	29146	0.270965817260074	3	2	1	-7.00977110278322
chr2	24814173	25137327	0.0647418692378934	21	0.0604904951211345	0.287928516330121	678	0.113172966666282	1	1	0	-6.75568533207882
chr2	25139325	91987937	0.336607688934542	2824	0.108789675789003	0.782106088262935	112843	0.273033212437519	3	2	1	-6.76067989567491
chr2	94199373	242183443	0.341429799738945	4258	0.106672083816266	0.79924201291919	242744	0.253846644870186	3	2	1	-7.70008126282383
chr3	27782	90613961	0.416192652102828	4516	0.0969701323218456	1.27988482166249	230551	0.454049534395005	5	3	2	-6.75230884405707
chr3	91373993	198114811	0.407757361907344	5465	0.0946612078991311	1.27963400373194	232503	0.463011315380919	5	3	2	-6.74257796620385
chr4	13969	8950422	0.498900460116679	1058	0.0870924212874638	1.08708730960608	36123	0.347702993452392	4	2	2	-6.8833884329163
chr4	8952746	9502834	0.32203167114114	117	0.110409526903275	1.09787254140207	886	0.469711057764537	6	4	2	-6.89893466142506
chr4	9509023	13227005	0.498805227200411	170	0.0913783961197086	1.06359509478373	3609	0.42702677776945	4	2	2	-6.74992029719582
chr4	13336501	13368684	0.0484667382631244	11	0.0432523252133759	0.554620840700971	111	0.126083407127288	2	2	0	-6.8433314194212
chr4	13410068	49092775	0.498885876791205	1308	0.0905170417758793	1.01983135067783	47832	0.367237858998364	4	2	2	-6.73696245142868
chr4	49092984	49711745	0.330794480771446	156	0.139157944284194	0.831456350216245	1218	0.351879604012231	3	2	1	-6.74968316634259
chr4	51995997	190179679	0.498915406888898	4464	0.0905581036386997	1.03948828396124	189370	0.373650820277207	4	2	2	-6.85005050134144
chr5	36646	1309789	0.296794319496011	305	0.106777040350386	1.85900969182399	10381	0.524330944538776	7	5	2	-6.7425104973232
chr5	1320607	21478229	0.0307407383465648	378	0.0718275965525366	0.574878009879436	14579	0.214351227683505	2	2	0	-8.1932944518141
chr5	21479412	21786465	0.374893418815971	14	0.122979427387021	1.11147121756308	652	0.880442003100731	5	3	2	-6.76747151463876
chr5	21813194	30365610	0.0452786879890443	77	0.110322774125619	0.567071278113222	2400	0.685350214125835	2	2	0	-6.7988743475036
chr5	30409443	31602572	0.122941042366452	78	0.0824833155007565	3.39813217672609	4571	1.72373780506688	16	14	2	-6.7417433563512
chr5	31602770	33248128	0.196903122581988	210	0.108323539771492	2.35802682706317	9572	1.15884911613169	10	8	2	-6.73848511147928
chr5	33251172	36922204	0.124756354374271	329	0.0999778582129513	3.40613836481739	19960	1.82623650051509	15	13	2	-6.7475046367856
chr5	36955957	40252996	0.276477068590354	152	0.128047266394721	1.86247442041109	11977	0.980332377131182	7	5	2	-6.74464424327522
chr5	40290962	40806733	0.10380696945739	46	0.0925986926170998	4.39691224198836	2481	2.03115345338956	20	18	2	-6.73437207132413
chr5	40808844	46206800	0.441559860682716	125	0.127432293471297	1.31050469066168	8381	0.837403813736978	5	3	2	-6.7927658831402
chr5	49599598	49661661	0.437115661357387	50	0.139642055532957	0.676873623746062	387	0.314306402821409	2	1	1	-6.87537099586314
chr5	49661770	181286981	0.498916490203283	4699	0.0886885620880331	1.10066199316443	253795	0.388404153585744	4	2	2	-8.64038749902645
chr6	175346	10876746	0.251261026042301	881	0.106207246334588	2.02489606039995	37315	0.936230375533976	8	6	2	-6.73349223381848
chr6	10881942	26880346	0.342280835400053	963	0.11069193903244	1.46493431382466	44344	0.602364336324135	6	4	2	-6.77216046965473
chr6	26895459	31114705	0.29977652210693	858	0.0905739278854328	1.65362963173047	30895	0.612226225246248	7	5	2	-6.77160573727297
chr6	31114939	31873864	0.282742233533561	340	0.0876697271099646	1.61405590309197	12071	0.572962428596356	7	5	2	-6.74838554507547
chr6	31876147	32371870	0.33544667919613	109	0.0870224017307621	1.52761186418089	9138	0.434737212529985	6	4	2	-6.7332017723722
chr6	32372399	32660662	0.235353335052994	112	0.119000094294437	1.84711835951461	1435	0.602122888105949	8	6	2	-6.751344136093
chr6	32660818	51446028	0.333030423588464	1582	0.103035873958752	1.55592234597922	92632	0.584874738105768	6	4	2	-6.75033381937436
chr6	51584285	51836303	0.0131811856625484	15	0.0209129715954568	1.03192889619053	507	0.250446403344095	4	4	0	-6.74028378910632
chr6	51895729	60873526	0.338944738014693	336	0.110110666975894	1.57101785528826	19675	0.588642032869247	6	4	2	-6.74919575201487
chr6	61077116	64778699	0.277650843755233	175	0.117548946727937	1.84080360199733	4885	0.799395608113024	7	5	2	-6.74455650903962
chr6	64886866	159710851	0.0297246000200696	1878	0.0601783849425182	0.534455425445293	89432	0.183823327776121	2	2	0	-6.95228363185759
chr6	159711706	159727378	0.498049070960428	9	0.139781078834011	0.464654632256674	165	0.111017609451284	2	1	1	-6.74568517619937
chr6	159753424	170640022	0.0326664167842141	403	0.0684753728254153	0.570681727139621	12717	0.198008360231007	2	2	0	-7.59178329548192
chr7	31439	126286	0.498023437562119	9	0.17689128802114	1.32054380355478	70	0.744934160109839	6	3	3	-6.73516062460136
chr7	126287	4132182	0.0320151642012145	347	0.0649675204570017	0.584542783471926	10077	0.389136434708224	2	2	0	-6.89192702880462
chr7	4145960	4663095	0.216288549237763	132	0.1020957862034	2.10717714526551	2996	0.989350953602436	9	7	2	-6.74025386038213
chr7	4673388	5864210	0.367040072791902	134	0.108797913456066	1.43381122584552	9104	0.809278598161673	6	4	2	-6.78284828422821
chr7	5920753	5945430	0.498927653742771	17	0.104651522571201	3.02465683670386	377	1.51318634059022	12	6	6	-6.73309285024245
chr7	5968652	6294517	0.154519212690075	9	0.106931961753465	2.14190159199496	3976	0.765740137385466	7	6	1	-6.74660674484477
chr7	6301165	6662037	0.364394756889783	62	0.115500263837747	1.22282397902604	3127	0.496047150045725	5	3	2	-6.79903171282268
chr7	6674354	10029115	0.150363663830219	316	0.107693782800717	3.12660163468579	12160	1.86779011198494	13	11	2	-6.73645464354182
chr7	10203166	13455437	0.32135743467781	122	0.100484280552358	1.61741980246643	5080	0.641027409829073	6	4	2	-6.76489475096775
chr7	13651627	32224099	0.0302067859214679	441	0.0620031561528347	0.551107197845801	19019	0.213690051991475	2	2	0	-7.140758995157
chr7	32396306	34161219	0.316116298531768	97	0.111077580779787	1.59640767424096	5119	0.655469464148554	6	4	2	-6.75946931781054
chr7	34440733	51494210	0.0276222125692695	543	0.0605504109483069	0.541176352476356	21372	0.180665055281591	2	2	0	-6.91099834650902
chr7	51512738	53085810	0.306689062925632	28	0.11271204003235	0.888797995548233	633	0.349712801193973	3	2	1	-6.92282336798325
chr7	53131805	56143535	0.0359994316988111	90	0.0706223661579518	0.522883053868162	3422	0.200614846888288	2	2	0	-6.74208643463036
chr7	56160710	56277588	0.272965509971448	24	0.0950850020176455	0.793759845971062	240	0.268899832515341	4	3	1	-6.81105945507089
chr7	56288234	58091518	0.0336127161216641	134	0.135636572378473	0.573736937565246	1956	0.254840054668941	2	2	0	-6.84487869153844
chr7	60981598	77794257	0.341549485603037	1093	0.120095423667683	0.71092369498671	32835	0.269111932503284	3	2	1	-7.66041260773057
chr7	77871417	79544453	0.0482655302216481	20	0.0470206001886967	0.432471416958358	716	0.271940797066266	2	2	0	-7.32178352310332
chr7	79612711	128731244	0.368997772312004	1851	0.106190337578595	0.773067574065765	81963	0.251973082454702	3	2	1	-6.78650283322029
chr7	128731361	128959769	0.0353205699445818	42	0.0567950908627601	0.586027798789363	2106	0.159782196037753	2	2	0	-6.7955127923602
chr7	128970432	159260906	0.349839833725346	1674	0.101265018973116	0.7976848789961	64831	0.263784942256537	3	2	1	-6.92083825422769
chr8	311290	42601900	0.336796452668088	3150	0.106952590839507	1.50768103871582	119214	0.594575992661146	6	4	2	-6.73895178134579
chr8	47179071	145037262	0.343521422272736	4238	0.106322473709076	1.5565171710247	221412	0.633694194034473	6	4	2	-6.81041978134957
chr9	111919	34835276	0.343609453992813	1151	0.108769724399855	0.775505009508053	40668	0.285723692955535	3	2	1	-6.73412291421324
chr9	34840457	35753901	0.0276957606830353	44	0.0439787571245948	0.58723783920332	4722	0.178092467774998	2	2	0	-6.9221368605595
chr9	35792426	40786063	0.365593048784306	243	0.111620060873128	0.755206653279785	8934	0.266461796436284	3	2	1	-6.7967388049843
chr9	40883932	42405487	0.498699704954247	153	0.107032781211505	0.947525577537172	969	0.394621364762269	4	2	2	-6.76899151800078
chr9	60521862	138214444	0.344669478019533	3177	0.107067293590653	0.795428999268603	162602	0.253682125797218	3	2	1	-7.12456339258968
chr10	139936	3158880	0.038515530215543	118	0.0477513607403691	0.554623204274802	3540	0.172343905837848	2	2	0	-6.89309946098481
chr10	3158905	3708221	0.0595360617272374	9	0.222412342283426	0.507679759089297	331	0.217660301497392	2	2	0	-6.75457824114584
chr10	3732338	30613416	0.0272855753935997	1142	0.057588132167175	0.526958002913901	33469	0.186234106077205	2	2	0	-6.73727840120023
chr10	30627319	30689346	0.498041322308861	15	0.185412975351164	0.535482823762125	125	0.218970218331464	2	1	1	-6.7332390434742
chr10	30689436	38064041	0.0275984817810193	190	0.0723420718189236	0.526295128472196	6919	0.194207836717292	2	2	0	-6.7353519815651
chr10	38527669	39131435	0.0596689515753268	27	0.157995248585198	0.712350242554825	235	0.395164798583633	3	3	0	-6.78708758336268
chr10	41859763	42280334	0.492371156336465	43	0.152709362848717	0.714569399353382	266	0.350766018170911	2	1	1	-6.91604544585109
chr10	42337130	46532570	0.0312695109593958	209	0.0901340011199699	0.529654769758092	6174	0.183802721820279	2	2	0	-6.73365235383278
chr10	46542494	46559872	0.498742327871445	29	0.169107553148934	0.541033384396242	133	0.0891575466511815	2	1	1	-6.73380928212657
chr10	46559923	80130414	0.027756907283933	1115	0.0610149695544414	0.534051756111956	40663	0.185618762027752	2	2	0	-6.80209810252189
chr10	80131111	80235484	0.497960073639623	10	0.210320496174555	0.521031997018191	323	0.178080262385146	2	1	1	-6.73346297979579
chr10	80249787	125860018	0.0265873910771494	1330	0.0551311808041674	0.597686762276441	73786	0.196586607674374	2	2	0	-11.3113484275267
chr10	125891446	125917965	0.445911145708856	15	0.142138698192327	0.648061137058096	74	0.263628326054709	2	1	1	-6.82822584471204
chr10	125997444	133622519	0.027259167869802	376	0.0592305994811265	0.66315330102281	11672	0.208178776005919	3	3	0	-8.63028217061195
chr10	133625834	133787147	0.497981985115465	9	0.205445315784463	0.983904482021675	72	0.36012302171178	4	2	2	-6.7343287617997
chr11	192997	963936	0.483458848186624	277	0.0864074862237574	1.01260245429461	9410	0.243763808066655	4	2	2	-6.75606447302543
chr11	963980	8683933	0.49891899605773	1091	0.0781454302050106	1.10045320716432	39079	0.282313871775844	4	2	2	-7.01390738688504
chr11	8685081	50553108	0.498894969963677	1638	0.0864811751664941	1.02705565121049	80726	0.354840922962041	4	2	2	-6.73403940882722
chr11	54591798	135055593	0.330997738627884	2974	0.0990989026789179	0.773126259034136	186389	0.241955574492382	3	2	1	-6.75438145886886
chr12	13488	125977	0.294850516710647	26	0.110574200635383	1.23477043443362	208	0.593721481565892	7	5	2	-6.75911169821219
chr12	138734	34523014	0.323900542001345	2121	0.10463933745169	0.781488513293552	71599	0.255964737166524	3	2	1	-6.75996048546839
chr12	37540858	50788339	0.350582757014171	685	0.10406236118793	0.773200408896395	30434	0.245816898694624	3	2	1	-6.74155807441047
chr12	50794614	52790707	0.491568693668442	327	0.0825808170203572	1.06744058816452	12029	0.299802606249653	4	2	2	-6.76127518283427
chr12	52804897	133234117	0.334949349570737	3125	0.107679975982327	0.761354002502261	169954	0.25521724681533	3	2	1	-7.01137987232662
chr13	18177561	18946930	0.431128207560141	73	0.124795092325352	0.996802294138254	1099	0.511219967331254	5	3	2	-6.86840477007031
chr13	18952807	114325855	0.330361017163082	2830	0.106180278702001	0.812043399244658	110154	0.292839103206669	3	2	1	-7.83986355810208
chr14	16098225	16401976	0.499016482490999	4	0.0960989073819261	0.634650370507506	24	0.171859059208073	2	1	1	-6.93388103671388
chr14	18330620	18665712	0.499175363219758	10	0.0716619378284828	0.537679719213223	239	0.177062631137832	2	1	1	-6.73510348006313
chr14	18669657	19196596	0.498248335964324	21	0.175645476267774	0.596316077271245	297	0.225012954298924	2	1	1	-6.8233626617299
chr14	19288828	19680240	0.49862190827195	48	0.138905134983638	0.635834762766874	658	0.263068633179723	2	1	1	-6.84741822754588
chr14	19680255	105644813	0.028992828548933	3019	0.0518984995906113	0.532145710725105	131476	0.178912341147283	2	2	0	-6.81773100925541
chr14	105646386	105769148	0.0416682094616004	36	0.143250504860741	0.702760085115646	303	0.24595604040469	3	3	0	-6.75833661822674
chr14	105769791	106012330	0.0269450251594747	71	0.0387917880085645	0.661270946532287	1124	0.18739479430329	3	3	0	-6.85520211160076
chr14	106061935	106116655	0.398478835483336	10	0.0748287674924854	0.596923748520088	85	0.200287704130259	3	2	1	-7.13337370498119
chr14	106145751	106874951	0.0515528422675876	195	0.125829559667731	0.587658338844378	2789	0.150673064277725	2	2	0	-6.96164999422233
chr15	19848288	22585181	0.409088732595966	272	0.120024643840968	1.03436921141182	4032	0.35953707573676	4	2	2	-7.05998309673679
chr15	22587595	93760960	0.498932094737457	4810	0.0863252732294327	1.01962840713035	210245	0.343765513332245	4	2	2	-6.74257950972717
chr15	93867067	101829176	0.350571651946216	361	0.108971240922122	0.820809243360987	10233	0.278947115471364	3	2	1	-6.92129614189992
chr16	11641	2500474	0.498915504275112	627	0.0724839444757653	1.08930536627803	29594	0.290661432080314	4	2	2	-6.79818600619402
chr16	2501103	4545268	0.0306223141352335	254	0.0472980645069451	0.526475587850059	9799	0.155459872083303	2	2	0	-6.73372732045697
chr16	4554588	5514782	0.498854550731889	212	0.0810318673699697	0.999106646665179	5773	0.320180981214671	4	2	2	-6.73678792240791
chr16	5524801	6142486	0.0320387407273236	22	0.0291546109902249	0.561512860610268	341	0.252932632488456	2	2	0	-6.75744762805069
chr16	6202846	33979048	0.498896108646052	1936	0.0929370157089676	0.975735108089734	90914	0.33766725754279	4	2	2	-7.06657515945691
chr16	34099217	34163313	0.170117900071187	15	0.113286110610008	1.16941587386447	188	0.504364044516978	6	5	1	-6.74405131745522
chr16	34163345	35826946	0.436412279672645	46	0.116585530793226	0.931940664285179	1426	0.393180099327424	4	2	2	-6.96417678613119
chr16	46386441	63147652	0.3467827027752	617	0.100740287665594	0.788058568485876	32595	0.262496300796073	3	2	1	-6.76694865201377
chr16	63177416	90167920	0.498911436605131	2723	0.0897397044836259	1.02176768607565	94634	0.346568607518631	4	2	2	-6.7343507853526
chr17	138189	864137	0.0358637203493643	44	0.139318188371058	0.541450606175188	1808	0.188078682691702	2	2	0	-6.74155064063148
chr17	871127	13397180	0.0269806168384609	1305	0.0588375290384903	0.520175381824089	47910	0.161589017562593	2	2	0	-6.80262391345107
chr17	13435886	13629866	0.27809978897937	20	0.101502851917414	2.21664137804295	561	0.90855725716825	11	8	3	-6.740309248361
chr17	13632182	15034547	0.0726706909476179	38	0.108641701033323	0.727562232597125	924	0.410821602578166	3	3	0	-6.88987164120181
chr17	15115179	15817600	0.222179129316697	125	0.105527655448779	2.21228604923578	4551	0.919485685835852	9	7	2	-6.734151208384
chr17	15826431	18388245	0.0279954996365777	211	0.0496995059704164	0.523367170225248	9343	0.167754157600615	2	2	0	-6.73876895137793
chr17	18397782	18514575	0.498458263911866	36	0.169465441061845	0.784197644387141	393	0.44517557601209	4	2	2	-6.75830377702731
chr17	18598283	21291346	0.0502466010520957	177	0.124012377555031	0.665800801625381	7353	0.719653128248437	3	3	0	-6.8405650776868
chr17	21291457	21416643	0.498998018539244	166	0.0842141726262323	0.560800263642004	581	0.121446582015393	2	1	1	-6.75123406102867
chr17	21478660	21508947	0.198443432366155	14	0.0684714185980922	2.90753043311826	136	2.59172801364881	15	12	3	-6.73534529633719
chr17	21596617	22131351	0.359634380941944	121	0.168622140215331	0.602993877784009	680	0.278815847857279	3	2	1	-6.99419122620936
chr17	22131367	22481997	0.126245342348015	49	0.132914890803397	0.642352416482308	346	0.387211455755822	2	2	0	-7.0853680339544
chr17	25389878	30792631	0.360640508090849	301	0.108800766539382	0.752316378053493	16706	0.233932365461796	3	2	1	-6.81332143583165
chr17	30834485	31755537	0.0569709595192702	41	0.0972547572352019	0.271087698086144	1849	0.0989133545433498	1	1	0	-6.79141371574645
chr17	31803084	32112639	0.498549347346381	28	0.118703194618757	0.702187522413637	1400	0.239587876996386	2	1	1	-6.98433250840839
chr17	32113852	46082622	0.498908579067488	1497	0.0837010705101254	0.984495884259325	75885	0.30577849370434	4	2	2	-6.87449142281076
chr17	46101473	46704913	0.38576911462596	223	0.117741541254158	0.927896524678445	1767	0.37534842900087	3	2	1	-6.90219668251751
chr17	46717482	83094142	0.498925708665324	3407	0.0864496739724396	1.01609460421627	150379	0.331062952171815	4	2	2	-6.74778656300237
chr17	83114486	83135891	0.498164529123969	13	0.183398228607613	0.712759404922153	53	0.179628959622268	2	1	1	-6.76858659004948
chr18	47948	15357277	0.498885359561288	1136	0.0926909934327041	1.02858384907237	31516	0.366093088163495	4	2	2	-6.73401682451302
chr18	20946229	80257347	0.498904856958509	2171	0.0889534462780124	1.04731918922654	84303	0.379846542958835	4	2	2	-6.84681885431685
chr19	261438	15589162	0.49892091420704	2669	0.086347753944627	0.961496177979232	133623	0.299440461417648	4	2	2	-7.12427190363778
chr19	15600028	16041021	0.499221129783562	131	0.0733764535408581	1.13732518730395	3292	0.283268529219821	4	2	2	-6.76863488265364
chr19	16046837	16137708	0.495406578758921	24	0.164006489576445	0.894877519672903	492	0.370883951797583	4	2	2	-6.74078255461634
chr19	16143890	21818912	0.498894596664397	724	0.0894018558447033	0.926523489504441	39246	0.315821975551778	4	2	2	-7.06181045358009
chr19	21819432	24394204	0.342642197056223	239	0.104262226444457	0.78712885590272	6944	0.255752817546613	3	2	1	-6.73768027930394
chr19	27392054	58586610	0.498929870415893	4254	0.0895806333892165	0.966869642703096	209899	0.298050656184744	4	2	2	-7.37432595371139
chr20	101498	26274736	0.498893901197701	1386	0.0914442083688226	1.03099521086951	53366	0.341120502224935	4	2	2	-6.73791769248505
chr20	28559257	31068171	0.496262982736479	707	0.125213252890932	1.06179699067404	3514	0.390142230267074	4	2	2	-6.74593533210611
chr20	31068296	57504218	0.498901954580048	1920	0.0905609459606498	1.0088754684727	89258	0.343094778807342	4	2	2	-6.76624092650132
chr20	57505437	64239656	0.498907624806728	511	0.0797724280358824	1.10316783870176	26507	0.314591783323283	4	2	2	-6.94668135047373
chr21	5034682	13099377	0.498705753719594	731	0.146757111219893	1.01000862381093	5389	0.548567372079543	4	2	2	-6.73650169789326
chr21	13227652	14510007	0.160086779737879	121	0.0921067958715861	1.85287604763595	2943	0.860023063090194	7	6	1	-6.74350971693174
chr21	14512628	14979749	0.321533758783815	32	0.125306269956146	2.31751774313064	1331	0.981723399841696	9	6	3	-6.74079517898349
chr21	15012563	37328349	0.13371231953567	1756	0.0875818654544848	1.93827125234287	63308	0.973524475173694	8	7	1	-6.75653735344864
chr21	37330339	37625399	0.44957149262113	32	0.159708223751537	2.49671279554863	1362	1.37287539120614	9	5	4	-6.73435515280571
chr21	37635807	39263083	0.142659507321571	127	0.0793189136570971	1.86073053675352	4319	0.9419344606733	7	6	1	-6.73993889876285
chr21	39270230	39366694	0.324676041861232	38	0.124267297824798	2.3782266649127	1042	0.964432074421126	9	6	3	-6.73786196343554
chr21	39368980	42863224	0.139535254912637	488	0.0820239739424362	1.93073565880761	16339	0.8054491602124	8	7	1	-6.7460001249161
chr21	42863608	44426940	0.171089400562452	200	0.0921502540506972	1.55307265868445	7917	0.589718946928742	6	5	1	-6.73462056429601
chr21	44452820	46645223	0.13837954580804	482	0.0745830381785349	2.10429582618844	20204	0.709627052551553	8	7	1	-6.7436477757697
chr22	10684424	11257874	0.249487194301662	408	0.130844128102821	1.10285243396398	2025	0.423513572645323	4	3	1	-6.74571183038498
chr22	11279246	12813658	0.424683417566967	217	0.148123723702411	0.752791625428028	1394	0.36349109682293	3	2	1	-6.92913641326951
chr22	15563583	16465107	0.498301666678825	34	0.165797785045056	0.647248666247018	634	0.235426727620976	2	1	1	-7.11086268021428
chr22	16472986	19188899	0.0271162087336815	173	0.0883683612335648	0.528788966181683	5739	0.194199734702717	2	2	0	-6.73370877532657
chr22	19210386	26555249	0.498894660330278	1074	0.0899732285071563	1.10662871318249	39070	0.358261770805652	4	2	2	-6.92889460379903
chr22	26626307	27276494	0.187636144514921	75	0.100344187853787	2.52223802493536	1832	1.57532219253948	11	9	2	-6.73461506076757
chr22	27295768	34566834	0.498860679289305	558	0.0829697592083787	1.05813053369092	29829	0.349561378729817	4	2	2	-6.76935854135621
chr22	34574724	36398522	0.318961773133833	248	0.101543307076801	1.56699034180651	8678	0.568825873810753	6	4	2	-6.75444144957959
chr22	36430677	36800927	0.499195773048206	57	0.0742175897383256	1.1027484105892	1557	0.398244685268218	4	2	2	-6.74060580359006
chr22	36802330	39193347	0.317688056354926	510	0.0997618541113256	1.61826496586241	24154	0.577916056186546	6	4	2	-6.77128732812418
chr22	39196875	40251495	0.029077505782004	49	0.0456877806346481	0.533783425297968	2698	0.168547735212545	2	2	0	-6.73566618903906
chr22	40262762	41756425	0.256326525356458	293	0.10344592070925	1.84355589883548	16642	0.792627846888642	8	6	2	-6.74499371548785
chr22	41758426	43733978	0.328751461480026	418	0.102880363926301	1.46939805002413	13725	0.583918016704168	6	4	2	-6.74091373083963
chr22	43752471	45161922	0.274499179668672	316	0.110454626443225	1.96490779107124	8217	1.00957577187846	7	5	2	-6.75321963415052
chr22	45179105	50032087	0.0266283133318069	273	0.0568728913955928	0.56774896037556	8123	0.246425082312445	2	2	0	-6.97429214642778
chr22	50041427	50125984	0.301418271607482	14	0.0822663858556959	1.91323337587939	1189	0.550990669767956	10	7	3	-6.74559596299897
chr22	50147099	50740572	0.0323626673227519	138	0.0350470305589458	0.550600164984791	5740	0.141269859038118	2	2	0	-6.76615726927715
chr22	50744589	50808396	0.498186499414379	9	0.18980582182852	0.586441644049483	226	0.20378348570533	2	1	1	-6.74312491199421
chrX	257225	57876210	0.498898570378158	2338	0.0928644206382179	1.04593957984484	116169	0.371963381457403	4	2	2	-6.83491921204908
chrX	63552698	90292030	0.498884607855315	582	0.0903104434022935	1.05695899797784	38104	0.360624413827994	4	2	2	-6.84820083382315
chrX	90388419	99261006	0.374341147779778	118	0.11557941632323	0.832291667894873	4475	0.335301782306003	3	2	1	-7.00429064373305
chrX	99553666	156010162	0.498894374451325	1600	0.0917737112125857	1.08317380119432	102896	0.359862664165068	4	2	2	-7.44306274716283
chrY	10796678	11722122	0.33367967057066	48	0.123608809777499	0.822198862826622	272	0.281476156305051	3	2	1	-6.75742535227038
chrY	56830432	56885653	0.430235737420592	133	0.127933715873983	0.902883324876403	443	0.315612356695497	5	3	2	-6.80014752571082
