chromosome	start.pos	end.pos	Bf	N.BAF	sd.BAF	depth.ratio	N.ratio	sd.ratio	CNt	A	B	LPP
chr1	183697	1114143	0.499103849257113	63	0.0947484664224225	1.0038703655307	3286	0.295973072251709	4	2	2	-6.73317055009179
chr1	1160003	1220751	0.169384743336594	18	0.0603823601042946	0.604620419502551	572	0.237522448689518	2	2	0	-6.79472021525545
chr1	1228424	55440467	0.498929761712716	6141	0.0917231181309739	1.00113589281287	269908	0.384097266622982	4	2	2	-6.73331902501542
chr1	55443036	59915940	0.369469256836711	176	0.109431256960706	1.35929201632526	6847	0.55844900928558	6	4	2	-6.75716710075576
chr1	60044302	82888323	0.498889790569484	853	0.0897117265969625	1.01540176430325	35051	0.400620133299281	4	2	2	-6.7525808161867
chr1	82926153	84497317	0.156199535812729	28	0.104652587264549	0.597015471515026	1093	0.246163814229845	2	2	0	-6.73847209773284
chr1	84505998	84647520	0.499357980133257	15	0.073244014870061	0.963263180791256	473	0.302331464058126	4	2	2	-6.73438844028296
chr1	84651442	105197700	0.152160460347037	705	0.0997758039878005	0.602367129889926	24912	0.206704235568881	2	2	0	-6.88953252859731
chr1	105362110	105420078	0.222008297046143	2	0.0685893577750951	0.809276788970167	25	0.380874528771178	6	5	1	-6.83016430613472
chr1	105434625	106383715	0.49888580915092	34	0.089743648576894	1.1163428065519	531	0.50467331924581	4	2	2	-6.7600023816525
chr1	106388148	112126115	0.269513509819518	631	0.106340359033384	1.86920274657025	31617	0.887703539126718	8	6	2	-6.73682862272449
chr1	112144636	114726590	0.397279754062948	220	0.104069379558672	1.22249208722046	12055	0.508178705118024	5	3	2	-6.75076395025746
chr1	114774239	118175322	0.145529729611116	127	0.0875885575036734	0.611354571859946	5685	0.189966999570429	2	2	0	-6.81677452745795
chr1	118272443	124429015	0.498814700569449	124	0.107018530360613	1.03204575461565	5701	0.339610630531794	4	2	2	-6.76447300452109
chr1	125094575	143239798	0.362761869324395	34	0.157291264504686	1.44492690878967	911	0.929065224580509	6	4	2	-6.74151671077973
chr1	143253209	149754710	0.37351199211037	275	0.10453846769302	0.812784778323155	10265	0.281906570791184	3	2	1	-6.75958281949327
chr1	149886668	192961272	0.498923193468945	2993	0.086517291072634	1.01049287921474	150762	0.351490868338976	4	2	2	-6.75512036368525
chr1	193001212	198678906	0.152678286136336	148	0.108924756141383	0.600326663632048	4947	0.2063203898122	2	2	0	-6.76581312231932
chr1	198742051	208154121	0.37020902469453	742	0.0926813898012752	0.785808450980542	34392	0.25659558574969	3	2	1	-6.74280502238709
chr1	208216810	244843137	0.150658069471855	1645	0.0990331271772792	0.595303757874484	60670	0.212766853251915	2	2	0	-6.79967410597845
chr1	244845803	246059141	0.233900448961159	66	0.136099404916583	0.677326398017894	2297	0.378890788816345	2	2	0	-7.05176744436586
chr1	246063932	248913902	0.160949984083837	308	0.114469382777529	0.57909277434657	7090	0.208154893240301	2	2	0	-6.74838738344993
chr2	41509	3081552	0.229092621956023	97	0.107780053574182	0.369385215743816	2079	0.128381202274744	1	1	0	-6.86332772316504
chr2	3208476	10463245	0.358147743930422	338	0.100521545155788	0.813575801967192	10381	0.291998176486255	3	2	1	-6.77125387950664
chr2	10540719	13958502	0.236825624857095	120	0.14013775110838	0.410401939773495	3408	0.151009212071353	1	1	0	-7.15220419899765
chr2	14279446	23129568	0.286357523320014	304	0.110965611736315	0.998414883510085	11698	0.468771965927303	4	3	1	-6.73603674370392
chr2	23261737	90315431	0.498906409960017	2797	0.0933015549590238	0.594987450177635	110004	0.208838020753852	2	1	1	-6.84761738552878
chr2	90380792	92007009	0.427835594584019	126	0.137307309600914	0.792662198314093	1428	0.377229599510225	3	2	1	-6.83635134883261
chr2	94190317	102374571	0.498858644117301	524	0.098649985634114	0.99612701929329	29110	0.34803090945113	4	2	2	-6.73377340940457
chr2	102423226	237779250	0.383853931964271	5262	0.0996160772621127	0.794027702676362	233984	0.279342261787387	3	2	1	-6.74408276060493
chr2	237812148	242183350	0.236109891968093	339	0.102395574157401	0.381808596095217	10339	0.122339682526222	1	1	0	-6.73510421185731
chr3	38293	8225867	0.350450982373426	574	0.113974175126865	1.42566115249942	13456	0.778145798081332	6	4	2	-6.7344196949081
chr3	8257783	8813180	0.45001028746944	56	0.0635988825148906	1.1240245230589	1133	0.353953644944373	5	3	2	-6.92632974367576
chr3	8838894	8948425	0.16742314431292	28	0.107246705404436	2.81477113248989	524	1.45752822719756	14	12	2	-6.73406303649347
chr3	8963394	9833850	0.498983364635731	185	0.0891132638586123	1.1117991640603	5856	0.375164238424835	4	2	2	-6.77437048666331
chr3	9835235	13474789	0.322248008531005	454	0.0973113075733439	0.903226692811031	14367	0.355633760650714	4	3	1	-6.95704019393098
chr3	13483910	13886431	0.191272524901916	40	0.119433703850231	1.45869253569161	1737	0.658763088358479	7	6	1	-6.7427539589211
chr3	13984412	22618390	0.327232324182449	328	0.100505837632571	0.880650563803868	13319	0.412539258107351	3	2	1	-7.14977554138476
chr3	22627263	23733356	0.0973583022942914	120	0.0684647653149841	2.83994433673758	3092	1.76887981526142	14	13	1	-6.73438958722026
chr3	23752608	25102778	0.174736113663798	68	0.106265892268055	1.5677079330897	2692	0.80536993123451	7	6	1	-6.73693428216957
chr3	25362471	28939855	0.251654983700688	163	0.0994101988689939	1.16915995846055	5637	0.477732287375997	5	4	1	-6.74575383232703
chr3	28988486	36767869	0.498767118979256	232	0.102467606446871	0.650265948032368	8813	0.278848816176965	2	1	1	-7.28121649442165
chr3	37460961	63217682	0.287328115695967	1860	0.0968138703317554	1.0044122586674	115493	0.355537511792305	4	3	1	-6.7381738823073
chr3	63268738	75621145	0.498853334743064	598	0.0924007275250155	1.13529563875296	20654	0.478321166556989	4	2	2	-7.21287969961778
chr3	75630060	90257372	0.367605411658162	414	0.100908834620742	0.969983055974639	10270	0.411381243712587	4	3	1	-7.08377527339883
chr3	91357428	96091131	0.41092076788942	53	0.0972831890304	0.99695597768643	2161	0.479714757329904	5	3	2	-7.15105187191313
chr3	96210219	185204507	0.147673092854833	3139	0.0946633996516396	0.592811119119759	119806	0.203386956804024	2	2	0	-6.80673213222504
chr3	185263512	195783183	0.110432232244531	680	0.0961987486169513	0.798503924067181	19307	0.295736066756771	3	3	0	-6.73511945037856
chr3	195783891	195785487	0.126630367933402	15	0.158033661272648	0.389355895313094	79	0.170848288307658	2	2	0	-6.75170691528302
chr3	195785696	198122238	0.10534128774696	345	0.0984558304831019	0.803044116750527	10379	0.302527901214798	3	3	0	-6.73694693180935
chr4	14056	28864477	0.149762137022409	1349	0.0959274900355211	0.584498199308525	42695	0.191390046601641	2	2	0	-6.75316688262877
chr4	29035657	34712894	0.401229353431206	88	0.0993905251471598	0.766839740162842	2225	0.35106950412564	3	2	1	-6.82421260620521
chr4	35127964	39052325	0.377962323152068	226	0.104139303119799	1.28376915907773	7823	0.491068808588502	5	3	2	-6.84433384526492
chr4	39059491	49092775	0.49887335405143	578	0.0855969172861679	1.00741519664206	22933	0.390673881468275	4	2	2	-6.73519075182147
chr4	49097759	49261519	0.335235657976957	94	0.154956780640255	0.835583692172805	975	0.326255985529014	3	2	1	-6.7660935376892
chr4	49266884	49711854	0.239962011285198	70	0.139566510187959	1.35844331082091	608	0.66553871309217	5	4	1	-6.74202605805354
chr4	51848345	65490802	0.498856845296024	496	0.0864237598080983	1.00227563400958	17837	0.386742988280325	4	2	2	-6.73337792437201
chr4	65618921	67973393	0.373001074941423	87	0.109162097539213	0.785949117054941	2129	0.282322072394809	3	2	1	-6.73533320672942
chr4	68232397	117490624	0.498898394046074	1658	0.095525337725572	0.591926067510271	58160	0.199170959783204	2	1	1	-6.76061391871286
chr4	117575615	119300686	0.137823466172958	50	0.106811227721373	0.625538081115931	2568	0.195322898796981	2	2	0	-6.84113543028357
chr4	119320694	137288375	0.373888389828825	367	0.119988131290188	0.756674437035974	14900	0.288105192768395	3	2	1	-7.02406167087653
chr4	137336269	143905270	0.114207999738196	239	0.102737127699617	0.78803885773047	8929	0.302259706976798	3	3	0	-6.73623150546544
chr4	143928831	147115997	0.064283351077047	156	0.0552134410219007	1.29752826782238	6085	0.648249730464546	6	6	0	-6.76600715499843
chr4	147184730	152711481	0.0574178589288549	462	0.0600564372270163	2.28731969803805	20297	1.47674972449378	9	9	0	-6.78680647009197
chr4	152716119	154316112	0.0746239978339262	117	0.0632079124826363	1.25828505340411	5185	0.554643198424982	5	5	0	-6.73894474349372
chr4	154332372	161309066	0.132326888255131	222	0.0986887071907943	0.826693112025471	7895	0.37140537918099	3	3	0	-6.80888520562882
chr4	161428029	183342238	0.254649848828936	409	0.127343688687976	0.386815291134123	12112	0.143767429124154	1	1	0	-6.83615294876055
chr4	183380896	186105453	0.498832050887652	246	0.0919191701860141	0.600869748439415	5917	0.21423346704521	2	1	1	-6.74892197782401
chr4	186105472	190179679	0.498573005400833	149	0.14260877480686	0.424146117069089	3563	0.188003395171861	1	1	0	-8.99715735004014
chr5	36646	46206800	0.4989067398772	2355	0.085236225100482	0.991334013151994	71650	0.380526775557773	4	2	2	-6.74813788147398
chr5	49599588	49666191	0.299859174028027	52	0.136699087958066	0.979259094224977	610	0.410008883982302	4	3	1	-6.73419406913107
chr5	50399214	67192176	0.476240425526905	702	0.0894971359262795	1.02113262817576	27228	0.401045840347696	4	2	2	-6.80186789541798
chr5	67242917	127148071	0.361470082360914	1929	0.102650428174029	0.837404453580696	72726	0.346509002360077	3	2	1	-7.47659892948251
chr5	127159951	127568337	0.25041486047577	47	0.0932380846303264	1.99921652880008	1605	0.9994856436928	9	7	2	-6.73421125289249
chr5	127578725	130388985	0.424553233549999	119	0.0957414048743849	1.18282403222312	4696	0.432767172103286	5	3	2	-6.74287444232433
chr5	130428245	135555191	0.249579333983247	425	0.12077603767453	1.91529815491223	29349	1.02013113220445	9	7	2	-6.74339177747252
chr5	135611242	136247890	0.245235293853856	53	0.0950521589300917	1.10035226246966	1607	0.319912759141018	5	4	1	-6.76440113222393
chr5	136315555	138709551	0.160318338968825	248	0.093959309116354	1.83323434417984	13769	0.93234423821137	8	7	1	-6.7331376400094
chr5	138710150	140952282	0.204152151273757	274	0.0927756350957548	1.39073303728525	17236	0.57120107377082	6	5	1	-6.7351973952426
chr5	140967813	141268049	0.299966623352027	94	0.106608718673838	1.06980098712948	2912	0.349206412211943	4	3	1	-6.74152013560214
chr5	141330894	143679868	0.499158402704951	156	0.0760325479366585	0.570484957288103	7880	0.183855903591817	2	1	1	-6.77241027546617
chr5	143756942	144679682	0.216517280925906	22	0.11819502007514	1.42407158932524	908	0.879155939127219	6	5	1	-6.73595687203214
chr5	144836538	146886058	0.49894961556787	57	0.10848809747264	0.583554450142026	2573	0.206672243012844	2	1	1	-6.7349995763714
chr5	146983534	149217278	0.180280505948626	183	0.0880686569242009	1.56013815226417	6370	0.741633711432143	7	6	1	-6.73643291833737
chr5	149230526	150478958	0.241969261518209	238	0.0942406751008097	1.24120662478624	9432	0.530228916554741	5	4	1	-6.7354771371525
chr5	150484440	150898129	0.154091261385641	86	0.0678819124330459	1.96204384212594	3663	0.904117742484559	8	7	1	-6.74139030201388
chr5	150905424	151719476	0.270640273798018	118	0.10397755610908	1.05852970231732	4485	0.380080708393792	4	3	1	-6.77432041917445
chr5	151747024	152220523	0.101158553176971	83	0.0679909330008076	3.01360240183278	2235	2.01074290662432	13	12	1	-6.73372490272385
chr5	152228061	153560671	0.137367929894896	52	0.101763107337988	1.82530007471071	1469	1.00447799912395	9	8	1	-6.74525768306097
chr5	153686186	181288546	0.498885394636959	1285	0.0976220367189989	0.595190781463293	47537	0.221483841955347	2	1	1	-6.77811987386721
chr6	175346	9021185	0.414140228118368	785	0.0995402257301617	1.23384586148009	22710	0.595526586441427	5	3	2	-6.74078657771261
chr6	9049322	11311897	0.245058188477679	354	0.113574898486858	1.96564016939404	10609	1.06703047803265	9	7	2	-6.73433840132867
chr6	11335076	14302714	0.349977423164551	275	0.108388599953442	1.45970469918482	8210	0.734794604830818	6	4	2	-6.73756501793147
chr6	14330621	43331893	0.423370439582087	4503	0.0959128835488124	1.18651918991247	148540	0.452740816952266	5	3	2	-6.76061846106885
chr6	43435655	58123392	0.498902739587765	679	0.0839709813811411	1.00903505744536	33255	0.3307508474431	4	2	2	-6.73940605768058
chr6	61184159	64019498	0.498988545180999	51	0.0920225675645734	1.2539741416214	2782	0.486989807025677	6	3	3	-6.8324854237381
chr6	64019733	66254239	0.252831322527647	85	0.127692384651706	1.85136492376545	2723	0.936462334683497	9	7	2	-6.74747087589071
chr6	66271140	69122135	0.498932419427794	41	0.101076999144699	0.975750570330881	1105	0.415510516127323	4	2	2	-6.73914172899529
chr6	69325995	170736935	0.146403331828669	3323	0.100337686596712	0.592597307411391	120092	0.207360211021756	2	2	0	-6.80673913575881
chr7	35411	6774845	0.116254185419891	1000	0.0884825381618292	0.793510900207962	28981	0.298881407697351	3	3	0	-6.7350952516075
chr7	6785819	6923001	0.489719190364405	25	0.138622472925569	0.896240561294202	555	0.342901185570515	4	2	2	-6.74474211890667
chr7	6924737	16495966	0.120713618023083	306	0.0937390927402657	0.790617971206931	8430	0.299084071632768	3	3	0	-6.74066663546217
chr7	16516968	18478287	0.498752589921591	161	0.0956456605984001	1.59274680626379	4715	0.677473093874477	6	3	3	-6.77010474575559
chr7	18585177	20848720	0.101033606576906	50	0.0684620675547967	0.817506964213239	2313	0.297215099946544	3	3	0	-6.75878275137349
chr7	20900040	24073360	0.435454763401461	415	0.101717662473005	1.65200984711732	13151	0.750936262507608	7	4	3	-6.73454580463422
chr7	24166750	27713832	0.100859849558915	136	0.0770598581106022	0.798110849875033	5724	0.301894039700565	3	3	0	-6.74417861064673
chr7	27744376	31364903	0.498813058405652	290	0.109634971835077	1.60544399669627	12334	0.761536625827355	8	4	4	-6.79341843523787
chr7	31510213	32565309	0.113009968628108	69	0.0743588824082865	0.786740711852851	1698	0.266490216344853	3	3	0	-6.73422497375934
chr7	32569953	42795691	0.132435991149199	314	0.102558294748187	0.589266480801718	11705	0.210479971123447	2	2	0	-6.75092467821151
chr7	42796906	44896470	0.36361981012411	217	0.119616703981129	1.37786857821787	13815	0.677153341176818	6	4	2	-6.73841894801361
chr7	44898712	51451164	0.153557027157955	293	0.0931362907111701	0.619146923758167	9064	0.2317571446492	2	2	0	-6.91884756073993
chr7	51600444	58100679	0.498843014120954	444	0.0910518355608153	0.954782729204391	10836	0.406056766521826	4	2	2	-6.78370396623135
chr7	60958050	64653502	0.282357075694601	298	0.120246933881502	1.65736082135679	7701	0.898188761600047	8	6	2	-6.76086662826751
chr7	64721806	72879790	0.4988423994568	827	0.0950236102615528	0.991316781769144	23405	0.443129119833607	4	2	2	-6.73508638740065
chr7	72897032	73965762	0.262024196559488	121	0.130792206341469	1.74135312566494	10556	0.896130769064835	8	6	2	-6.73992897530392
chr7	73965895	94414181	0.498880051653689	1060	0.0913872558833412	1.00258127946009	42874	0.411123647464404	4	2	2	-6.73354249031237
chr7	94418365	100951445	0.15247787285822	485	0.0984067904824293	0.588592742478487	22616	0.203989786397653	2	2	0	-6.73342857239943
chr7	100951877	100974817	0.498672292973548	171	0.129774741200791	0.569648753529478	990	0.11911160425184	2	1	1	-6.73410273833753
chr7	100981437	121325598	0.162146619126665	722	0.102979051295983	0.592133233412361	29489	0.207666938360793	2	2	0	-6.75308106170596
chr7	121399670	123732286	0.186599487494567	197	0.0992601667352036	2.5271830525832	9510	1.37617418485271	12	10	2	-6.73494698206948
chr7	123857139	124222805	0.141520303360178	10	0.0742215901503359	0.596808917952988	398	0.161783901594953	2	2	0	-6.74256597788151
chr7	124360414	128714351	0.498824434017549	202	0.0853639843675429	0.996272263777106	7151	0.361093893156049	4	2	2	-6.73344815719378
chr7	128719079	129083280	0.285022271527138	114	0.0973619891546665	1.7838180659797	6030	0.607200168300065	8	6	2	-6.74073429030627
chr7	129083475	130300721	0.498828617207253	103	0.0920271678324677	1.03586442463743	5916	0.457865074320725	4	2	2	-6.73740898190733
chr7	130307326	132179147	0.103760017360772	545	0.0781619735175323	4.40438567043598	18452	2.5422762608042	20	18	2	-6.74888505843807
chr7	132179163	134722448	0.184115802830162	259	0.109536139577377	2.54174049172467	10235	1.65053881880362	12	10	2	-6.73509947894716
chr7	134722608	137972056	0.136463323883017	229	0.0809476489613287	2.1100069884158	12807	1.41336775321772	10	9	1	-6.73847759911528
chr7	138021280	139546647	0.106343858264931	605	0.0735076344488062	2.6089177461045	17042	1.62634383044938	12	11	1	-6.73562682769691
chr7	139553311	142340345	0.141075885250601	454	0.0801068732602063	2.02580390474473	19959	1.03829025948038	9	8	1	-6.73442235929516
chr7	142352790	145995107	0.18059783741441	381	0.100337396696611	1.51948750580237	14594	0.599278114537187	7	6	1	-6.75699490685161
chr7	146074313	150520914	0.237126282651737	448	0.0955408378068682	1.15242008164473	14865	0.45980998332845	5	4	1	-6.76207153140389
chr7	150569747	152154307	0.242135756537635	159	0.107893807977366	0.383225753517364	5296	0.117046995716707	1	1	0	-6.73999191494783
chr7	152176063	152407544	0.435978427976804	102	0.124205494457478	0.45962107218746	816	0.162498159660715	2	1	1	-7.19295827342579
chr7	152407952	159234676	0.236662821319118	290	0.118949656715924	0.38794016134061	7161	0.1430477011594	1	1	0	-6.77539700998584
chr8	213476	5799633	0.22969102351268	212	0.109815141426835	0.382403753582735	3708	0.147163900111104	1	1	0	-6.73308772157321
chr8	5819306	12478147	0.091177682754896	596	0.0760680639089109	0.972299914833497	12684	0.410802226486587	4	4	0	-6.75276967635445
chr8	12496833	12572162	0.498661718316441	16	0.149259449728764	0.934091089939616	244	0.309383210583618	4	2	2	-6.73528285673949
chr8	12574596	13457481	0.093930992293178	101	0.0851170492863088	0.983868381558824	1960	0.417558959471615	4	4	0	-6.73653501766415
chr8	13499309	16167255	0.146524368550067	57	0.0939048003502593	0.580489552901838	1270	0.240416563668508	2	2	0	-6.73883521041883
chr8	16186404	19498040	0.086503883258478	267	0.0647052997515996	1.01363401738412	6851	0.416843385728193	4	4	0	-6.73550490648624
chr8	19507859	43103864	0.15950959349917	1211	0.0997686269418717	0.592530763661222	43290	0.208270666276794	2	2	0	-6.75493455659507
chr8	47137866	86030530	0.148609852371006	1023	0.103426730209024	0.587914930588639	36488	0.219178748977579	2	2	0	-6.73338270629102
chr8	86048443	86770716	0.000630204831708614	53	0.0959272371805393	0.968830947970717	2110	0.354754410817665	4	4	0	-7.19931996376499
chr8	86781553	145066250	0.150116526359117	1908	0.0961240978452891	0.59439931652439	74588	0.206907795420043	2	2	0	-6.81780252499501
chr9	117877	3645310	0.384642047002115	276	0.101442641360357	0.789943933638672	5270	0.276591627257188	3	2	1	-6.74569894503412
chr9	3688610	6326825	0.409267621814328	238	0.0868589589126884	1.27329274078762	7714	0.483069444109464	5	3	2	-6.75520212347475
chr9	6328440	7477728	0.374412109603718	114	0.101993353102085	0.777419850344017	2424	0.295562894038895	3	2	1	-6.73758996772689
chr9	7528783	17786628	0.442435177005108	523	0.0976318099954956	1.29909188870345	14967	0.602421247734644	5	3	2	-6.8734558567353
chr9	17793663	20590460	0.319206917675131	113	0.102203103668599	1.01288069603744	5284	0.409683108008202	4	3	1	-6.77056647440772
chr9	20614310	21077717	0.162491727445117	47	0.0781203973667336	1.81451317135724	2038	0.839605111455205	8	7	1	-6.73318197208444
chr9	21187312	24897583	0.258037206580592	33	0.14441219021197	0.382626538551727	1688	0.146813479737159	1	1	0	-6.75437701028421
chr9	25129217	26427489	0.24726786065094	28	0.106075912470029	1.47260207525895	850	1.08703739824532	5	4	1	-6.75979683710967
chr9	26550242	29110671	0.274255775804416	63	0.113406552204665	0.388312987446601	1820	0.13946723459805	1	1	0	-6.83841933059719
chr9	29279685	38962565	0.145890760181328	459	0.097350401072113	0.588005145060465	23359	0.191842964821865	2	2	0	-6.73414741368619
chr9	38972706	43242683	0.490788268991243	339	0.136760132301621	0.707096486315047	2859	0.32059971247222	2	1	1	-7.47847610039754
chr9	60521830	67723842	0.355957979905049	205	0.135884243539405	0.723919467534749	2770	0.37853874147898	3	2	1	-6.98841416610568
chr9	67743609	74967032	0.362384711955236	315	0.0938252104407194	0.806650599161533	10584	0.297428738746078	3	2	1	-6.74911155857122
chr9	74984840	138177194	0.49892165256344	3552	0.0937674169961759	0.589547149801649	140402	0.195863167942456	2	1	1	-6.73731182792771
chr10	65480	2749558	0.401734182499618	114	0.110658778756792	1.17479291630695	5628	0.471169471113172	5	3	2	-6.74617998581068
chr10	2749762	17532542	0.498884442724976	1241	0.0860929425736442	0.995455193745719	35801	0.395045090562845	4	2	2	-6.73439638444576
chr10	17545622	26010755	0.381284636024719	351	0.105991727125122	0.790563416152321	14016	0.305621152163189	3	2	1	-6.74056086607995
chr10	26021727	38080890	0.498869512702358	950	0.0911050762817146	1.03140237199723	29174	0.446356106922767	4	2	2	-6.76727677153914
chr10	38233279	39986497	0.37600900465155	76	0.135723208399469	0.9957065517253	1018	0.44475927560954	4	3	1	-6.94398320466499
chr10	40892222	42495395	0.2451246744882	65	0.14487105008885	0.990642249727416	1049	0.542397409105851	4	3	1	-6.80117668482666
chr10	42497070	73889940	0.498898088539804	1870	0.0902467114946735	0.989229249208986	71609	0.37999157387681	4	2	2	-6.74884480821919
chr10	73896427	101427396	0.38131344997824	1449	0.101044133409083	0.80887023219035	62709	0.297367141778181	3	2	1	-6.80158676099819
chr10	101427549	101907651	0.139121327026741	26	0.0541148635916091	0.583983209752065	1677	0.177773721197119	2	2	0	-6.75768166355922
chr10	101992079	104967923	0.362493180317664	184	0.0925155994243652	0.79923298985512	14096	0.267201958211814	3	2	1	-6.73835493322987
chr10	105042906	107026341	0.150781864546239	45	0.0945338216425393	0.576885534553882	1374	0.219183520476894	2	2	0	-6.74261846934712
chr10	107068583	109710691	0.244545513636397	33	0.153732796524596	0.31921565086893	409	0.166591118130624	1	1	0	-8.18756400557747
chr10	109757351	110682171	0.498598498264036	53	0.114876626571143	0.826957307858355	2147	0.343522828375465	4	2	2	-6.8985209637112
chr10	110781918	112781566	0.137730478202474	57	0.0875962234969483	0.613343082798338	2448	0.199085065471578	2	2	0	-6.79679273674098
chr10	112853117	114053779	0.499174493591196	88	0.0762744419259694	0.983557121743849	3673	0.314406853798499	4	2	2	-6.73514258500399
chr10	114125168	114974310	0.147789889992401	47	0.0939314608315555	0.595334327250028	2433	0.187076522061086	2	2	0	-6.73539895519168
chr10	114995374	125834899	0.498868991286801	654	0.0965699258423634	1.00507690860871	27201	0.404199073504862	4	2	2	-6.73406735930405
chr10	125835390	125918354	0.235532508818477	22	0.139791317878159	1.01800797603723	459	0.299278734492461	5	4	1	-6.75111014237963
chr10	125945297	126800704	0.499166177473865	65	0.0831855461973644	1.02365450427432	1550	0.39343911932969	4	2	2	-6.73487628217217
chr10	126859310	133787086	0.16263552807633	350	0.0946396470821625	0.580610053324672	10837	0.179334182519251	2	2	0	-6.76618414447645
chr11	197557	1016618	0.15780611959996	251	0.0896140284976948	0.596915823750013	7826	0.169348452486319	2	2	0	-6.74117180539258
chr11	1016665	1018374	0.3420949301804	31	0.103157151227932	0.685415922495809	174	0.0816916310882647	3	2	1	-6.78110826515007
chr11	1018436	50512735	0.151932657662088	2446	0.091179362093515	0.584816909421011	88344	0.186915413680191	2	2	0	-6.76367389230475
chr11	54591430	64840115	0.498916437073866	1005	0.0806193846642576	0.996366607696639	55443	0.314816092753386	4	2	2	-6.73403619013207
chr11	64855313	65183001	0.383091321237182	94	0.0918281552097418	1.33961335919925	5873	0.49644104041647	6	4	2	-6.79418524508509
chr11	65187332	66225895	0.49897587362213	156	0.0798746937898554	0.850594447223	10860	0.304961769836539	4	2	2	-6.90397869891021
chr11	66232143	66655200	0.103311453845531	121	0.0750734975044337	4.45161736465866	17659	2.57594601399616	13	12	1	-6.74059209711112
chr11	66672042	67001800	0.171130585275853	85	0.0964571427741713	2.82122407477224	7247	1.54206537319873	13	11	2	-6.73413868560013
chr11	67005467	67225664	0.0566556145242267	99	0.049352457056586	5.87027465906406	5760	3.74846449771929	7	7	0	-6.74970308672774
chr11	67228252	67335130	0.198093171699404	24	0.101610616528512	2.50099070297019	2730	1.3719183216976	11	9	2	-6.73567732540596
chr11	67335260	67967322	0.110561526916407	360	0.0741500490496382	4.21189142783383	16097	3.13417603510116	20	18	2	-6.73681093623225
chr11	67967381	69018077	0.0696831850837534	403	0.0586549028406695	6.14809577419461	27648	3.52232857904493	20	19	1	-6.73980852038034
chr11	69020922	69898740	0.126119497887555	238	0.0852021546398163	4.30040867512876	8713	2.74125703373517	18	16	2	-6.73434877788851
chr11	69899828	70196397	0.218574507229611	83	0.108149910650311	2.21634823741024	2075	1.25983935797312	10	8	2	-6.73437720346631
chr11	70199202	70441335	0.0841651686226653	158	0.0646536767698334	5.76094902121232	6553	3.79471321631276	16	15	1	-6.73566639920587
chr11	70444376	71218130	0.125939815699258	153	0.0892753814847637	3.96289105134637	6483	2.52418148523475	18	16	2	-6.73367053071434
chr11	71228529	71596846	0.352074630650185	67	0.095245112150241	1.39366281143769	2096	0.519298044446587	6	4	2	-6.73345916334696
chr11	71606422	71657924	0.0828915156754029	39	0.0535582218795974	5.88842471074436	591	4.14250166042996	16	15	1	-6.73425173633347
chr11	71659939	73432717	0.346423351593702	235	0.114678065952879	1.32985449191366	12334	0.571581685913345	6	4	2	-6.74743686037812
chr11	73437453	73488877	0.0565751213923587	17	0.0544300009186111	7.9632765588373	506	4.98651823977551	7	7	0	-6.73701390042772
chr11	73492569	74658302	0.186677309414772	298	0.101453633614448	2.7870776250201	13190	1.75495247881845	12	10	2	-6.73391428271411
chr11	74658344	78017522	0.104890418299794	968	0.0755636818040076	4.42975799959038	45601	3.11241193957197	20	18	2	-6.74720927683354
chr11	78018408	78630060	0.178940471730382	255	0.0899250701070074	3.25295176616816	6714	2.39519673150637	13	11	2	-6.73513424184128
chr11	78637349	80990570	0.117440408097942	225	0.0863750524314728	3.95253380213151	7749	2.86628084526145	20	18	2	-6.73429573264139
chr11	81037911	98455564	0.144773919446942	422	0.109648391196072	0.60017594182398	16763	0.210968213646348	2	2	0	-6.8262465368923
chr11	98472462	99620037	0.112246049759508	138	0.0834305579039946	3.9775471924706	2974	3.08246864844877	20	18	2	-6.73497110840244
chr11	99689299	134796463	0.154862331708987	1590	0.0938646123201417	0.58362998491033	62506	0.192876076769085	2	2	0	-6.77088190065966
chr12	12233	7652871	0.368132535900062	810	0.0920900493303892	0.787123467289479	30319	0.261646076056778	3	2	1	-6.73881698867098
chr12	7665848	22639449	0.156987736263846	732	0.108610380463289	0.601299154588276	26562	0.218615606277239	2	2	0	-6.82354991513144
chr12	22748998	28557691	0.498755121325637	167	0.115138008111618	0.928291975950152	8920	0.369917858482974	4	2	2	-6.87149966556871
chr12	28565058	34274047	0.13973257142819	285	0.123558227595827	0.610703211859925	9222	0.222877708175657	2	2	0	-6.83170273310862
chr12	38042395	42908719	0.378465100060633	209	0.101614961656551	0.804989722151382	7913	0.28683618845597	3	2	1	-6.74323173036885
chr12	42944741	46788757	0.498808623718488	184	0.0970620597791053	1.12507976101983	7123	0.605540359827352	4	2	2	-6.8190000422547
chr12	46828361	47341717	0.229205751259523	65	0.112627007367068	1.93132154095615	1843	1.12141668658987	10	8	2	-6.73971157726852
chr12	47344645	49021935	0.498844891861711	250	0.0763007262041267	0.955783573196792	9895	0.32495513144475	4	2	2	-6.75273716138355
chr12	49026087	49954295	0.14853313235409	99	0.0969612139726419	0.592302180692596	5969	0.1800184623889	2	2	0	-6.73394418436284
chr12	49955307	50245999	0.498725213422682	49	0.124526900626298	0.901322904637672	2562	0.434940349473535	4	2	2	-6.74305908807085
chr12	50248531	52703407	0.152534797459118	220	0.106311831226334	0.570692579903957	10818	0.183945788162859	2	2	0	-6.77344093422088
chr12	52717688	55723916	0.498862018846779	387	0.0855626847532541	0.940815302419452	18009	0.324846466632834	4	2	2	-6.79642817962832
chr12	55788910	57126043	0.147579332454701	161	0.0766735527783353	0.59304759503919	10458	0.173047814947601	2	2	0	-6.73533449184181
chr12	57129111	57595260	0.499085596518466	64	0.0948957539464411	0.887758339232476	6322	0.255267727817231	4	2	2	-6.7934813405485
chr12	57609872	57776773	0.0847125330366817	120	0.0445541749985781	5.3760783365873	8928	2.1372834913409	16	15	1	-6.73722261897333
chr12	57780523	58244448	0.227583391498331	67	0.122492948319729	2.16093666058911	2507	1.22146975883089	10	8	2	-6.73385323423351
chr12	58355881	60583614	0.386223047304729	54	0.105785902807058	1.3873262769075	2191	0.665295654132693	6	4	2	-6.7885646243945
chr12	60742354	60840892	0.0979012106236284	16	0.0575783162310257	5.17144672210011	214	3.80847044770842	14	13	1	-6.73470536454972
chr12	60892884	63540255	0.353291061970906	56	0.0834451915930451	0.773900112111532	2788	0.27572518475163	3	2	1	-6.77210145148277
chr12	63541688	63681692	0.0699957736931414	59	0.0730870916716759	4.04381549418486	1489	1.85125007628212	20	19	1	-6.73337221841394
chr12	63684768	63690236	0.323807045960704	10	0.127113073022932	0.895015360222296	59	0.180665562815319	4	3	1	-6.76682448109857
chr12	63701942	63748094	0.0970011220653694	24	0.0689416761483569	4.40180965642154	316	2.79046660828129	14	13	1	-6.73359102802705
chr12	63751078	63861605	0.495123756037615	14	0.100350046677278	1.12720003625944	526	0.559777542594872	4	2	2	-6.73747043948621
chr12	63872251	65827742	0.0773487928887093	599	0.0592742288176806	5.70680781226261	23197	3.71522003394195	18	17	1	-6.74603887094353
chr12	65865042	68638918	0.322856335056642	169	0.110819307845091	1.60482022277397	7491	0.796914125205779	7	5	2	-6.74244613012662
chr12	68748189	71618291	0.0979143243933373	606	0.0741377756310709	4.62243536075813	25389	3.00809715456713	15	14	1	-6.76261021431702
chr12	71620052	72381555	0.144277929998168	116	0.0756124122188892	3.49298232135975	5352	1.76223295941177	16	14	2	-6.73304013613088
chr12	72499751	74079781	0.219760262738277	84	0.0974544003875933	2.50656272385892	2023	1.96195049137583	10	8	2	-6.73722238806121
chr12	74107427	74699752	0.0624863730809322	79	0.0563889820760941	6.48211914214957	2101	4.62630268818566	20	19	1	-6.74264275982084
chr12	75293405	133017743	0.150087210460604	2642	0.100754474537237	0.594106579590716	111422	0.208652879800202	2	2	0	-6.80797397422745
chr13	18177561	64862780	0.14762187843411	1793	0.106384890764476	0.592057809640177	57408	0.220624578270927	2	2	0	-6.7561728537709
chr13	64955225	65844075	0.285730112626894	9	0.0612932387063297	0.91460015807756	470	0.420977701224838	4	3	1	-6.76821727944265
chr13	65844094	73614124	0.0868373640995788	139	0.0861144722163264	0.806393134980399	4731	0.354827054239825	3	3	0	-6.78884276844566
chr13	73631037	74959581	0.367732186922398	34	0.110407848670864	1.16783277294036	1231	0.4829750065003	5	3	2	-6.84294475062338
chr13	74994348	100938376	0.193550348952853	505	0.128498874354435	0.475485521356394	16748	0.223499769265111	2	2	0	-12.0282232784693
chr13	101052648	101389780	0.42513253690356	21	0.112987293849479	0.772637524291172	774	0.209707149637529	3	2	1	-6.87426345254975
chr13	101395478	105290271	0.238693095849077	67	0.107459857556109	0.390517076109589	2635	0.135555222692821	1	1	0	-6.79166170304767
chr13	105454993	112785272	0.0764507719988722	474	0.0667644158984827	1.21521656419554	12483	0.489877880953914	5	5	0	-6.73552093044755
chr13	112804907	114299067	0.213654391563998	153	0.123719955055689	0.396199649474768	4225	0.124884506465218	1	1	0	-6.81570958079698
chr14	16037128	16402213	0.283678930958425	4	0.101281785134347	1.0449371354388	46	0.416291801226154	4	3	1	-6.74181957719561
chr14	18289828	20217187	0.462700312202743	167	0.11688991588195	1.10910584775587	3434	0.372732594151117	4	2	2	-6.88119277385298
chr14	20218424	26100202	0.378250388335597	844	0.0903929558003043	0.798695263114732	31330	0.237266492073573	3	2	1	-6.73953932895491
chr14	26100506	51346413	0.498835521706064	685	0.0992915488792078	0.625162329037995	27185	0.232869073764778	2	1	1	-7.61846397700102
chr14	51353436	105864734	0.356473739938197	3449	0.100826730375178	0.831102765056949	136440	0.303901190936406	3	2	1	-7.39663008354649
chr14	105880882	106874951	0.175577875872844	184	0.108767878456552	0.576941936645937	3843	0.163251643413549	2	2	0	-6.77456934991732
chr15	19027688	22480162	0.397660998476922	304	0.132811728300387	1.10131909291113	4388	0.494977212684319	5	3	2	-6.81182544273773
chr15	22546936	29638587	0.157191942918669	398	0.120748404789013	0.576652356889326	12012	0.202261270136349	2	2	0	-6.77669029433379
chr15	29642834	43808333	0.111790745293063	1165	0.0925804016996799	0.781012388896277	47865	0.258766044840804	3	3	0	-6.76869787661277
chr15	43809812	61330266	0.217156408563589	555	0.117410587068215	0.39101890220526	24273	0.135171041519228	1	1	0	-7.01312312172084
chr15	61490714	65410371	0.113433839898616	380	0.0799423559855262	0.787021314936312	15125	0.269653355649548	3	3	0	-6.73623761570274
chr15	65447149	76230159	0.418323266537081	1016	0.0993251423891849	1.21448102865334	50699	0.486408170777259	5	3	2	-6.73517427708816
chr15	76260449	76261159	0.0602688257585076	13	0.106020740593044	1.1111331261604	25	0.493285826541435	6	6	0	-6.73339596336339
chr15	76262650	81372514	0.428936984833741	532	0.0868036105838205	1.2102720657282	20423	0.503360559720537	5	3	2	-6.74942121686801
chr15	81378965	101312558	0.353727970345901	1900	0.0988755678377942	1.37583685332795	67729	0.588757212682142	6	4	2	-6.75617467405944
chr15	101318584	101819758	0.499072242261481	82	0.0873715834025525	0.98655987755008	2108	0.295363508195787	4	2	2	-6.73374388151593
chr16	11641	11830044	0.498916844600254	2189	0.0827265568729592	0.99996856306238	70964	0.351705597596062	4	2	2	-6.73313478954341
chr16	11847621	11974850	0.163226409726897	23	0.0739731550495461	0.618554938623114	588	0.20244809592727	2	2	0	-6.75682066418862
chr16	11984181	31759402	0.498894922608788	1847	0.0976066527942945	0.984319293630631	90640	0.381909801258042	4	2	2	-6.75378193728425
chr16	31793891	34163346	0.495898257353928	118	0.135419412501831	0.914365584800602	2784	0.347674857419918	4	2	2	-6.82672908086187
chr16	34194887	36162801	0.498676074495583	110	0.11168492110099	1.30355975049389	2571	0.474227648068562	6	3	3	-6.76645152674028
chr16	46386234	46571472	0.364915785634822	66	0.101162027020793	1.29070854340902	2100	0.395212239750783	6	4	2	-6.74553082082038
chr16	46572010	48258602	0.214181743267565	39	0.116488802146992	0.389293662605564	3122	0.137261470395218	1	1	0	-6.76218836757773
chr16	48316272	88274103	0.14899462767979	2413	0.0933013442259509	0.583962313985244	84442	0.201735168074611	2	2	0	-6.76566614376723
chr16	88409100	89607294	0.067056933981518	319	0.0561518842796956	1.41295161479095	13214	0.510783032141751	6	6	0	-6.73697993622199
chr16	89609349	89622497	0.281958508524113	9	0.13739268539482	1.56143742068291	96	0.715970096099531	8	6	2	-6.73531687578023
chr16	89626782	89920352	0.0629299124373106	169	0.0555148442220104	1.4760717710415	5468	0.591252728705777	6	6	0	-6.73405790857552
chr16	89920793	90075679	0.0434870853384314	96	0.0738457733767752	2.19949883551824	3200	0.869989978753854	9	9	0	-6.73382170653866
chr16	90083586	90095518	0.122655706024722	14	0.101927899533429	1.58442862535012	110	0.853826221251577	11	10	1	-6.73513832585143
chr17	132094	1315319	0.369365585350922	371	0.11108334729335	1.40812086271917	8389	0.635081987822604	6	4	2	-6.74425461083769
chr17	1318312	2943845	0.46943698502152	323	0.0865825432518246	0.992718533958154	13041	0.390412066698064	4	2	2	-6.80723302261968
chr17	2947193	3038261	0.160300879603563	20	0.0756292027975271	0.585758583026277	462	0.167306522754991	2	2	0	-6.74417730324218
chr17	3062561	6449543	0.380144125401517	827	0.0954264538830486	1.29565713176008	31082	0.480467274129498	6	4	2	-6.84155990694394
chr17	6463678	6617828	0.176161623314116	17	0.104300611920826	0.611869676408591	565	0.25429430014784	2	2	0	-6.77274342461335
chr17	6617874	9374386	0.49888154628034	512	0.0846398761294414	0.977190332480048	27939	0.30304519890341	4	2	2	-6.74284441801691
chr17	9378510	9693255	0.185209382372667	21	0.0930437940920705	0.578857479373683	864	0.229625777057756	2	2	0	-6.81868607118168
chr17	9773969	23016500	0.498867195681108	1742	0.100933987761017	1.02261673944071	52590	0.404519818698462	4	2	2	-6.75694054283184
chr17	24421438	27047846	0.491848179865939	35	0.158057759892341	1.33582064930396	428	0.501451265951719	6	3	3	-6.75383922512112
chr17	27048991	46833220	0.498917693887525	2280	0.0873258939796851	0.995147216539201	122119	0.36520885492201	4	2	2	-6.73537230640539
chr17	46851959	54474143	0.36775320575707	529	0.0963568270437905	0.793130229697415	25928	0.271772704310013	3	2	1	-6.73359525621399
chr17	54752400	77342747	0.498918107862961	2326	0.0870572842088877	1.00864178064672	102240	0.386902060618553	4	2	2	-6.73956513866647
chr17	77359882	77500712	0.184789046296613	17	0.103014704832683	0.534118646650601	434	0.182835364730982	2	2	0	-6.82422058222078
chr17	77511122	82150221	0.498898741499827	986	0.0768469303939252	1.00709765873376	33277	0.342397119011969	4	2	2	-6.73428564239741
chr17	82150233	83214512	0.400672734319442	178	0.101754856940284	0.824403263664716	5652	0.279172498965551	3	2	1	-6.79712884787256
chr18	69135	1923314	0.171756074445561	109	0.109739192096649	0.651628650354151	2980	0.275455210151768	2	2	0	-6.90583562882594
chr18	1956183	6041873	0.386805417023693	216	0.100652794255235	0.815634006978146	6733	0.327956447464086	3	2	1	-6.76503088091698
chr18	6085551	15371758	0.498841416269174	691	0.093782699307953	1.02044767988379	23471	0.401939565805717	4	2	2	-6.74699025353612
chr18	21006644	53903961	0.373006249290156	1065	0.100612680439808	0.784653677974599	44229	0.291535202989123	3	2	1	-6.76755276731335
chr18	54078137	54287596	0.1705640491461	38	0.103781177083937	2.52319525230092	1322	1.3409476240772	13	11	2	-6.73531376955884
chr18	54331786	60010072	0.498758922683268	254	0.102222841789208	0.893799340634795	10010	0.358036332864151	4	2	2	-7.05160403220185
chr18	60169482	60942032	0.189486647081737	51	0.10130742186775	2.19113124049035	1272	1.67343507338016	12	10	2	-6.73896971204193
chr18	61005574	71848060	0.377826718040647	346	0.108380054353281	0.840381576024539	11235	0.4359973938537	3	2	1	-6.84302233433005
chr18	71929865	75698610	0.200274172090574	298	0.104285860650914	2.2940711115008	9174	1.30816008016311	11	9	2	-6.73929624252599
chr18	75780822	80250865	0.360644033175667	319	0.109740072713107	1.32807744379553	9734	0.561904459776259	6	4	2	-6.76684257616076
chr19	287786	1912901	0.147178745622332	439	0.0911565408601939	0.610876705641617	13122	0.19502453888069	2	2	0	-6.76963715507937
chr19	1914796	2262444	0.0907138656325928	96	0.0784493571977288	1.00656290800546	4463	0.386766532863958	4	4	0	-6.73368529141409
chr19	2263459	4499330	0.151499571759994	585	0.100616855874079	0.591055758744804	15664	0.210898259918048	2	2	0	-6.73380628296013
chr19	4502189	4829077	0.0873275991973239	145	0.111105429548226	0.979280946229418	3526	0.398554468218143	4	4	0	-6.7336195174332
chr19	4842947	17367709	0.14833966219623	2467	0.0910509928104175	0.579736105146805	84009	0.192612353439098	2	2	0	-6.77679481353724
chr19	17391889	19501768	0.498883822510111	527	0.0775034222220507	0.984468707636348	23110	0.352870971446258	4	2	2	-6.73569687282957
chr19	19517045	20397229	0.223100762733585	71	0.123321863805877	0.447222256655257	3516	0.17468787859659	1	1	0	-7.1320441688306
chr19	20397553	20696412	0.315244629675293	46	0.155455262527014	0.260206852633717	638	0.123780420656919	1	1	0	-8.27429804532994
chr19	20709137	21569339	0.0875722408515052	85	0.0570661074215379	0.898366026352281	3801	0.389839285562788	4	4	0	-6.77198900145978
chr19	21595971	24394059	0.15943928799794	277	0.110089484775278	0.545894862027577	6662	0.181234721727413	2	2	0	-7.01105104540479
chr19	27392054	35453165	0.399565906616572	807	0.100961204865415	1.24172566468892	29137	0.544710943507655	5	3	2	-6.7601614452889
chr19	35454173	39877640	0.49889307897542	787	0.0816476955494819	1.00765660992094	41024	0.389786004114052	4	2	2	-6.73411268693319
chr19	39877690	44927751	0.487617212529335	811	0.0866322035841345	0.943910928880496	41193	0.349475919656175	4	2	2	-6.82726905747236
chr19	44939092	45122351	0.196454463929438	25	0.0994849234808973	0.512690144883259	1313	0.157006425677604	2	2	0	-6.94439367664009
chr19	45128547	45669519	0.487005658787133	175	0.0934799550881582	0.913983857133584	6095	0.339348648402633	4	2	2	-6.76739935454851
chr19	45673147	48452373	0.153453386455064	410	0.0968600763331426	0.584477771599855	16071	0.214878009357973	2	2	0	-6.73535231065902
chr19	48491762	48605389	0.0349730463333719	60	0.0398309421781893	2.04827199160972	2298	0.987533316485204	11	11	0	-6.73570480396328
chr19	48608679	48987778	0.124220558904016	106	0.109269700627814	0.895654363377613	4440	1.0753526677699	3	3	0	-6.74449206539908
chr19	48993765	49022552	0.0615000996849281	26	0.0335069223617128	1.5183388478793	593	0.474629536075933	6	6	0	-6.733968211238
chr19	49023871	50346802	0.126029983527017	382	0.0851349766598263	0.739300053239919	13931	0.253617208461031	3	3	0	-6.81416494605173
chr19	50353683	50560855	0.0698706894375611	98	0.0496326893307211	1.29032163194356	3736	0.437576597861774	5	5	0	-6.73863880274584
chr19	50574968	51081855	0.0908113153411346	158	0.0848798271679797	0.968938067885303	4823	0.332508513265319	4	4	0	-6.7363486614448
chr19	51121015	51389552	0.157136508933659	41	0.0722292336600766	0.563894879495659	1605	0.216597239110603	2	2	0	-6.74505615059196
chr19	51401426	52220842	0.0907356040425883	171	0.0601498770201432	0.97532266378288	5595	0.337038272989785	4	4	0	-6.73680303960744
chr19	52268121	52749452	0.23499283774323	120	0.0842010694589992	1.17755231948248	4641	0.381358773799048	5	4	1	-6.74087781889788
chr19	52762247	53003544	0.172816607688229	154	0.0840071189601819	1.58395754990334	3815	0.636133477361181	7	6	1	-6.74007178290118
chr19	53004270	53245869	0.233361090504836	81	0.088836305627434	1.19860873040168	2591	0.399117830958132	5	4	1	-6.74150116879335
chr19	53250077	53567992	0.343058636957761	124	0.107035646503137	0.906258658454433	2804	0.267729087369736	3	2	1	-6.81780680983137
chr19	53571727	54943493	0.25483319329322	692	0.104755209759671	1.14292671439544	18467	0.384220671336838	5	4	1	-6.75564014039937
chr19	54944968	55759190	0.139113088080567	452	0.0885439180870944	2.01154222541321	18164	0.918265107533645	9	8	1	-6.73566295635573
chr19	55762412	55782880	0.498984195436965	11	0.137029061283961	1.88433508353067	430	0.515052125242495	8	4	4	-6.73311200423541
chr19	55783721	56683930	0.154456689907821	329	0.0789212472898055	1.80113329521047	9536	0.762888496929784	8	7	1	-6.73767037305217
chr19	56684604	57441031	0.116897269840288	262	0.0750821534397015	2.35459533848347	8814	1.23165485642872	11	10	1	-6.73479074396827
chr19	57443260	58586603	0.153147826024203	375	0.0876765549142981	1.97793705983132	21425	0.873616802684895	9	8	1	-6.73890018413842
chr20	96321	8188013	0.378966083379241	755	0.0979957118867622	0.790004698383697	23989	0.279882855076632	3	2	1	-6.73942101043766
chr20	8376666	13952829	0.422876939452679	287	0.104455290445501	1.29355527576087	9735	0.526845421403168	5	3	2	-6.7952828209287
chr20	13958987	25765073	0.496644839258243	605	0.0891753425665094	1.03914093916348	23574	0.399747722262371	4	2	2	-6.7979755557611
chr20	25773519	26208420	0.45878208044527	47	0.121855349408483	1.02843282784541	547	0.408702761951047	4	2	2	-6.80211830801017
chr20	28513642	31058190	0.439346651008912	762	0.122853234314065	0.92728935488118	3768	0.363184812295944	4	2	2	-6.94135156507055
chr20	31060316	31166641	0.266523947588079	73	0.142237118999609	1.44414424037153	660	0.684448548671986	8	6	2	-6.74218428020611
chr20	31244855	43673731	0.498892603405142	1068	0.0832318484875578	1.05610870332332	58885	0.420605305518692	4	2	2	-6.85547512656473
chr20	43681869	63436337	0.402538932652888	1995	0.0997209752884104	1.24704768852278	82726	0.502873496219646	5	3	2	-6.79368775184008
chr20	63475976	63754579	0.291375715796719	84	0.106796885382868	1.60225553345535	5272	0.567043827292606	7	5	2	-6.74954282715544
chr20	63757274	64281506	0.405182403695937	84	0.0994968487955897	1.24375221692932	4961	0.423923399785268	5	3	2	-6.74009452257423
chr21	5033884	13036549	0.498730289303246	721	0.13070783436446	0.610466936601391	4429	0.320090774458191	2	1	1	-6.79633702483933
chr21	13208395	16407580	0.153745281488569	130	0.11354499395813	0.605909874329534	2832	0.256139945953888	2	2	0	-6.75893264038078
chr21	16493828	19424815	0.400627064475781	138	0.110363284591597	1.30179329829408	3649	0.659818451374696	5	3	2	-6.76614412402136
chr21	19547049	25317169	0.25274049258744	382	0.124994823710004	1.93020925045147	7518	1.84783122195052	9	7	2	-6.73714697826798
chr21	25320790	27826848	0.49871536132151	234	0.119826930941335	1.84451285504698	6698	1.05262782612739	8	4	4	-6.73327123978532
chr21	27828744	28838637	0.219977055534371	90	0.133076179454016	3.08603311054658	1999	2.33491332932393	15	12	3	-6.73386301453273
chr21	28861866	36070866	0.299238028769555	498	0.109201377712748	1.03223013653543	21101	0.470988341803922	4	3	1	-6.75370347058788
chr21	36127822	41928911	0.38715917302823	379	0.106611778345485	0.814782503066054	13676	0.301773265233541	3	2	1	-6.77267070847053
chr21	41993622	42815851	0.180800732865671	172	0.0804044116143184	1.57097141900404	5395	0.586435976133402	7	6	1	-6.73436912967616
chr21	42830868	43327560	0.251064250577014	56	0.0778311171203895	1.14885121890298	1695	0.422063052885061	5	4	1	-6.74205684252991
chr21	43588075	43760499	0.499183319472806	23	0.0898662818670094	0.61196641045824	752	0.192915400208311	2	1	1	-6.73738827642891
chr21	43773877	43780371	0.122862759496861	9	0.0516884362739331	2.11194301931122	119	0.690833818175952	11	10	1	-6.73447416958267
chr21	43788450	44967191	0.383355030825644	226	0.0915839813725694	0.794093687517473	6278	0.469455789244398	3	2	1	-6.74506639177301
chr21	44969232	46021040	0.272858637674569	131	0.0885300032742665	1.12930506895119	4005	0.441352593030666	5	4	1	-6.8105239660226
chr21	46112542	46302215	0.498796012833472	103	0.119704181990392	0.673429980452351	2154	0.263948034353403	2	1	1	-6.76275452694369
chr21	46327420	46651810	0.251088984953116	108	0.0971912966687252	1.20456047127428	2786	0.414824034650168	5	4	1	-6.73631020811342
chr22	10684417	11068208	0.460648453760141	459	0.12612505499459	0.694334511105229	1891	0.306980468997385	2	1	1	-6.85719887635976
chr22	11068242	12801199	0.452519755340373	243	0.133983258734288	0.914608591162528	1669	0.377269306234573	4	2	2	-6.86530386190682
chr22	15509365	16553239	0.498640254574424	127	0.123153390758408	0.978886472693814	1131	0.416713076857893	4	2	2	-6.73477034681628
chr22	16554182	40638843	0.498924051061739	3127	0.0887867129179608	0.988366321683483	121623	0.379367822435205	4	2	2	-6.74722405470898
chr22	40910831	50808384	0.399825830509947	1834	0.0988060818490335	1.26462866450422	60942	0.495272442296609	5	3	2	-6.80038778041385
chrX	256757	55211935	0.155755391077567	1913	0.109998952071022	0.585283880482467	83711	0.211070083537984	2	2	0	-6.75457924080169
chrX	55220532	58042596	0.4990676051736	81	0.091557359070694	0.895289470265758	2932	0.318833646648917	4	2	2	-6.9308195140444
chrX	63591249	66498813	0.49890456624882	55	0.0915968953938464	0.808438033224559	3630	0.291954430034032	4	2	2	-7.54087267727985
chrX	66550648	155889362	0.151627500423261	1736	0.103618406441014	0.579984809743689	103240	0.199007526056955	2	2	0	-6.99756242176371
chrX	155985262	156003570	0.321890337086583	16	0.129762844579384	0.604056291104119	74	0.172112191977138	3	2	1	-6.84328757862837
chrY	10796673	11722100	0.293159653526767	44	0.145923283444291	0.91190877031265	438	0.437448533761496	4	3	1	-6.75771658539314
chrY	26436983	56886905	0.45092850370141	183	0.123676430838001	0.733074846113237	646	0.240456383875787	3	2	1	-8.52768239269731
