chromosome	start.pos	end.pos	Bf	N.BAF	sd.BAF	depth.ratio	N.ratio	sd.ratio	CNt	A	B	LPP
chr1	633887	2059734	0.00172650722957118	364	0.0820838275960797	0.65387875416758	9756	0.267735083594932	3	3	0	-6.82005378988483
chr1	2132032	2181939	0.12072610877109	9	0.113463038524055	2.02430997242652	414	1.82169927271075	8	7	1	-6.73437966285708
chr1	2184038	2225560	0.119556823678912	26	0.0671790260309089	4.97143873648367	1373	2.40057679193692	17	15	2	-6.73413818725505
chr1	2303464	9264611	0.00158468944894102	521	0.0119551884894179	0.65784306971203	15582	0.255118730398663	3	3	0	-7.24202325456004
chr1	9268027	9498108	0.0342916896406946	23	0.138496129424662	2.10609224854289	553	3.67372745410194	20	19	1	-6.74494564864961
chr1	9506031	9842070	0.0977423368060236	160	0.0704494901356806	5.4661227958803	9323	3.42924861125927	20	18	2	-6.73531612210715
chr1	9864611	12714480	0.00126362840855926	293	0.0138990578614076	0.617578605229673	11005	0.25121349218472	3	3	0	-6.76032131938643
chr1	12875523	13318768	0.495038470271842	56	0.195577692404409	0.667838138318231	419	0.410333444115733	4	2	2	-6.78453953243054
chr1	13326354	16537760	5.65913533777662e-05	346	0.0612196660212143	0.634944446676368	8965	0.25047686901389	3	3	0	-6.82949179119132
chr1	16545365	16864524	0.498446382974249	136	0.182873833551499	0.740182643410252	1473	0.347386558004013	4	2	2	-6.7426689709851
chr1	16871068	22003458	0.00133943665272607	459	0.0500134326601549	0.647854826558945	15860	0.24612830283037	3	3	0	-7.01799671406262
chr1	22005606	75674661	0.00159426356258169	2176	0.0299984479222974	0.62235867432219	108158	0.262755900265733	3	3	0	-7.2987633215924
chr1	75677730	76043108	0.498934832608579	28	0.0963682517590204	1.08964912437901	984	0.442434991458302	6	3	3	-6.743530717679
chr1	76119100	92126332	0.00253515938883697	386	0.0192259128360462	0.621422970467144	15576	0.261073962114184	3	3	0	-6.91100462386713
chr1	92155434	92265637	0.49901689692438	16	0.101917593345474	1.0746618292574	547	0.442841047293718	6	3	3	-6.73719421550036
chr1	92309210	99721129	0.000226252006087446	179	0.0135770606718132	0.619468871817012	6975	0.281505985262424	3	3	0	-6.78949092975247
chr1	99791535	100067831	0.498680365500888	33	0.115513871658146	1.07050181264875	1074	0.497891683872198	6	3	3	-6.74183286733765
chr1	100078406	109281739	0.014903931538845	225	0.0371048760326298	0.743670679412951	9083	0.961002631858616	4	4	0	-6.86010745829456
chr1	109289405	109380765	0.137540212917366	24	0.0656357979384306	4.41669613295048	1756	2.75060120296912	15	13	2	-6.73657661418319
chr1	109415413	112969174	3.540819328407e-05	207	0.0277288779284209	0.638125236891341	8584	0.238844743879384	3	3	0	-6.87114310795299
chr1	112971570	113274309	0.0749107968307432	72	0.0845048544317734	4.71178448250286	3485	3.02982023996191	14	13	1	-6.7394009971981
chr1	113521718	114714048	0.0558146271765243	38	0.0997422710082794	2.02270126867622	5375	3.07471126103717	16	15	1	-6.75161275620761
chr1	114719503	120544257	0.000746876437503596	194	0.0271732291267751	0.645722405823755	8318	0.253580163126801	3	3	0	-7.01235499624444
chr1	120664362	124514236	0.174163175187006	13	0.112838379995461	0.665834942791952	607	0.342854769720172	4	3	1	-7.59149875510586
chr1	125181522	248945585	0.498924856306984	5737	0.0922921283065342	0.808143359975277	228534	0.322152431300778	4	2	2	-6.80405331876336
chr2	171467	89611259	0.498908939902945	3321	0.0966209125607826	0.867051135799346	147378	0.375944604934064	4	2	2	-8.52569851201075
chr2	89611666	91974034	0.282269540017049	69	0.158988435670324	0.808813888590776	1675	0.327388675238587	4	3	1	-6.75920120827749
chr2	94190317	95938982	0.471127586604686	40	0.13151774521977	0.83132637415634	3112	0.335123309285066	4	2	2	-6.77548030443531
chr2	95939019	95954051	0.105668072389101	51	0.119554716327205	0.630552455908883	163	0.257734534222775	8	7	1	-6.86417912217469
chr2	96009418	97158234	0.499332211514522	64	0.0581890733210992	0.855010902950733	6543	0.30240334531004	4	2	2	-6.76614993228037
chr2	97162000	97167729	0.138193881664565	20	0.114992848747902	0.614882799631603	62	0.211636631335168	7	6	1	-6.78554094224537
chr2	97167816	242063016	0.498918770317545	5244	0.0923009711611737	0.869578908775989	241904	0.361689504977575	4	2	2	-9.52556865872844
chr3	13132	75655540	0.498899887560405	2256	0.0947645338417449	0.753045275658961	138572	0.304886204112798	4	2	2	-8.13867279405368
chr3	75664574	75855067	0.0972956549862265	77	0.114301266670771	0.564526130754061	517	0.343714698676585	3	3	0	-7.14262636737741
chr3	76077291	90613961	0.498981621905165	162	0.0837761588371656	0.790146726885828	6524	0.352612403831436	4	2	2	-6.74406681883992
chr3	91429061	129987305	0.49887705130567	1199	0.0960677558467522	0.755217275374525	53851	0.302881163867574	4	2	2	-7.4737830935859
chr3	130083201	130085579	0.000679443956714598	11	0	0.757374649286265	20	0.550524044601333	1	1	0	-Inf
chr3	130086433	198150648	0.498897788120226	2716	0.101655386452465	0.749291776490695	94348	0.329900335376393	4	2	2	-8.0248794780145
chr4	54908	49157790	0.498891104212737	1592	0.0956159020960091	0.781133735283235	66383	0.332378808130972	4	2	2	-6.88263112269019
chr4	49157798	49557322	0.147161888764937	50	0.126759809828491	1.11910169553724	267	0.635761123373008	6	5	1	-6.75009903094544
chr4	49561289	49711665	0.0456846792593408	18	0.200984968384056	0.414721055701732	68	0.448500552274681	2	2	0	-6.76445313699096
chr4	51838641	190179547	0.498894844051983	2917	0.0971400378383625	0.766694921934601	145412	0.336550886559512	4	2	2	-7.83537893951016
chr5	44922	733918	0.00433006260747487	112	0.0641324015550247	0.362092385175052	1891	0.131911603561204	2	2	0	-6.96297866269967
chr5	739045	3866019	0.00961738950772262	142	0.131940326569428	0.901372383922734	5403	0.378458278837133	5	5	0	-6.87451646119344
chr5	3925663	6388587	0.00509390676543853	50	0.0315209292310972	0.411674894284709	1150	0.184690070755286	2	2	0	-6.78402942494697
chr5	6530460	8704909	0.267937460504126	128	0.116873640197993	1.47202216966436	3483	0.808434632305983	7	5	2	-6.75187599748977
chr5	9042861	12568848	0.00167014273691812	63	0.00380926458411423	0.412856386479336	1905	0.203259436389654	2	2	0	-6.89666757915161
chr5	12766422	14673587	0.498781981576374	95	0.0993233287209983	0.804428354325426	3252	0.310039465032377	4	2	2	-6.73346820604419
chr5	14777026	16920835	0.0110685345320444	41	0.101803367379258	0.410946422553013	1493	0.182641907902413	2	2	0	-6.76786066878844
chr5	16951057	17053144	0.391611205273528	19	0.113539930374621	1.0998141268725	308	0.627775812784823	5	3	2	-6.73770649068973
chr5	17153141	24587086	0.0193193140767017	83	0.160338081325817	0.428269892805747	2494	0.300544525150319	2	2	0	-6.96290029093006
chr5	25154211	32090651	0.32423857348201	191	0.119940422658918	1.10646325931594	6052	0.632496179700016	6	4	2	-6.80440491994703
chr5	32112959	33448686	0.248249276490664	89	0.114064663443039	1.64367771079336	3883	0.982424304302812	8	6	2	-6.73376835946343
chr5	33451624	34182220	0.00457015013107842	22	0.0219596737846279	0.437813464679673	931	0.164366323375015	2	2	0	-6.88814368501376
chr5	34196971	35643513	0.498775352317058	46	0.109911200433242	0.863088685464095	2156	0.55721077289479	4	2	2	-6.7491203545946
chr5	35667166	36257032	0.00234607548215426	51	0	0.397073178361789	1366	0.141857631910839	1	1	0	-Inf
chr5	36267246	40934369	0.438673882701549	202	0.115226230019592	0.924472119380568	8356	0.639663622912483	5	3	2	-6.84190172015793
chr5	40964750	45267001	0.0042782815655712	101	0.04048014303579	0.443903961194361	3473	0.386969180542247	2	2	0	-6.92071848402014
chr5	49599644	49661822	-0.00225257755743091	22	0	0.0398720295460747	63	0.0355224628383707	1	1	0	-Inf
chr5	50399316	181292406	0.498915715128028	4428	0.0922664703971384	0.79815084847772	190835	0.33252073094468	4	2	2	-6.73728801624578
chr6	231351	29927322	0.49888558453014	1294	0.092949613060608	0.830911023478796	49657	0.377963490717071	4	2	2	-6.90623098663035
chr6	29927764	29928343	0.261841462702436	14	0.117517546036214	0.181202950100288	25	0.0883194391588473	4	3	1	-6.83576885850427
chr6	29928491	30986932	0.498770824349848	154	0.0981310568170334	0.774726049183853	7192	0.276801822411314	4	2	2	-6.74171271667547
chr6	30986977	30987383	0.497925494028284	12	0.180027018174293	0.496312209959969	31	0.0630481809276015	2	1	1	-6.73595740569817
chr6	30987402	32460012	0.498868066322129	489	0.0894698225107134	0.80162068948298	14155	0.249343726371208	4	2	2	-6.73317774059733
chr6	32467354	32589729	0.387609043584752	52	0.164117764573391	0.336789031553222	121	0.24467354395796	2	1	1	-7.03810770154212
chr6	32641949	33086680	0.498653140312619	57	0.146576196749793	0.866167161935734	1892	0.286855714430247	4	2	2	-6.75343182048851
chr6	33092219	60744394	0.47239715746492	1362	0.0874924773985768	0.803138357419794	62490	0.314479033529512	4	2	2	-6.79458934939089
chr6	61531726	170640200	0.498908810633581	3302	0.0926090588530217	0.824613996905687	135189	0.354198685697359	4	2	2	-7.17464202089587
chr7	50403	55958951	0.498900701306669	2333	0.0957779077008947	0.787268466337698	84894	0.327612207967638	4	2	2	-6.81357556000416
chr7	55958982	58091527	0.498721073125569	155	0.124867084759375	0.673912969355246	3276	0.297300559126633	4	2	2	-7.13177506397353
chr7	60958088	65784546	0.498750300839575	209	0.123467107960994	0.688835884349954	5531	0.318642464055377	4	2	2	-7.31266153000223
chr7	65785729	65815474	0.117667493462962	39	0.0884879277660173	0.689919833409042	125	0.328969627973514	8	7	1	-6.85165467437543
chr7	65819913	100954123	0.498874995489696	1488	0.106239494082129	0.746840551530364	66420	0.315878438666298	4	2	2	-7.59773031786937
chr7	100954136	100960725	0.104300616779252	73	0.138003773413657	0.464630998196519	419	0.130034963232067	7	6	1	-7.05130532545073
chr7	100960738	101058170	0.498723852683736	115	0.148433814388786	0.597966193835113	2551	0.136764639319262	4	2	2	-6.98702137820923
chr7	101076250	142721177	0.498882028350966	1658	0.103447257028452	0.755089537957364	67110	0.326183603920167	4	2	2	-7.43194501922681
chr7	142750561	142774599	0.0566961548889504	62	0.150567912227309	0.77703879863309	405	0.215237360754049	4	4	0	-6.81718520372557
chr7	142781467	152401832	0.498870536164445	598	0.0947806818202637	0.775002353106276	22763	0.280568751714775	4	2	2	-6.80662407053247
chr7	152403170	152416418	0.061348807506226	69	0.136806036893864	0.303276274112119	164	0.226306211545571	2	2	0	-6.86320302695658
chr7	152429815	159138060	0.498834100829258	348	0.107710489759171	0.768038860810529	9525	0.351022306153222	4	2	2	-6.78720629694977
chr8	311290	43317266	0.498890958811615	1823	0.0966923891149022	0.847061908619585	70262	0.362703813201886	4	2	2	-7.31191076718194
chr8	46104465	100693340	0.498882959777507	1176	0.0920027039907653	0.833184878363146	60635	0.369964954792654	4	2	2	-7.10254406269984
chr8	100706704	100920800	0.031514481813227	14	0.181915343794009	0.80923461400778	426	0.477355711058187	4	4	0	-6.75105537320394
chr8	101043338	144942078	0.498907809075573	1447	0.09374240010291	0.872121299022503	65316	0.354681058595063	4	2	2	-7.98658006344155
chr9	10404	38977704	0.498879810371036	1158	0.0990905964052911	0.784100595619119	53553	0.325975839904677	4	2	2	-6.82144667413519
chr9	38993493	41968986	0.259851217352861	237	0.145723424158311	0.675055461727852	1638	0.346180103734574	3	2	1	-7.08160623968441
chr9	41969056	43110692	0.498711472455818	71	0.126962848857213	0.78060876675676	976	0.351631601719867	4	2	2	-6.73645552486086
chr9	61221196	68333969	0.498490903294241	130	0.156037486322185	0.61619231753281	1902	0.34209453165545	3	2	1	-7.36509028322082
chr9	68384399	136392392	0.00276114795229712	2229	0.0387953102245932	0.40789983337553	92244	0.165052315089948	2	2	0	-7.2548960476535
chr9	136497184	138220927	0.498865855635092	301	0.0962829139190092	0.833233495030596	14138	0.286319365823266	4	2	2	-6.75382768890194
chr10	47663	38982252	0.327662017339999	1316	0.116082314642717	0.588297445252073	46703	0.254744763328322	3	2	1	-6.87248129831845
chr10	41859953	42280334	0.498153609035752	18	0.192105329224204	0.429128704626138	99	0.242846245405281	2	1	1	-6.75407700151017
chr10	42337130	133787136	0.351120542209286	3034	0.112867201580471	0.591823235461518	130171	0.236702234094221	3	2	1	-6.92967036610819
chr11	192997	792692	0.00165234226140987	69	0.0555561550123953	0.4194128638155	4451	0.149031339917921	2	2	0	-6.76955790329557
chr11	840363	1013987	0.494663691607073	37	0.072536818858357	0.801841377433358	1209	0.258661137051639	4	2	2	-6.73628267269642
chr11	1016665	1023682	0.238097715845893	31	0.108791771115124	0.544609843376976	221	0.154097509156573	4	3	1	-6.76632184452216
chr11	1027174	19476141	0.498906031122981	1339	0.0923675210377281	0.786649333391206	51717	0.294238898869471	4	2	2	-6.76958347502483
chr11	19595581	32104309	0.376941673515801	332	0.115182551479177	1.11256980272779	12471	0.701344494964132	6	4	2	-6.90414593342519
chr11	32144302	32830640	0.00196047878592209	32	0	0.385610734659834	642	0.188833591403629	1	1	0	-Inf
chr11	32917532	41882474	0.498750346865302	282	0.10677470953224	1.09356581919376	11710	0.604030288292174	6	3	3	-6.85795871104659
chr11	41929537	50512765	0.498853383473715	447	0.0968014049654781	0.777629799381981	20639	0.320932853143823	4	2	2	-6.7733768768663
chr11	54592419	56700571	0.499028556912797	98	0.084873653947744	0.751149220592665	3666	0.242683912067041	4	2	2	-6.81747412373977
chr11	56700635	56701244	0.0882412013101624	20	0.166031980115436	0.497242454057587	43	0.101965501298966	9	8	1	-6.80200985711842
chr11	57053517	135064821	0.496768525197762	3153	0.0905216133008193	0.8136426020441	181305	0.317702707008203	4	2	2	-6.86187601566761
chr12	12728	237069	0.498506022193192	41	0.139905878640066	0.8259444512627	967	0.265145146053404	4	2	2	-6.73503424709684
chr12	243249	34276724	0.498901954580048	1920	0.0962503610166277	0.813009218900894	70896	0.332156731928746	4	2	2	-6.78023260064374
chr12	37544766	40048309	-0.00117073128255107	38	0	0.405610146715135	1446	0.180050075470419	1	1	0	-Inf
chr12	40203743	40364850	0.498933034019113	19	0.0829002430177238	0.736046215878753	566	0.277222598361288	4	2	2	-6.74187132113693
chr12	40393583	44224537	0.00753898271173215	110	0.0863147546138745	0.43378324821518	4124	0.230577871214647	2	2	0	-7.00844205012073
chr12	44376518	45116881	0.336737644032742	15	0.0954394347965542	1.07121275663457	834	0.731396315431416	6	4	2	-6.74449808111133
chr12	45173717	52749121	0.0031773859513296	448	0.0360670172448712	0.643436707666048	21515	4.68306250233564	3	3	0	-6.73869179912801
chr12	52790775	53724094	0.498811211740802	146	0.109376147595032	0.789280034270146	7514	0.344700375096537	4	2	2	-6.73397242922228
chr12	53945268	54281329	-0.00298151111405176	15	0	0.432053670603165	699	0.169724086230416	1	1	0	-Inf
chr12	54334112	54409088	-8.39734789847002e-05	16	0.199893638384684	0.731139473729378	705	0.290617348536646	4	4	0	-6.73735246131522
chr12	54411969	54584441	-0.00298151111405176	15	0	0.369803261019823	673	0.139896730651362	1	1	0	-Inf
chr12	54608281	54976998	0.0240014602842473	124	0.0242540373294183	15.4653296630256	5689	9.57581893113716	20	20	0	-7.27402498237376
chr12	55003290	57078979	0.00372479314755686	137	0.0240679230630058	0.425555720936238	8644	0.744880411711767	2	2	0	-6.755932143019
chr12	57126705	57546966	0.499204353622573	35	0.0792226094542429	0.777775036076771	4710	0.23122299551184	4	2	2	-6.73686135337077
chr12	57574955	57792812	0.0210158386403499	143	0.0157204758069897	14.9052257933562	21420	6.55863976710672	20	20	0	-7.65506382388442
chr12	57809481	57953537	0.499332697848189	9	0.0861785936297408	0.722719075022569	454	0.312095096917729	4	2	2	-6.74223018034961
chr12	57956848	62500856	0.00160814134417042	63	0.00315603762282748	0.403713416770773	1712	0.17469693487432	2	2	0	-6.89233764798941
chr12	62513518	62772875	0.023489697432303	9	0.122571407758906	6.76111670913731	1000	9.21387555129082	20	20	0	-6.7554896961712
chr12	62871776	63661301	0.00202711158677749	14	0	0.406992478574081	472	0.163672453907016	1	1	0	-Inf
chr12	63772793	63928620	0.0220425964671193	9	0.192073842860268	0.437872290563507	299	0.310271130873898	2	2	0	-6.74883926090015
chr12	64353927	68369184	0.00183632422916724	83	0.0363553292076748	0.41849927297657	3902	0.230114732454899	2	2	0	-6.82569861633581
chr12	68623629	69198491	0.0117935077938907	210	0.0181520400941814	24.7402216763836	20846	19.684756589546	20	20	0	-6.97912978055633
chr12	69198571	69217522	0.0536562719843494	9	0.141012509295373	15.7704335473206	441	13.7083870395318	19	18	1	-6.73318393186103
chr12	69218458	70656500	0.0169039851769726	406	0.0317081595662843	21.6149487484698	32403	16.4636585343782	20	20	0	-6.90792972286018
chr12	70668285	72163850	0.00852447974717452	38	0.0651638922960788	0.401025320908089	1588	0.153043136065141	2	2	0	-6.74350960378459
chr12	72215228	112362982	0.00226521092471066	946	0.0193042556721727	0.398039902934735	41333	0.173040785821312	2	2	0	-6.76151379717337
chr12	112403438	114681192	0.498817794861121	112	0.101182890831602	0.818923348790337	6406	0.330132242490834	4	2	2	-6.73989255781284
chr12	114723712	116008640	0.0380022404428162	18	0.123493536651807	0.550004631330657	728	0.472920443798466	3	3	0	-6.81536204558415
chr12	116076257	118201507	0.498731247351974	74	0.134220866566431	0.895285898846733	4717	3.92612222151618	4	2	2	-6.73412864711964
chr12	118216651	118596261	0.0118774262583751	21	0.109393740571344	0.438910838800431	415	0.310912571959326	2	2	0	-6.7602828857862
chr12	118688253	119629927	0.49620588238815	39	0.179553077646438	0.662635371918472	1049	0.393580482833864	4	2	2	-6.86017462529348
chr12	119668571	120459849	-0.00055792922142972	21	0	0.378105303989002	2816	0.146363870932101	1	1	0	-Inf
chr12	120469347	120601629	0.498909099507551	26	0.10200712644788	0.800451832256619	864	0.355533832292024	4	2	2	-6.73309847350457
chr12	120694088	124398058	0.000654896128571503	265	0.0256020346756105	0.388021669415952	12306	0.170472624696407	2	2	0	-6.80379798383051
chr12	124430885	128139740	0.0156676848563947	74	0.181431565597574	0.802776414947011	3839	0.409646367418883	4	4	0	-6.73764989624327
chr12	128223602	133151257	0.000111355963711757	278	0.0501352346159216	0.409007822916239	8251	0.167296991580139	2	2	0	-6.78445668201533
chr13	18178016	18212193	0.0880817384466815	16	0.130925408152887	0.145665699649995	27	0.0834216967411925	1	1	0	-7.27558106483233
chr13	18545473	114353804	0.498913512311135	4086	0.0982510123544362	1.21056900848287	150288	0.588004067114568	6	3	3	-6.74553944119905
chr14	16037128	16402213	0.0912066541984876	5	0.125095163775423	0.41916093582876	31	0.185514437313145	2	2	0	-7.04997539930006
chr14	18330642	19688895	0.37420124070528	65	0.135104797287143	0.759384844108177	1108	0.311014638888599	3	2	1	-7.22157395157486
chr14	19691102	106750650	0.498909075020665	3341	0.0979618781283227	0.778241594787426	166976	0.323847844927524	4	2	2	-7.09246884881067
chr15	20046303	101887448	0.324185157195503	3258	0.115500740489568	0.60877051606598	149430	0.245610518999984	3	2	1	-6.90101588960122
chr16	11651	32066546	0.49890498953134	2307	0.0955658267208436	0.815063220852685	115130	0.326551602519977	4	2	2	-6.79448966131738
chr16	32124778	35645048	0.498561836661044	77	0.14922666680632	0.753090158233685	2512	0.326451098134619	4	2	2	-6.80485545602232
chr16	46386441	90099701	0.498906146614945	2938	0.0974318892535299	0.821163361999313	108130	0.339064191918561	4	2	2	-6.88348357072007
chr17	137603	1239812	0.498761783258587	129	0.100447766300924	0.758364092415401	3497	0.311755933770773	4	2	2	-6.75257667198071
chr17	1239840	1248722	0.13583366097412	17	0.175566499048752	0.616005695928452	50	0.406621852610516	7	6	1	-6.75564120423527
chr17	1249947	21290834	0.472588621030319	1973	0.093116293747046	0.758627253232415	81074	0.297952178124133	4	2	2	-7.14550314112944
chr17	21290855	22661506	0.407167214382446	306	0.158299231909384	0.680145740878638	1894	0.313799850692633	3	2	1	-6.98906753688314
chr17	24421438	83134389	0.498918475480667	3912	0.0931022300232909	0.761710659024922	198670	0.304305655855651	4	2	2	-7.53495714698146
chr17	83134440	83194874	0.29717459439414	14	0.141525460762211	0.962106764046191	76	0.265252333686842	6	4	2	-6.79702227168942
chr18	47974	110425	0.290141172728609	10	0.155052535899575	0.607846152356103	170	0.439148881114592	3	2	1	-6.77926333590171
chr18	117394	15341512	0.498838124196223	735	0.107107471514913	0.809506723704043	24525	0.352516938011205	4	2	2	-6.74314925231096
chr18	20944269	80251092	0.478858977263666	1554	0.0961802613425648	0.822283072118928	65983	0.359259697648736	4	2	2	-6.9614954851252
chr19	107381	4117707	0.000755170653288784	692	0.0388118947317173	0.443865556221946	20713	0.170390012686286	2	2	0	-7.51687262753596
chr19	4154849	13391165	0.498891397153019	1610	0.0972872941034373	0.766578838998063	65907	0.304385467107051	4	2	2	-6.84065195605937
chr19	13505879	17075326	0.000812687997376882	329	0.0488101480690841	0.404563680452873	14046	0.16301815375977	2	2	0	-6.7433482532889
chr19	17091326	19520139	0.498853260997303	282	0.083015926954494	0.783563605204347	19392	0.303687662519802	4	2	2	-6.74001918429018
chr19	19527409	24122528	0.00493773629685418	305	0.0394500262725854	0.360534319911331	9559	0.144536186779496	2	2	0	-7.90984032791747
chr19	27646333	29923680	0.000170637283647301	31	0	0.450246599663913	1069	0.187199517066803	1	1	0	-Inf
chr19	30413830	33811375	0.199313310094292	136	0.0979913492135768	0.772596035207966	6711	0.310888450872443	4	3	1	-6.91509241918875
chr19	33833053	35619084	0.37254961950747	196	0.103527575912696	1.14188972280742	10676	0.450546401218528	6	4	2	-6.83094823501267
chr19	35730150	43205590	0.469338434307704	627	0.0980133432586427	0.76806735626614	45544	0.28185041060543	4	2	2	-6.88392951126098
chr19	43331459	44031846	0.333154819354121	121	0.0982121964787983	1.16425997795191	5704	0.434449960169048	6	4	2	-6.73508144377407
chr19	44056850	50704518	0.498875482633216	884	0.101672416321459	0.800093088308136	48911	0.320744205484676	4	2	2	-6.73310312062576
chr19	50714293	52512876	0.360038528086871	277	0.108619839961371	1.24449872337264	13585	0.558054219545719	6	4	2	-6.77364289881238
chr19	52515998	53889327	0.498846524045864	366	0.106503118721835	0.681868663246131	8586	0.281899120306822	4	2	2	-6.98710601221456
chr19	53891711	54278566	0.329375930021351	175	0.0935688090985708	1.16657540605973	4869	0.454579479435759	6	4	2	-6.73500611867933
chr19	54278849	54889582	0.496237827387272	317	0.122272021373646	0.779009874818242	4946	0.283483114071263	4	2	2	-6.73684643037247
chr19	54906373	58571238	0.00257944703376373	452	0.0706009533139168	0.418180054404217	16518	0.183589595203056	2	2	0	-6.8594073782421
chr20	96321	25773465	0.476475161738672	929	0.0881363282140993	0.841687267255245	42368	0.346281877228434	4	2	2	-7.08861695237392
chr20	25773589	26233815	0.094869589156061	26	0.142226644696198	0.907060929780963	402	0.38372997759462	5	5	0	-7.00660234818401
chr20	28559767	28957228	0.498202198031871	51	0.159609776593772	0.477766685262744	199	0.220870243201206	2	1	1	-6.88337643905666
chr20	29016630	29788855	0.490013151937643	232	0.164166933052145	0.620103672159469	981	0.305695404710997	4	2	2	-7.04110290594535
chr20	29789978	31068296	0.11202896535253	186	0.157403920865973	0.660828560278081	1039	0.337935097002554	3	3	0	-7.08437632291425
chr20	31068340	64327831	0.498914141308382	1927	0.0908580122424657	0.83475885562058	92408	0.341431618431779	4	2	2	-7.02634014931991
chr21	5032028	13096316	0.481887650677644	541	0.165405633348766	0.501396430269758	3341	0.818766034334011	2	1	1	-7.08739589100173
chr21	13215988	13572551	0.498631883011411	36	0.104917548882406	0.720342694027886	512	0.327808856593964	4	2	2	-6.75499967147353
chr21	13827019	14001247	0.0304651482330391	9	0.0728956636417954	0.741654897692454	127	0.346949678973814	4	4	0	-6.84102985235082
chr21	14001720	46697396	0.498892515457316	1681	0.101254711831515	0.804457162487542	53054	0.328301024831912	4	2	2	-6.73849229440924
chr22	10613451	10700041	0.0415224620903782	21	0.0604609673378501	5.48744817387382	242	6.50595684084499	20	19	1	-6.7449253583497
chr22	10710999	10774725	0.0770852234455841	147	0.0857394554260476	1.7660361285148	581	1.41089725840646	13	12	1	-6.7359055159297
chr22	10774944	11066669	0.0864272035126976	339	0.122623959913428	0.957099662151632	1315	0.557513084208234	8	7	1	-6.93700595414082
chr22	11066725	12800959	0.0359608955108578	141	0.15790016853026	0.513334751984469	818	0.668157448368185	3	3	0	-6.82026278107766
chr22	15509365	50777878	0.498905067788509	2560	0.0981934310019034	0.826936070965718	121186	0.335766638713378	4	2	2	-6.93089715225381
chrX	256771	10684616	0.498784566732688	623	0.124395176911375	0.69333753348594	13756	0.310115434560089	4	2	2	-7.83686359280179
chrX	11139415	57679344	0.498845793232394	910	0.103874692543993	0.874964691362139	77148	0.390699554362619	4	2	2	-7.92543142729412
chrX	63330949	156005349	0.454348489047904	1079	0.104375656290097	0.845909795681687	112681	0.383899169936891	4	2	2	-7.83365749550287
chrY	11111625	11295743	0.497963759560657	18	0.191656495893827	0.121161853414838	41	0.157743222961381	2	1	1	-10.1382652501038
chrY	56830432	56858184	0.0448191148590062	56	0.157712856577611	0.236429758184497	114	0.0953454065257863	1	1	0	-6.83188529847552
chrY	56858304	56880092	0.319482657292355	66	0.134878413692431	0.401360243625428	203	0.141505802057027	3	2	1	-6.84313427378755
