chromosome	start.pos	end.pos	Bf	N.BAF	sd.BAF	depth.ratio	N.ratio	sd.ratio	CNt	A	B	LPP
chr1	183697	16478258	0.000540350876357898	1009	0.0632512921794521	0.525822957928587	33268	0.169308071475438	3	3	0	-7.09418259299584
chr1	16508139	43215513	0.252457602322601	1460	0.112116764191837	0.687770342983214	62030	0.225231341482848	4	3	1	-6.79768052800155
chr1	43223072	54052894	0.398030209991481	422	0.104588662307965	0.817519578654966	24288	0.264553762243445	5	3	2	-6.85103881495922
chr1	54096243	64049707	0.225916246104255	248	0.112469887644993	0.675872169887486	9249	0.231612526574386	4	3	1	-6.76148619826893
chr1	64159159	81479243	0.444479778368114	388	0.0897001422881764	1.16546669035759	16673	0.430257474409535	7	4	3	-6.76966117384597
chr1	81503386	87653974	0.241346554079868	133	0.104124997726363	0.697554983514791	5252	0.241152302718018	4	3	1	-6.788196856265
chr1	87870611	91535247	0.499014644989439	65	0.087283862174825	1.3290482537295	5231	0.45921076069602	8	4	4	-6.73728767232367
chr1	91535577	111755960	0.195433702426185	477	0.103976859977657	0.817371723245025	21821	0.279814492271713	5	4	1	-6.93017688836525
chr1	111762606	117694118	0.498886299841489	309	0.105053524413207	1.62762748050033	15920	0.642696311841826	10	5	5	-6.7472073419221
chr1	117799566	121436587	0.184382292739181	49	0.0921856259177663	1.0069015065776	4539	0.336832924428281	6	5	1	-6.75700484871668
chr1	125066017	143264771	0.265838151827085	12	0.0828896674483435	0.703400125197603	307	0.266760839897215	4	3	1	-6.95600809330336
chr1	143377326	150292753	0.498806096242647	251	0.109402839937792	1.12160797690981	10284	0.370994555673864	6	3	3	-7.00922374599109
chr1	150296199	178472896	0.383885081974319	1759	0.0944949465869799	1.3091278675502	90053	0.447238724285833	8	5	3	-6.84089159437013
chr1	178525293	190892895	0.30686774281423	381	0.0974305408559181	1.0743100232135	17687	0.355418659850341	6	4	2	-6.94878893515279
chr1	191342107	226476193	0.00207559046159683	1092	0.0428296785478345	0.675002847202755	43002	0.230150070420401	4	4	0	-6.74208771920064
chr1	226478546	227493678	0.000333989677462343	72	0.000585258392969696	1.37247629117138	2344	0.50913767679727	8	8	0	-6.92267380273911
chr1	227493774	227506683	0.0364350938655585	9	0.205440380646065	1.21353950021152	22	0.41621639653501	7	7	0	-6.75186546646519
chr1	227507514	232161353	-4.15497238526741e-05	267	0.0136277008109846	1.32514790205469	12875	0.476674169701772	8	8	0	-6.73951319282537
chr1	232176555	248239456	0.00361859033298151	637	0.0307797398574383	0.667559899932994	18420	0.232364141597564	4	4	0	-6.78375388318902
chr1	248273507	248922339	0.0256452460878138	56	0.161471991057595	0.631136510735706	1163	0.189499234464267	4	4	0	-6.80316665994814
chr2	37923	8176766	0.00167878459761073	148	0.0070261508215235	0.479177559747605	3409	0.170954572055352	3	3	0	-7.30451742422931
chr2	8428314	10213213	0.498988629813924	82	0.0874975149128759	0.85864461299073	3296	0.28828760163079	6	3	3	-7.08108921909784
chr2	10228127	10774964	0.00131211987771784	27	0.00365655170486763	0.526467346066897	619	0.214849612283048	3	3	0	-6.81789127017362
chr2	10912894	11222225	0.412108416239717	17	0.0676336367758633	0.838081420568749	603	0.256279618633855	5	3	2	-6.75254945165666
chr2	11300497	19170985	0.00489028916923784	64	0.0295225902205977	0.490142373358098	3478	0.170518382625903	3	3	0	-6.96087458536258
chr2	19353152	33770953	0.496496422140608	626	0.0934757820235815	0.881300391952463	28762	0.290809817809381	5	3	2	-7.46548423936263
chr2	33797514	34319209	-0.00319841251747544	9	0	0.506456622166639	90	0.246727860867677	1	1	0	-Inf
chr2	34885195	90082833	0.415601742627818	1380	0.0982341297972504	0.86445678297512	62092	0.300763772941653	5	3	2	-6.88907883369799
chr2	90083003	91987666	0.274617583943961	65	0.145920294035951	0.768117250759423	1114	0.271319210337078	4	3	1	-6.98273631441678
chr2	94190317	95939051	0.498767926942855	20	0.136624109762593	0.827348309280701	2332	0.255193101519796	5	3	2	-7.04054992600011
chr2	95939302	95953986	0.28424069327517	38	0.127077579602199	0.6567039566727	136	0.252698235563845	4	3	1	-6.77641769403955
chr2	95954026	221944181	0.3949313995409	3174	0.0989225774545761	0.823776004998856	141406	0.263685022127646	5	3	2	-7.50143026881571
chr2	222293593	242140229	0.49889229247938	1004	0.0931958288809329	0.656441092931279	29671	0.207636190804968	4	2	2	-7.00778949948667
chr3	13132	21421262	0.00178347564541059	1185	0.0395997596085632	1.60832363656329	42664	0.697536935393364	10	10	0	-6.80599787611087
chr3	21421388	41954783	1.87328355375493e-05	601	0.00310495551531417	1.18759130569571	27129	0.407903892912005	7	7	0	-6.73312020652469
chr3	41977930	49533449	0.000846777310692826	377	0.00242668908408766	0.913148676931662	26400	0.280480677509488	5	5	0	-7.1102925269484
chr3	49652766	49688741	0.0115377824932354	9	0.171899760842701	0.8627995370355	910	0.163785240763439	5	5	0	-6.73599031686728
chr3	49698313	53188745	0.000285114122338281	84	0	0.896159475405983	17535	0.292615479177623	1	1	0	-Inf
chr3	53198046	56682894	0.00162280322361519	100	0.00508770552162244	0.503612429897483	3067	0.175567282787362	3	3	0	-6.7997246737613
chr3	56745142	75606127	0.000577594186489228	406	0.00329883627123107	0.851278753933224	16095	0.286327864564575	5	5	0	-6.75415186617106
chr3	75630786	76103118	0.397116843202061	33	0.181822971054348	0.492097010299497	358	0.218827558662842	3	2	1	-6.81231153885135
chr3	76485342	81970063	0.00468026020275891	24	0.0940158404784511	0.165438848775894	850	0.0832602552769237	1	1	0	-7.00055347059499
chr3	82213202	90507212	0.44883056288303	65	0.0935698731101317	1.06473802035767	2439	0.46142415026391	6	3	3	-6.95617553898771
chr3	91404436	94507258	0.489760330604168	9	0.15671160702953	0.674042107843699	641	0.368130557309549	4	2	2	-6.73605416522235
chr3	95120581	116577429	0.000910269680495623	440	0.00935722318866252	0.667203396370011	16487	0.245937272974166	4	4	0	-6.79276165682172
chr3	116850260	145247625	-1.20392011225268e-05	767	0.00434110828189348	0.503051542597645	31407	0.163307987906017	3	3	0	-6.8056901757236
chr3	145505028	149333138	0.384357439409589	95	0.102492549643195	1.27199736227346	3451	0.471161099453171	8	5	3	-6.77998891184092
chr3	149372851	149826848	0.10648203325152	103	0.0768417607584519	4.58136792398918	3068	3.02079071556077	19	17	2	-6.73688769590613
chr3	149853962	153050521	0.196746480491753	170	0.107592820885786	2.58518364820476	8799	1.31519181364184	15	12	3	-6.73388724866896
chr3	153055778	155834100	0.171450915183979	170	0.116427857554019	2.83366234919084	6380	2.07217286963488	17	14	3	-6.73425304512491
chr3	155897874	156548985	-0.00298151111405176	15	0	0.505477373331965	478	0.167226242907967	1	1	0	-Inf
chr3	156553806	158827406	0.331273664481086	73	0.133537037599907	1.10543874121771	2287	0.625750918938614	6	4	2	-6.7573239399572
chr3	159478239	168099748	0.00331991315134855	91	0.111257393328298	0.666824931457963	3718	0.370137146968755	4	4	0	-6.7439208877539
chr3	168508408	169566133	0.420756084101435	36	0.119448002900113	1.90807018464748	1105	1.09074342379494	12	7	5	-6.73590807651257
chr3	169749693	171369680	0.00248573826275889	51	0.00196039211763921	0.781254836855232	2655	0.372920617311007	5	5	0	-7.61535240220054
chr3	171434621	171778925	0.197371992583632	25	0.0846394313150398	2.40757998472551	1074	0.963479168134246	15	12	3	-6.73426860639211
chr3	171856758	178111469	0.00269754083323231	57	0.141687343323761	0.543289212167487	2128	0.262652595726364	3	3	0	-6.9627848819119
chr3	178172944	179426233	0.332671848734878	45	0.0990554227070723	1.54582359760715	1805	0.772265452867543	9	6	3	-6.73327877325446
chr3	179465250	179887859	0.00108190323440083	16	0	0.50057734930624	730	0.155536862331427	1	1	0	-Inf
chr3	180187215	180679186	0.271760654348763	22	0.0860218561777165	2.13135251775069	835	0.874264293887475	11	8	3	-6.74001209592116
chr3	180727584	187251846	0.000343985414232639	287	0.0293676104485289	0.94555823354941	14078	0.415057686765427	6	6	0	-6.8511650560068
chr3	187260999	187575231	0.000223222210228857	17	0	1.91364205490535	410	0.865956736218574	1	1	0	-Inf
chr3	187581126	187926036	0.498655088886138	32	0.125745630976497	3.59574025941581	951	2.05696074721884	20	10	10	-6.73326840193854
chr3	187956493	189215424	0.0773404289693412	40	0.141684171618355	2.15317490850835	1394	1.37300161168576	13	12	1	-6.73324799697112
chr3	189228100	194650767	0.226866734614867	241	0.104056645853759	1.2506957227093	6569	0.501402203239021	8	6	2	-6.84585341576713
chr3	194660951	195620256	0.0250255982296159	55	0.0286367238500139	1.03303644821017	1492	0.352430890397646	6	6	0	-7.16059480746632
chr3	195636517	195729871	0.42710196162515	52	0.161266250481912	1.46425904001724	544	0.639126920645016	7	4	3	-6.73914272440559
chr3	195733167	195938239	-0.000111275585667758	87	0.0536754730024016	1.07974983320761	1382	0.386577878131363	6	6	0	-6.73598658341319
chr3	195938810	195996818	0.498464676464269	37	0.185388922410571	1.08914456540668	236	0.354736195923338	6	3	3	-6.73437139097424
chr3	195996863	198119765	0.00176886193825798	174	0.0704758383969591	1.06037831241582	6549	0.378097537714676	6	6	0	-6.74894415575995
chr4	54908	9563847	0.496547143864923	753	0.0964312535056973	1.19086956047369	27582	0.384759813215351	7	4	3	-7.01780383982678
chr4	9578861	9719144	0.0915935702447825	10	0.118859627759434	1.09730690024262	153	0.394215979478372	8	7	1	-6.80421661924393
chr4	9723544	39012624	0.498851177741164	641	0.0971683455561538	1.19763242218913	23255	0.46732604350404	7	4	3	-7.03862591535949
chr4	39093334	39716571	0.192682039126427	146	0.102614192758619	2.63407736081548	5134	1.24136077983844	16	13	3	-6.73476512146963
chr4	39717456	49062019	0.498820662552237	362	0.0880900107540207	1.26189073124165	13333	0.462706012445156	8	4	4	-6.86549673109321
chr4	49102515	49711644	0.217916414087917	54	0.172667293977475	0.637519685588137	271	0.432724122557312	4	3	1	-6.76105174221458
chr4	51848345	99654554	0.193152054332134	1143	0.0988345846282119	0.83848693548891	43478	0.283095860786662	5	4	1	-6.77621867196413
chr4	99949218	119404679	0.332311956091695	438	0.101889776606951	1.0036175786827	18036	0.348220431561416	6	4	2	-6.74982363025673
chr4	119686098	128884561	0.498857106922095	229	0.0821921593648613	1.33266459545912	11154	0.508163047457669	8	4	4	-6.73954687176686
chr4	128888580	189957506	2.51651652859453e-05	867	0.0483444717488455	0.671060984766891	35792	0.235833723320443	4	4	0	-6.80137751074919
chr4	189957587	190179679	0.0225907431962273	9	0.0666666666666667	0.572707356186097	165	0.449622367375825	3	3	0	-6.81045913729663
chr5	66543	314403	0.00511679422629918	42	0.0109555378473085	0.17077217008844	487	0.0711272268366936	1	1	0	-6.86279935044155
chr5	404181	1214149	0.341099938479154	99	0.121607907634908	0.422434486350578	2020	0.128921450640197	3	2	1	-7.60220557878463
chr5	1219202	4429772	0.217511816255635	79	0.105288292191363	0.7504432962455	2297	0.260615131123056	4	3	1	-7.06875876924087
chr5	4830480	42136695	0.40235625019611	938	0.101178647135266	1.17759636964335	36160	0.492660873687153	7	4	3	-6.77820850135636
chr5	42327114	44533909	0.116274600800628	142	0.103706785905325	4.374848808056	8784	2.72417721878129	19	17	2	-6.75648775971692
chr5	44589246	46206800	0.231068548260916	22	0.145734243391763	2.05770989592218	1131	1.08820793439608	13	10	3	-6.7368653187004
chr5	49601562	49661007	0.0462561151756826	11	0.100403277744395	0.033744892853516	25	0.030651644871578	1	1	0	-17.4336148683888
chr5	50190403	60429945	0.431097597344202	276	0.0991422190167632	1.22636799334525	10661	0.501703829728765	7	4	3	-6.76003092229266
chr5	60603586	93268536	0.432785334202574	667	0.0943816985223326	0.843960414904122	28824	0.283264110400279	5	3	2	-6.80875643351864
chr5	93504478	101094523	0.20410424146007	366	0.100804767138886	2.41780670192703	14452	1.2075385393166	14	11	3	-6.74024202218086
chr5	101263080	112242946	0.141771452284583	584	0.0863557393937361	3.34924402786801	18529	2.17267063733162	20	17	3	-6.73867520613294
chr5	112359791	116292420	0.222055452387481	290	0.102653014758307	2.35629983973514	8884	1.22365284724438	14	11	3	-6.73654271605306
chr5	116295027	119703721	0.153317356718505	192	0.094052666171468	2.91787919551007	6498	1.62429298692436	19	16	3	-6.74198300767406
chr5	120110245	163439542	0.402704285948064	1344	0.089851210912537	0.846048397302747	61067	0.27513322728222	5	3	2	-6.73453174160893
chr5	163467648	181281583	0.357271735748519	876	0.110922910220304	0.997790109525401	31930	0.365044078580867	6	4	2	-6.78973990930358
chr6	164113	11652505	0.408322840917188	714	0.109729465773828	1.61287990372685	21741	0.731193236599165	10	6	4	-6.76805399575517
chr6	11652836	29927827	0.498863891978867	781	0.087486672790128	1.10726308767002	29675	0.396803842718779	6	3	3	-7.19906639330287
chr6	29927905	29928343	0.114944813462988	11	0.0931829090845233	0.571767386543544	29	0.132191168109327	9	8	1	-6.74849219624577
chr6	29928491	31276118	0.445495668265151	303	0.0871141634438136	1.10754773787291	8877	0.32541953068535	7	4	3	-6.79153319206835
chr6	31276251	31415306	0.498618848558526	93	0.117784682436002	0.998046521214713	464	0.348909089651287	6	3	3	-6.73335364608232
chr6	31415331	32473425	0.459003249217722	265	0.0791118332566942	1.14636348425711	11578	0.330176524233756	7	4	3	-6.82739445079712
chr6	32473491	32553466	0.422017189250091	26	0.120935659944261	0.683284556169015	62	0.250306399758207	5	3	2	-6.78815599929642
chr6	32558151	32660844	0.10761543675049	26	0.100486210305387	0.878165132189233	213	0.305934013190695	7	6	1	-6.86495041782592
chr6	32661903	33069222	0.431514709546267	131	0.111308743620354	1.13418329223033	1725	0.34899051972732	7	4	3	-6.73751910296609
chr6	33069283	33092219	0.216714347342325	50	0.122324419775732	1.0048449752593	202	0.307095898807652	5	4	1	-6.74844217954718
chr6	33092287	60855642	0.49887411955158	1294	0.0876240533801991	1.14743568365978	59986	0.386308910647413	7	4	3	-7.21860215294923
chr6	61134145	76664869	0.499067198908727	261	0.0813345099275681	0.970637931146731	11311	0.348899116242776	6	3	3	-6.89500267754798
chr6	76664931	83489908	0.399654119910122	73	0.125682715506823	0.772031518631641	3758	0.276397755418537	5	3	2	-7.16604689431779
chr6	83524425	170705913	0.000337769685310185	1619	0.0336087853842296	0.506149041693752	61191	0.172051313051536	3	3	0	-6.77009932364292
chr7	38094	58100473	0.367143863758254	3629	0.113377425533445	1.8200018899453	130409	0.806205672236152	11	7	4	-6.76460457613544
chr7	60958090	63013671	0.112880353687625	17	0.168512959878636	1.69760501815446	150	0.932926510913427	10	9	1	-6.73653663251139
chr7	63014453	65414499	0.451706696011137	222	0.11951967730553	1.93099189837406	7863	0.950372624861542	11	6	5	-6.73533004414634
chr7	65435048	66975994	0.06974971700619	105	0.147489538338873	1.89387128275122	6515	0.954083730521253	12	11	1	-6.74327926167844
chr7	66976077	71601701	0.382857128461274	435	0.13446933732352	2.06708685880074	11816	1.20064204444058	13	8	5	-6.74097432906155
chr7	71606189	80749003	0.251690737587934	587	0.103789780937901	1.36209113074242	23641	0.601158330683286	8	6	2	-6.73349978631641
chr7	80953280	100676440	0.484938251854117	523	0.0909340426346904	0.932880838337679	28745	0.323741037187589	6	3	3	-7.49061263727957
chr7	100683001	100955225	0.430821091472656	60	0.111467685520308	0.680632788031172	2359	0.194929992045689	4	2	2	-6.95572716054349
chr7	100955962	100960738	0.129578491795868	62	0.145536961419015	0.484465441290076	342	0.146934963926276	7	6	1	-6.84265340693558
chr7	100960849	102468085	0.498809287512105	221	0.111651123345458	0.659629254325386	5628	0.231614665774675	4	2	2	-6.74575128489653
chr7	102480001	114866280	0.319456830145509	347	0.114490717610862	1.09446436548867	15879	0.412270484733159	6	4	2	-6.96891541663173
chr7	115109285	132730760	0.399963216245932	440	0.0962566716752469	0.841480726272271	18822	0.272777195720866	5	3	2	-6.74015256758411
chr7	133035941	142749453	0.322544750207098	549	0.0980340935535349	0.996596427714975	18176	0.339023461877556	6	4	2	-6.76095373993769
chr7	142750561	142773518	0.0714973826517408	44	0.133188813502799	0.978121093664377	331	0.245089547651902	10	9	1	-6.82889926913154
chr7	142773737	152273771	0.343399192276715	457	0.101843555905408	0.964233195461245	19262	0.300549739966813	6	4	2	-6.91259176577442
chr7	152379803	152414791	0.147109136347503	56	0.160876798065613	0.477387083938615	180	0.206797782640501	5	4	1	-6.95467345271507
chr7	152446659	157441174	0.335646934082787	186	0.104640482613419	0.964612734478375	5289	0.348430728311865	6	4	2	-6.80146764005271
chr7	157595320	159260906	-0.00120077298352361	60	0	0.321973790174833	1369	0.12485843359281	1	1	0	-Inf
chr8	213553	3493742	0.232305868684641	137	0.0973853378906033	0.64239292754863	2850	0.191063640629148	4	3	1	-6.9054689035621
chr8	3586048	12696324	0.268764529890167	330	0.129075086693652	0.508113300557734	5324	0.197835968718331	3	2	1	-6.87961048887998
chr8	12727150	22727325	0.240648474674883	383	0.104964681769429	0.686638434330367	10310	0.236439358508025	4	3	1	-6.75506082656356
chr8	22750090	34874334	0.321471624856399	302	0.105875125082735	0.496650271770637	11330	0.156597933881963	3	2	1	-6.90052722329707
chr8	36121626	39101979	0.148939125868882	89	0.0926476997647854	0.980691053593357	6019	0.560574311811724	6	5	1	-6.76241080692532
chr8	39130944	43270452	0.34811424663481	194	0.115694177932782	1.35675049473943	9405	0.61478370550107	8	5	3	-6.76526039477623
chr8	45952323	56531302	0.278918191356335	293	0.115800693831878	1.7828630965981	17103	0.91953088200436	11	8	3	-6.74972557270664
chr8	56577016	145066250	0.498918659156665	2389	0.0854373188163253	1.00564436855498	91909	0.357013745518009	6	3	3	-6.78479227508669
chr9	117696	4298576	0.49875270902238	173	0.102508506396233	0.831552817840094	3660	0.282546613206181	5	3	2	-7.2550750425433
chr9	4483447	5014277	-0.00116125465687911	30	0.00547722557505166	0.511526438182801	609	0.150555788722618	3	3	0	-6.7603814811951
chr9	5041690	6504855	0.498838778890385	43	0.114059746151468	0.857105235031824	2474	0.291340745950643	6	3	3	-7.0212630545316
chr9	6591972	23850238	0.00257385024256046	328	0.0216025717137295	0.501902090963925	8781	0.173357659149395	3	3	0	-6.79935394464265
chr9	24791720	27648124	0.421309755202875	57	0.0893202539708859	0.84886485102976	1849	0.33206623136186	5	3	2	-6.76703063127621
chr9	27725558	30689181	0.0419017426173641	9	0.0594077248998628	0.462643741050848	324	0.216240809361459	3	3	0	-7.33907005279156
chr9	30690223	35991902	0.485675047132921	293	0.0840229415995443	1.02888992732793	15425	0.312163121610254	6	3	3	-6.75485909168776
chr9	35992032	36135427	0.166915583123575	9	0.159293317848274	0.98722730884274	469	0.484811743645278	6	5	1	-6.73335337686706
chr9	36135926	40875751	0.498822005041354	190	0.117753958239829	0.996750067467414	5903	0.383191138649556	6	3	3	-6.74088023910196
chr9	40883932	40928800	0.0123896141420063	9	0.0303333333333333	0.887832984912596	52	0.541005218719514	5	5	0	-6.83169346693892
chr9	40928801	43111222	0.446361904037506	106	0.138222697831677	0.831268593564465	1013	0.328730311553828	5	3	2	-6.80429087066375
chr9	61857077	138149114	0.242197631611072	2553	0.110890352834967	0.686137011602962	105025	0.220804299637208	4	3	1	-6.86767104152256
chr9	138152693	138214444	0.498121017478264	14	0.164694872715884	0.448274620407363	56	0.218450201612211	2	1	1	-6.79313454497457
chr10	47876	29458488	0.00208765373384545	798	0.0254383226954389	0.49147914625668	23742	0.166287670939649	3	3	0	-7.39673771397384
chr10	29458689	29495143	0.0598866434974902	8	0.0604595496415342	0.545887531727002	196	0.167773933627409	3	3	0	-7.27446215215
chr10	29508202	38637486	0.0744947668369411	264	0.0882346429420834	0.600748048358643	6809	0.233374149924181	4	4	0	-8.32967704978872
chr10	38646448	39475684	0.498286176895812	35	0.162073139418623	0.69756008045808	148	0.300035769761884	4	2	2	-6.73757793597329
chr10	41860304	43271191	0.0140224826979635	69	0.103637162984989	0.659047352099833	1557	0.229458036754181	4	4	0	-6.75685082474411
chr10	43305505	46519836	0.184316088628181	123	0.12798947617257	0.815040095192448	3933	0.266908687574498	5	4	1	-6.78294298137623
chr10	46522169	46559872	0.499302545750367	33	0.0686087115680677	0.680891442337116	148	0.19874823105916	4	2	2	-6.73310231225392
chr10	46584397	49532830	0.160694278737285	102	0.125942368172713	0.745298991647708	3748	0.224412563418898	4	3	1	-7.31994984435453
chr10	49588106	79611541	0.00127751521011366	786	0.0229383454983721	0.672027241803646	29255	0.216642204798255	4	4	0	-6.76449971101467
chr10	79611798	79942782	0.0528804344740321	9	0.153	0.704549363979483	372	0.226211067554865	4	4	0	-6.80959380606261
chr10	80011057	133787106	-0.00046076652381194	1593	0.0254654329377466	0.673019005410565	66603	0.221999977523605	4	4	0	-6.76819934215636
chr11	199256	35260787	0.438914213617443	1995	0.0922101280888601	1.147235679916	74116	0.374514882013711	7	4	3	-6.905374448978
chr11	35281115	50553108	0.473797040943866	598	0.101272571771776	1.51909690073123	29404	0.575947506277742	9	5	4	-6.78349311128865
chr11	54603087	55665626	0.363531529191633	35	0.0781968750047225	1.24188105056715	1131	0.290214547639454	8	5	3	-6.80378771637111
chr11	55811815	56376094	0.205549809424818	27	0.0849556110004268	2.15600877981239	2594	0.557502762114608	14	11	3	-6.74935895642789
chr11	56376116	56578250	0.316832224102385	18	0.0780742272924956	1.32041185467721	555	0.321113902685737	9	6	3	-6.78411568657312
chr11	56612658	56742767	0.0924919492764371	44	0.117293931126336	0.44202013344088	217	0.166910351806575	3	3	0	-7.13915293568362
chr11	56818911	64236485	0.382610417016388	625	0.0847318795392644	1.35776352866003	34629	0.449269234958149	8	5	3	-6.7379059278984
chr11	64243674	65049311	0.225126601592802	147	0.0930778099578579	2.20193879333241	10990	0.777731919438083	13	10	3	-6.73523433526662
chr11	65085373	66120815	0.00186850340052908	118	0.00248555146832547	0.542651504884721	6144	0.182613800841584	3	3	0	-7.13207671898886
chr11	66148346	72468594	0.245978455825902	655	0.108003932622446	2.07507532839037	41498	0.863438598156465	12	9	3	-6.7359028677186
chr11	72550622	81054455	0.362751002951416	487	0.101717241158602	1.40827975289522	22673	0.533065215768087	8	5	3	-6.76736357791566
chr11	81466782	90283610	0.00299304686911084	136	0.10184791702639	0.513710891168383	5389	0.177364906686618	3	3	0	-6.7511255943999
chr11	90728499	134986767	0.00152820056037922	1012	0.0187070834082236	0.338695197335978	37386	0.115511368152835	2	2	0	-6.73848916472082
chr12	12906	891399	0.355467813620698	122	0.0984049284423413	1.2941234378232	3896	0.461314720868304	8	5	3	-6.76196362122145
chr12	913287	3433937	0.349827096043169	174	0.109456437666899	0.996074299947842	5474	0.376464279434665	6	4	2	-6.75121282182996
chr12	3553488	8370947	0.49885797275436	401	0.0827042587414039	0.635482807180597	12774	0.193557445968073	4	2	2	-7.04005049662768
chr12	8371087	23250427	0.302237805718412	686	0.107830235707406	0.976876550831163	22178	0.32888826631385	6	4	2	-6.91306999391152
chr12	23567716	25715755	0.276680241875959	113	0.121062872205101	2.28179491313031	3951	1.20848364100893	14	10	4	-6.73772124943172
chr12	25773916	29886143	0.294102620958259	149	0.132861322982151	1.107926104964	5654	0.500394888407813	7	5	2	-6.78127014252238
chr12	30108338	34522919	0.413649607711688	366	0.106085176088239	1.7067408916768	10978	0.775239368586808	10	6	4	-6.74315900908804
chr12	37540858	76460094	0.285621525978756	1992	0.0939112575596363	1.21303998340612	95317	0.397722383395431	7	5	2	-6.80469489510839
chr12	76461170	85162824	0.33282010614405	163	0.0995272956135285	1.01798774396685	7050	0.362198625389592	6	4	2	-6.73308661838916
chr12	85229735	133221063	0.49890262341567	1737	0.0883546397465489	0.704920410985899	71835	0.232545275566328	4	2	2	-7.44947175426563
chr13	18177561	18666567	0.0234891970581317	51	0.197903912117402	0.649581630147174	449	0.284321920334601	4	4	0	-6.74810383202612
chr13	18667202	67160268	0.00241715530567554	1091	0.0518771239488345	0.782023627692204	43190	0.266052837758892	5	5	0	-8.6359089243836
chr13	67395149	71756337	-0.00055792922142972	21	0	0.331334257908013	526	0.135001831775181	1	1	0	-Inf
chr13	71929796	112534260	0.367169168698875	525	0.125586225706647	0.549381335799385	19349	0.217160946424919	3	2	1	-8.90164065819419
chr13	112586100	114239439	0.334296348800325	110	0.125226706843052	0.989913356792815	4729	0.300470048976518	6	4	2	-6.74103595474368
chr13	114239460	114299067	0.49766081327915	9	0.157259163308357	0.542401090266548	202	0.408576271010741	4	2	2	-6.7438069217358
chr14	18329957	19797477	0.498490305241378	118	0.158225774212328	1.36798559106686	1956	0.90149054090996	8	4	4	-6.73316908134105
chr14	19821078	68892146	0.000248147206728	1781	0.0212530757931244	0.975877410942016	72033	0.368898871872903	6	6	0	-7.08006714448477
chr14	68954661	73498870	0.00282910460771824	174	0.0236361951875084	0.839442723376337	7374	0.280164337581191	5	5	0	-6.74475270632615
chr14	73523155	73628519	0.0143588589582193	9	0.203517198290464	1.00017522354284	492	0.414214927474972	6	6	0	-6.73611692124965
chr14	73665556	106185295	0.000643798449519006	1270	0.0253875667040377	0.857799650870069	53567	0.28869699279364	5	5	0	-6.76762694390289
chr14	106264721	106351971	0.498785115596929	23	0.107981461591473	0.748670849573966	395	0.189805913036942	4	2	2	-6.74736993893232
chr14	106436265	106810329	0.0030676153370961	106	0.0905348210276496	0.853607133433938	1388	0.326856165214755	5	5	0	-6.73382811167475
chr15	19987698	20259718	0.493421783928532	35	0.194923376456175	0.444802459656	446	0.154193482269204	2	1	1	-7.20186667105263
chr15	20259929	23166310	0.00512571081143776	113	0.128602890254439	0.490969322322774	2238	0.226130422997737	3	3	0	-6.77556445716587
chr15	23166748	32747620	0.00283468654587204	365	0.0921599616307081	0.675184911024963	10145	0.251003589733924	4	4	0	-6.73514359672003
chr15	32810969	33095540	0.000912490347385164	29	0.00154728428866538	1.8211212468847	659	1.03510625252001	11	11	0	-6.93485379929972
chr15	33154057	52295693	0.000455360187197051	746	0.0407307520339823	0.688975637471746	37438	0.21929356562545	4	4	0	-6.79439623130889
chr15	52312649	53144357	0.347335175993559	43	0.116166961792851	1.00323997047226	1301	0.304932527422668	6	4	2	-6.74272326983754
chr15	53517785	57166145	0.0015757461871494	86	0.00226448823727221	0.680374912566332	3316	0.225998527429963	4	4	0	-7.01087141442043
chr15	57326316	58016455	0.374250101649977	25	0.120256489776366	0.968029012476747	993	0.262887460000765	6	4	2	-6.81622962779088
chr15	58082405	58690938	0.000223222210228857	17	0	0.681888594574106	527	0.276737596907006	1	1	0	-Inf
chr15	58850016	64075546	0.498861959050053	266	0.0869491098798307	1.36233157791453	11908	0.511895092244136	8	4	4	-6.73339702505144
chr15	64126198	67769681	0.335074586307825	177	0.110115953908072	1.02932563967307	10445	0.511606163715066	6	4	2	-6.73440036226327
chr15	67806598	74417225	-5.9226102889498e-05	184	0.0553619655194972	0.674043549759213	10166	0.209689543911271	4	4	0	-6.73607293370923
chr15	74742915	80289048	0.498789487771373	388	0.10152071542029	1.19174892962394	16314	0.497476229020959	8	4	4	-6.94915859273617
chr15	80293418	82573054	0.368452071399602	152	0.099385261932036	1.73651544377409	6081	0.654097732034785	11	7	4	-6.75054179862186
chr15	82579114	92632283	0.498880736818829	682	0.0882679401232347	1.37331101224529	25818	0.466456412976897	8	4	4	-6.73761458517402
chr15	92670134	101029262	0.498739936423493	337	0.116599258721396	1.15703174119264	8360	0.489679982389545	7	4	3	-6.95596850630317
chr15	101048718	101829188	0.0202179980892245	47	0.117001988486941	0.356224893757876	1307	0.141466406856861	2	2	0	-6.80792569655886
chr16	11641	830206	6.33975995120717e-05	275	0.0474735848739382	0.693015329878354	6303	0.20838362149139	4	4	0	-6.7384743896252
chr16	843491	1253042	0.341835096416962	67	0.14631820061066	1.00322461419796	1474	0.326069972619243	6	4	2	-6.73548181273597
chr16	1256483	5766325	0.00135186756621108	462	0.0490919915169977	0.696675361011142	20379	0.208345221776047	4	4	0	-6.77930571180602
chr16	5788360	6969493	0.317660621895544	30	0.0995343468702967	0.948888647858642	541	0.370648539227775	6	4	2	-6.77252525727938
chr16	7048177	8508350	0.00108190323440083	16	0	0.63847734534901	490	0.258772411217164	1	1	0	-Inf
chr16	8532690	9768699	0.498730474763098	91	0.106500701930079	1.33961026279742	2781	0.54705378296828	8	4	4	-6.73347878954255
chr16	9822347	11166583	0.00879840337903226	45	0.0601444557341369	0.686367966184729	1895	0.244454379207835	4	4	0	-6.74788698971161
chr16	11216925	11628927	0.320820984606838	144	0.114237779223951	2.01100713421137	2117	0.982914743426014	12	8	4	-6.74025187975726
chr16	11638477	14775120	0.247893341124633	392	0.123681772498725	2.73264111818129	13587	1.65124564910685	16	12	4	-6.73324392788152
chr16	14864581	16187297	0.00563453764331057	99	0.12317428695977	0.713534656185291	3699	0.362545860348715	4	4	0	-6.75002685956874
chr16	16190415	29361079	0.345200066230143	748	0.101534804454516	0.996500467829625	28982	0.335129782453304	6	4	2	-6.77012472323114
chr16	29374973	32454414	0.498822422778295	143	0.092739468310783	0.683373834153486	12621	0.192846856016076	4	2	2	-6.73625557611342
chr16	32879365	34163177	0.286491449746819	30	0.147470647771084	1.25887435123645	1300	0.404664091547812	7	5	2	-6.74951665905504
chr16	34163325	34595573	0.355699762293018	48	0.139081153920603	0.643180940421046	451	0.428287828688845	3	2	1	-6.82559230017981
chr16	35084465	36104296	0.499254340932836	14	0.0673103767125606	1.35753268486231	748	0.565215917183581	8	4	4	-6.73310599109002
chr16	46386441	46401545	0.325182272833125	46	0.133713322660851	0.435855476507561	579	0.13441274861803	3	2	1	-6.74714815336807
chr16	46401549	70066006	0.00309308538131753	676	0.0339914515300585	0.518706773916457	30710	0.16492931062897	3	3	0	-6.93822278867879
chr16	70125888	70166290	0.479078822453716	31	0.150188254627174	0.514226895237717	449	0.189858097326886	4	2	2	-6.79560655941755
chr16	70621903	90094657	0.000505876877288036	1038	0.0476158183583637	0.516908144304717	27046	0.172368141798861	3	3	0	-6.83758539613334
chr17	137681	11983547	0.413087545203601	1285	0.0958825205843864	0.863257682481595	47981	0.275723240224883	5	3	2	-6.77589890410796
chr17	12011140	21244091	0.498839633283783	766	0.098140553980692	1.21501453929734	26348	0.436150167067776	7	4	3	-7.04229140912066
chr17	21258313	21326433	0.353211307020349	133	0.135094538343603	1.06527717091766	596	0.340162572324635	6	4	2	-6.74675308774612
chr17	21340101	21416596	0.117821732908993	37	0.110923606804623	0.994469806405521	146	0.197542022938517	7	6	1	-6.79986128946242
chr17	21416643	22301795	0.182068231010974	116	0.14795361017771	1.04102319039046	973	0.443491440727405	6	5	1	-6.74100139050031
chr17	24421438	26952458	0.307899544383043	17	0.166116963577581	1.18369130141352	186	0.486635122836671	7	5	2	-6.74374707901123
chr17	27000484	30816009	0.498879875128501	245	0.0875351551038584	1.37656692816986	18748	0.486011151385546	8	4	4	-6.73533614016545
chr17	30834485	31008112	-0.00319841251747544	9	0	0.704538590753658	692	0.236074819875407	1	1	0	-Inf
chr17	31327858	35130250	0.498802173097212	190	0.109395664654866	1.37828531657937	8855	0.532753549167484	8	4	4	-6.73524822023273
chr17	35155468	38169703	0.346241513588658	161	0.103180752198381	1.01969788300786	8345	0.322514474725354	6	4	2	-6.74253152554981
chr17	38458455	54439630	0.49890055145311	1062	0.0846298220750429	0.689712422218174	47078	0.211523021092588	4	2	2	-6.79566243724607
chr17	54678255	76332605	0.259662706756409	1638	0.0986947557002982	1.33522329001853	71848	0.507636250095966	8	6	2	-6.75070457701975
chr17	76340804	76684498	0.126198060275244	96	0.0745389446954798	2.61631532030694	3837	1.1109869225383	16	14	2	-6.7333997517895
chr17	76688516	81548049	0.280465218144977	635	0.0998311774480321	1.22008633729856	20251	0.437130312672488	7	5	2	-6.74659093348069
chr17	81552356	82668228	0.355349715216992	116	0.112653164435232	0.525921329187124	5277	0.161173465506544	3	2	1	-6.78504022164437
chr17	82725611	83134933	0.00235453093482796	45	0.0496407091004953	0.172152038409164	694	0.0699528799160719	1	1	0	-6.74651944096938
chr18	47492	108488	0.497868115695851	13	0.201596067320209	0.786871158739205	145	0.450902508874788	4	2	2	-6.73708837484399
chr18	117394	5956484	0.385024323667759	255	0.0943796195318987	1.1061708800226	7539	0.409783155780139	7	4	3	-6.95881854204273
chr18	6046718	15378682	0.287486364447037	432	0.110111301443754	1.14469672026399	14869	0.417709144525926	7	5	2	-6.77408992531165
chr18	21077220	59002775	0.241953487858568	1103	0.100566508177736	1.35629695416137	48269	0.514781917132847	8	6	2	-6.73687431932377
chr18	59090909	76517442	0.403257615871723	345	0.0991209422360076	0.90172258694462	11238	0.366968851611641	5	3	2	-7.01873045933401
chr18	76560754	76760719	0.188333347885409	32	0.132007266265059	2.31687437779115	451	1.62541269066933	16	13	3	-6.73417885551586
chr18	76761010	79174379	0.498691204715718	58	0.103185582170263	1.15478763703562	1964	0.446046332361372	6	3	3	-6.84845849828857
chr18	79281852	80257305	0.247041140805833	54	0.111726542975745	2.10317575375423	3450	0.802159063419442	12	9	3	-6.73447034604448
chr19	263280	6147442	0.0023540209689033	858	0.0387330691966116	0.725400680778701	29113	0.252577994833728	4	4	0	-6.97818383676704
chr19	6151692	7051632	0.000331064364760436	143	0.00791887981596156	1.00884917662024	5457	0.311274584191599	6	6	0	-6.73443517620796
chr19	7163129	17119562	0.000475111280834162	1271	0.0221869857781493	0.696408163793769	48117	0.227504063943841	4	4	0	-6.81527214733303
chr19	17143660	19187295	0.442829665076705	368	0.0793175112613998	1.21796812567145	16843	0.379130747536379	7	4	3	-6.75821464900841
chr19	19194090	22073545	0.00197545750607847	303	0.00742326086507241	0.665279676335848	8477	0.209873775349456	4	4	0	-6.78919552535933
chr19	22138454	23146138	0.0318035197377391	37	0.126131658179837	0.156013064494302	1051	0.0642740736665527	1	1	0	-7.63778024582438
chr19	23199013	24175288	-0.00119380870088659	59	0.0130188910980824	0.635656902160436	1677	0.169430628826781	4	4	0	-6.82164108408317
chr19	27646381	36991249	0.324510593404434	419	0.107819976973903	0.548351947624895	15864	0.204921700493669	3	2	1	-7.41527227891371
chr19	36991863	58563286	0.498907525267892	3120	0.0973510221418985	0.68600203652332	101830	0.211698965737652	4	2	2	-6.77289436709537
chr20	87623	11608450	0.00426718015927313	421	0.0191724907671628	0.514214314905922	13294	0.166116594998784	3	3	0	-6.79396701529009
chr20	11810360	25773465	0.382844006895543	345	0.0915059337512891	0.833763032710799	13158	0.268689152313452	5	3	2	-6.78471437491689
chr20	25773519	26083048	0.0809265255026241	23	0.142815672128564	0.666593517359428	170	0.227745571304622	4	4	0	-6.9207771607521
chr20	28559257	31068296	0.476187924487582	423	0.162807315692375	0.789507974572002	1985	0.35069071965314	5	3	2	-6.92243100231812
chr20	31259685	62008892	0.312828863052136	1417	0.101142507779551	1.03031582801826	67317	0.361080298729435	6	4	2	-6.78159738159196
chr20	62009016	64302708	0.222248411859637	277	0.0903194509957258	1.62652910020591	16479	0.532273069847036	9	7	2	-6.75296552319222
chr21	5125770	13097608	0.410626081974687	525	0.163235581242701	0.639842616379347	3079	0.36710249932044	4	2	2	-7.0243208557135
chr21	13227652	22815924	0.498699373277112	218	0.140101519624005	1.21890757308895	6170	0.581410285830224	7	4	3	-6.89208773629467
chr21	22901184	46692843	0.24620228041688	996	0.111364592858013	0.680625443632978	31363	0.221915178541164	4	3	1	-6.73815193910151
chr22	10662883	12638465	0.314843343839301	596	0.160566632454523	0.749973499675095	2443	0.355318540531309	4	3	1	-6.92347723828876
chr22	15552149	16784304	0.302400205530568	62	0.130779807354324	0.82512003105557	1130	0.446322660497414	6	4	2	-6.92435187407402
chr22	16839471	17084998	0.287799292877124	30	0.0840055348477555	1.84996537681997	782	0.74667847020195	10	7	3	-6.74768297697849
chr22	17109290	21067136	0.262354297142177	311	0.114483017203812	0.737331158609944	11104	0.353003939830495	4	3	1	-6.8713433644596
chr22	21067405	24495324	0.357406162245631	262	0.107244533184337	0.527471896581398	7345	0.20715800025584	3	2	1	-6.82688705525504
chr22	24502342	25626181	0.191256066047601	159	0.0997179487045639	1.91364626038345	5670	1.13801625098463	11	9	2	-6.73875321347594
chr22	25647836	26887558	0.227852760457557	70	0.100346345359037	1.37404366219536	3240	0.74849959046388	9	7	2	-6.74938757533075
chr22	27506315	32149654	-7.59843934915461e-05	231	0.0683776112669	0.522385444757205	10550	0.188420685095394	3	3	0	-6.7896326773952
chr22	32152434	34430480	0.32790924442779	87	0.111698393638432	0.931092562767101	2766	0.439901598677158	6	4	2	-6.78890608371359
chr22	34515959	35283958	-0.000844488821657441	18	0	0.53099135999419	293	0.237610160922394	1	1	0	-Inf
chr22	35315196	36846433	0.234338517057659	280	0.107278370292985	2.38989719058393	9502	1.22893119387889	13	10	3	-6.7377067600983
chr22	36870280	37333665	0.152602794867894	144	0.0745727427987698	3.42821422962319	5306	1.38936199708399	20	17	3	-6.73377879551876
chr22	37351101	39116606	0.132153111544596	472	0.0856669750366661	3.89101808481141	27905	2.15363586768198	20	17	3	-6.76329688301298
chr22	39120174	42430294	0.215125255416797	601	0.106536766403312	2.46674024526824	28305	1.31553395091027	14	11	3	-6.73479288888507
chr22	42491782	45212311	0.00107965122044118	224	0.0487815002780624	0.52101382909364	4626	0.177265862536537	3	3	0	-6.76397886751544
chr22	45287365	45434217	0.357511376499188	43	0.0837597352236727	0.830640937566855	690	0.265391483474209	6	4	2	-6.83341334774016
chr22	45467634	46105546	0.0006875878972189	29	0	0.530897098098072	762	0.171487725612451	1	1	0	-Inf
chr22	46248067	47183910	0.382202079527699	170	0.088785294036646	1.54963393766971	4278	0.601024133234999	8	5	3	-6.76456093500673
chr22	47461788	50808020	0.00208727494556987	257	0.0252419595829938	0.514777486612595	6489	0.170486605735785	3	3	0	-6.74758396516923
chrX	288633	9944752	0.498723516421632	252	0.11705010214354	0.563777372154068	6808	0.226651379665672	3	2	1	-8.7518225990521
chrX	9956362	43802030	0.330024875599138	554	0.118617172989721	1.00371713914022	35213	0.363346653838491	6	4	2	-6.75979150403149
chrX	43907863	50539628	0.388421061832653	340	0.104318504128756	1.61036407542229	25643	0.653156343044589	10	6	4	-6.76474407711785
chrX	50607674	57734261	0.322209416008121	165	0.0989714379427483	1.00042825007458	11507	0.316868590228052	6	4	2	-6.75201188386643
chrX	64190230	82302185	0.291921242627415	296	0.0966026233320361	1.17004886953943	24436	0.435323093435007	7	5	2	-6.74659474926396
chrX	83208546	86799135	0.00248853969780016	22	0.00234520787991171	0.712995711652541	1698	0.283248052931677	4	4	0	-7.40969726688642
chrX	87614100	155985886	0.0032227965751746	786	0.0565019561958145	0.345117385389879	39829	0.125364249306274	2	2	0	-7.47475289869403
chrY	11293647	11381796	0.232515490457734	12	0.140727412203361	0.29087978953786	32	0.244249401557691	3	2	1	-7.29070324013194
chrY	56830389	56837148	0.0615464551962046	42	0.152560370564137	0.248334222784885	82	0.146366194638146	2	2	0	-6.84739939391794
chrY	56854908	56885653	0.498507979119722	64	0.143341860211485	0.703113159204066	210	0.325595051725155	4	2	2	-6.73332545249476
