chromosome	start.pos	end.pos	Bf	N.BAF	sd.BAF	depth.ratio	N.ratio	sd.ratio	CNt	A	B	LPP
chr1	590378	16481855	0.498892128262592	1656	0.101005023192997	0.866346495994006	60977	0.427170831568606	2	1	1	-7.4049613501802
chr1	16490339	16934362	0.49869399527535	211	0.113630759644343	0.975254932930423	2592	0.950225183669034	2	1	1	-6.73310976877114
chr1	16934986	124250765	0.49891979312244	4880	0.0888450594266172	0.965015905078833	262370	0.683082360595521	2	1	1	-6.75354627647511
chr1	125065988	145165090	0.224903684564355	17	0.081325688727848	0.931173385504851	1202	0.392136356149647	2	2	0	-7.05009899289553
chr1	145237504	199857754	0.498913045352343	2574	0.0927860790990689	0.988427776151989	146806	0.409929454208759	2	1	1	-6.7600694337722
chr1	199876151	248650600	0.498904465889505	3264	0.09637193848735	1.02277318536581	130678	0.467202971494953	2	1	1	-7.00351035007235
chr2	41366	89760314	0.498910919381136	3629	0.0945748801261002	1.01094897618591	179643	0.603119610305519	2	1	1	-6.90247258540963
chr2	89828676	91987777	0.498538801340329	83	0.137723342507389	0.980097720977236	2250	0.314786809849703	2	1	1	-6.73324137154601
chr2	94218795	242183318	0.498921430944008	5979	0.0917719479441999	1.05151471926909	308337	0.593143152313216	2	1	1	-7.86085447251268
chr3	10374	9028234	0.49905553899622	350	0.0871122882574687	1.15125355658429	11676	0.664613682482753	2	1	1	-7.04668912150388
chr3	9032933	47145585	0.498895261536152	1657	0.0983752758201799	1.03583576714075	87806	0.468686134180276	2	1	1	-7.07118646458344
chr3	47154140	53126116	0.498823349459485	320	0.105771700679231	0.872578287137656	42589	0.411663213402939	2	1	1	-6.99109782533825
chr3	53128731	90613961	0.498857255750011	1275	0.102324725009915	1.09005941825366	50719	0.501372836841076	2	1	1	-7.65250141374043
chr3	91374136	179143629	0.426563584958612	2958	0.102454180323195	0.914549981389416	137304	0.399941839535225	2	1	1	-8.19567823124497
chr3	179199217	186972548	0.413912332224174	462	0.10564039015987	0.784474967850839	22234	0.316355724043646	1	1	0	-7.07648677877586
chr3	187013961	195333187	0.44893178844045	381	0.0933660681548226	0.924189634826668	11511	0.418571296438212	2	1	1	-6.99360503783168
chr3	195342724	198051000	0.388624807789304	472	0.120926299031277	0.7425085226102	11181	0.291739558256825	1	1	0	-6.80607591251366
chr4	13970	49017215	0.498900419684308	2306	0.0926856089368235	1.0068051830104	87002	0.439358617472331	2	1	1	-6.8689559873314
chr4	49091966	49711665	0.408400275357853	155	0.138460683485915	0.7675070223551	1299	0.299668107870344	1	1	0	-6.85391524462098
chr4	52044381	57941299	0.498833554851948	256	0.0872814118409022	1.00219878569718	11957	0.387708498474184	2	1	1	-6.7485464823656
chr4	57974644	73420106	0.498873333520912	498	0.0889253184959241	1.11608500702044	20027	0.667956624546346	2	1	1	-7.08095914671371
chr4	73436354	92070760	0.337343900564406	646	0.111724114525817	0.813228884312743	30675	0.4108567075613	1	1	0	-7.17671467814578
chr4	92182533	190179679	0.498908652950155	3279	0.0918653298396727	1.10472983087078	141087	0.526755396116358	3	2	1	-8.61406129499886
chr5	36646	834381	0.215798253734107	170	0.0949833253360294	3.47769003686824	8156	1.70941125410811	12	10	2	-6.7344998471257
chr5	840227	1287225	0.291838635616299	59	0.083770483245818	2.48948146276488	4315	0.765873820853825	8	6	2	-6.74918435402511
chr5	1289162	4494709	0.262744165610442	130	0.115749240870405	1.15005238265117	3741	1.06815910239751	2	2	0	-6.77783902682841
chr5	4600259	5855296	0.404715878054234	60	0.0805314603226274	1.42955486265766	2007	0.626196929815482	3	2	1	-6.78784093205164
chr5	5872036	11735775	0.260326036253978	234	0.124206530079444	1.19303958756359	8134	0.601910490577229	3	3	0	-6.81455824250519
chr5	11903759	13754828	0.386357689312596	43	0.101600873724236	2.60260354025793	2548	1.37520468060406	11	7	4	-6.74735464980358
chr5	13758420	19204527	0.436466871694114	209	0.117740440099474	1.28552199595529	10294	0.720025247887199	3	2	1	-6.80128485020384
chr5	19208593	39496006	0.259192387002715	658	0.111088505300339	1.06745919078442	29539	0.524455161572714	2	2	0	-7.06411708164333
chr5	39499390	46206871	0.410493931044507	221	0.0803209642716147	1.65838851465119	12452	0.799119911505744	5	3	2	-6.77232149368186
chr5	49601562	49666191	0.296651246168031	49	0.124023015337208	0.630423197437954	378	0.226441762200707	1	1	0	-6.84986149180508
chr5	50491604	170517170	0.498915824244241	4188	0.0931435388976201	1.0519713949377	212988	0.594129849218457	2	1	1	-7.68474422991422
chr5	170606055	181292406	0.498861184263974	838	0.0972358587808942	0.912614087373252	34820	0.450203155680021	2	1	1	-6.87601455322595
chr6	171132	32467419	0.498918624675048	2385	0.089916118548567	0.983851920946624	86673	0.560252351643027	2	1	1	-6.7362649833501
chr6	32473349	44614800	0.498883333781996	1192	0.0888081430796342	0.929425623397353	52453	0.478875025682938	2	1	1	-6.81078476161122
chr6	44694346	60853068	0.498884228310852	574	0.0869226630347128	1.10749346227916	25939	0.55394705131579	2	1	1	-7.19370385663632
chr6	61134145	170731111	0.498889500365875	3802	0.103299852440283	0.933334889240707	164149	0.524794412464773	2	1	1	-7.19193534444255
chr7	50462	6917738	0.498848058880164	971	0.0989352994906293	0.863442374717921	26900	0.335119806030223	2	1	1	-7.24548429628853
chr7	6922874	55562030	0.49889968163048	2237	0.0924227570759915	1.09261176646282	83914	0.661661090984642	2	1	1	-7.47064356741082
chr7	55572240	58100632	0.498760515045579	267	0.10737750633681	0.835847221378681	5851	0.338134555465074	2	1	1	-7.03936011417603
chr7	60958059	78066190	0.49883728539717	1445	0.111080809591168	0.851240241580309	41627	0.42782407866154	2	1	1	-7.64259925292404
chr7	78076220	96732734	0.498863364321097	607	0.0930572897138225	1.14010888877774	28760	0.462005462285403	3	2	1	-7.45325566360383
chr7	96769477	100199408	0.49878262933524	196	0.0973886218622921	0.8631906111938	14416	0.323420120032074	2	1	1	-7.01999549945922
chr7	100202222	103258581	0.419748064736179	444	0.0942774786408213	0.764419060155833	18668	0.644843230490089	1	1	0	-7.07806492648588
chr7	103262031	127969463	0.498859996120029	643	0.0961324796396212	1.09707468401776	38943	0.444234631711353	2	1	1	-7.60517548615169
chr7	127997763	141081188	0.498860394680329	741	0.0951078972355609	0.967303546585482	36218	0.417260316034004	2	1	1	-6.73746045553424
chr7	141289489	152250012	0.49886705219777	683	0.0967582429373852	1.02668506259836	33706	0.850004283809743	2	1	1	-6.75556353329836
chr7	152264992	159316121	0.498829557513205	585	0.104747796111926	0.987063710816016	13707	0.490718788601944	2	1	1	-6.73500517931093
chr8	387798	15932851	0.355624387410917	906	0.120419923190825	0.820001444713466	18721	0.376276007163776	1	1	0	-7.25669865330136
chr8	15935632	17137119	0.342999761332416	46	0.0823967660356891	1.56631969616462	1575	0.691974620951683	4	3	1	-6.74509934001446
chr8	17137925	17831224	0.219665775421744	87	0.10015904486821	2.2334675172582	3961	1.58179167837862	7	6	1	-6.73968414280257
chr8	17839156	18967344	0.391584994860458	125	0.0891656544611426	1.29035834843988	3053	0.846839898313655	3	2	1	-6.75056479774543
chr8	19029482	20956974	0.245177808583536	176	0.106701898131828	2.34984303795732	6502	1.20579102193843	7	6	1	-6.75339128533735
chr8	21045182	23574819	0.33972584806254	284	0.111288351303353	0.784162776078621	9113	0.621495714244508	1	1	0	-6.74429189457033
chr8	23583806	27012144	0.498769501310289	150	0.113486455843661	1.08860044285744	7131	0.724466680750468	2	1	1	-6.77873295991565
chr8	27034068	27779991	0.170985883209197	119	0.0818026752694677	3.28080363399626	6262	5.66248210081421	16	14	2	-6.73387645118884
chr8	27785427	30409490	0.307864705890928	118	0.108280037035443	0.739232912965463	5772	0.335433782557729	1	1	0	-6.80973970188108
chr8	30461783	30719950	0.15495945684665	44	0.0902189256500793	2.8396646478717	2507	3.21665058335155	11	10	1	-6.73537441930069
chr8	30724834	33206899	0.0226937945280478	113	0.118806209665657	1.46118651861359	4911	1.42785356094797	8	8	0	-7.20216453585872
chr8	33218058	40582360	0.341741785303079	182	0.130588971041428	0.871547069357122	13058	1.00427803289766	1	1	0	-6.83569795489672
chr8	40595913	41035004	0.31461230874361	38	0.120408187341839	2.01157630908105	704	1.39877963075616	8	6	2	-6.74019679276202
chr8	41064331	43672929	0.310197604827648	211	0.115757203940181	0.718982676347141	7235	0.41402843904092	1	1	0	-6.80474936803568
chr8	46270835	140489261	0.34448908416468	4236	0.103969054645057	1.53525763955222	185852	0.930166346254959	4	3	1	-7.01279282499518
chr8	140532014	145066227	0.343964984180104	752	0.0924138117528973	1.29442384801349	29633	0.455607419591	4	3	1	-6.8719785026344
chr9	103776	21854741	0.487565468557843	994	0.0943241937607945	1.08112117050335	34686	0.488340753973226	2	1	1	-7.25934256693787
chr9	21861904	35766119	0.498762406918923	377	0.11423288344096	0.892626100203115	23671	0.361175650308356	2	1	1	-7.21257195137653
chr9	35768236	37208295	0.314857875965062	114	0.111928869055273	1.51940808536504	7459	0.584317801077222	4	3	1	-6.77153968645069
chr9	37233893	43253957	0.498737324079847	470	0.125530965502197	0.929575669662639	8076	0.377861473131179	2	1	1	-6.79470057107683
chr9	60544739	68722454	0.308910205968847	196	0.127769112470571	1.00064947588976	3344	0.391453633378249	2	2	0	-6.82156835549395
chr9	68792720	124069439	0.49890456794706	2745	0.0929473739743579	1.01856407255509	117025	0.557001302328126	2	1	1	-6.91445356293651
chr9	124069488	131243746	0.498854777521259	466	0.102764752992064	0.848901135966853	33304	0.314815835596716	2	1	1	-7.48617391317261
chr9	131253410	138198484	0.498890904583764	890	0.0859247365760163	0.911657191775289	36812	0.372154954121501	2	1	1	-6.87332972884961
chr10	47663	39131435	0.339785425291706	1731	0.115701296969029	0.753560769273986	64323	0.609906891745674	1	1	0	-6.73939264675691
chr10	41859763	67840244	0.498758530085385	732	0.118637908200721	0.821669838284411	32102	0.420339101302958	1	1	0	-8.29286653499891
chr10	67843264	133787225	0.341188971586498	3043	0.111585583248647	0.74342350622602	135857	0.357027514596043	1	1	0	-6.74267974042556
chr11	87018	2303462	0.496661573233602	629	0.0929909562798148	0.853982478840329	16714	0.556938400719402	2	1	1	-6.81028910739366
chr11	2308847	8217125	0.49891741049267	702	0.0806557657004967	1.053086165497	24387	0.352486884582936	2	1	1	-6.89008502336413
chr11	8224542	9857092	0.498846389737179	167	0.0961600867442599	0.911384905851225	6403	0.343660805356756	2	1	1	-6.77276109519074
chr11	9882546	16718845	0.498837614600724	341	0.0992367872033796	1.0962081177905	12132	0.480404554831972	2	1	1	-6.96046831478426
chr11	16744559	19172594	0.480654052259555	314	0.092444990564654	0.974046888764909	10860	0.316640166011612	2	1	1	-6.75931154246857
chr11	19175157	50512765	0.498908412343618	1486	0.0935774511273896	1.01865314609455	54179	1.10937517802462	2	1	1	-6.75981963548749
chr11	54568712	61203597	0.499058779365351	393	0.0828319900339624	1.01567082315604	20461	0.444251254172547	2	1	1	-6.76358855061848
chr11	61250856	107455939	0.498909516450408	2399	0.0896278986196373	0.953392719316719	127867	0.570572345742671	2	1	1	-6.78300736322964
chr11	107466593	119633546	0.498870986590865	607	0.0949525021488284	0.952365298392583	36663	0.642947805363912	2	1	1	-6.74447148659711
chr11	119633770	134986767	0.498893068575789	746	0.0852157437374658	1.05074457647135	33576	0.503721961133878	2	1	1	-6.92022881868736
chr12	13488	203034	0.498953719385288	42	0.0809662646084513	1.09955166877582	794	0.30832612276067	2	1	1	-6.7498328786113
chr12	206283	14580450	0.498886978303238	1206	0.0962690090484838	0.926719978246947	49662	0.669579664433562	2	1	1	-6.78602708822089
chr12	14616534	33802252	0.498836219780403	698	0.102840008496579	1.01246497065154	34753	0.661083494804189	2	1	1	-6.76669712581323
chr12	38290319	48274446	0.498888326927937	505	0.0813037388382639	1.08174664360185	21279	0.49493334630324	2	1	1	-6.97735703832793
chr12	48285453	133259913	0.49891459954432	4298	0.0924272342685083	0.944042872952804	234163	0.622132341795161	2	1	1	-6.88302162709841
chr13	18177561	114325924	0.498910833842806	3615	0.0944649461565818	1.07425336917953	147935	0.677596069514505	2	1	1	-7.69583086201913
chr14	16098225	16402034	0.498761966086679	2	0.162634559672906	0.756331533023405	16	0.277011424252984	2	1	1	-6.88467017360246
chr14	18289867	19936455	0.498614134191908	146	0.136648832244562	1.09463959591077	3165	0.377184473986473	2	1	1	-6.82177573669876
chr14	20034762	33977815	0.498900322332215	1052	0.0876425064116462	0.99520632121097	42142	0.495959600958144	2	1	1	-6.74489014275369
chr14	33981226	35321371	0.498744259962656	147	0.0971860946138972	0.838846389418017	4132	0.355723954948468	2	1	1	-6.87702480478635
chr14	35328661	49155737	0.498903457496511	325	0.0962385006265632	1.07825030057682	15216	0.476529341971786	2	1	1	-7.0698418223589
chr14	49178470	105837365	0.498910766354765	3604	0.0943311979864324	0.975598150388594	145775	0.500241504960416	2	1	1	-6.73333276783896
chr14	105838563	106874913	0.499052021817337	252	0.0876903787561801	1.138983854435	5320	0.269573429157602	2	1	1	-6.92837481637074
chr15	19964897	22804297	0.338178676884758	470	0.120848519083663	0.983230818366833	6464	0.380392686318976	2	2	0	-6.94584321974131
chr15	22805452	40068113	0.498887392532745	1160	0.0963099638930031	1.02589336346393	36432	0.470822204485875	2	1	1	-6.84319107429755
chr15	40071876	41694143	0.498823038886531	195	0.094652601033297	0.85020839839907	10715	1.63296442584675	2	1	1	-6.74015171200111
chr15	41736156	101980715	0.498914380514148	3651	0.0920300289433018	0.979235783981613	171516	0.602973544596202	2	1	1	-6.73370521270666
chr16	11641	4898935	0.498901135249687	1088	0.0821526726065296	0.848269563640225	39212	0.528587182029784	2	1	1	-6.93522395593213
chr16	4899439	34266193	0.498867687078472	1770	0.109080446742216	0.874260302419653	86948	0.415963491899504	2	1	1	-7.78060257568518
chr16	34267372	36104311	0.489402387281887	45	0.153284554164647	0.901922602726214	1276	0.420139867086014	2	1	1	-6.77540009409883
chr16	46386441	46401545	0.495714535259923	52	0.13282355412697	0.495798805582797	454	0.138867719734045	0	0	0	-6.73453453960606
chr16	46568907	69424876	0.489920464883198	1060	0.0969873167030691	0.882116553508828	58538	0.394499604326718	2	1	1	-7.5395740180171
chr16	69443282	90149401	0.345862298151516	1559	0.11721944452955	0.698067025048723	51730	0.41907177644423	1	1	0	-7.04471039963484
chr17	137603	10652285	0.498893124594756	1366	0.0964420936702418	0.846631667119701	61445	0.563346437363199	2	1	1	-7.11466702637145
chr17	10660723	22567449	0.498857255750011	1275	0.107097357325911	0.918873879012389	36902	0.64012509252298	2	1	1	-6.79766308547494
chr17	25074459	32456786	0.361221401133165	417	0.118192627854278	0.678447465523721	22390	0.260424244360883	1	1	0	-7.29774914021296
chr17	32464485	33799242	0.457998060585564	71	0.0855936307075838	1.00048434216007	2147	0.426536124767449	2	1	1	-6.87665315537897
chr17	33899042	34192839	0.181361914197098	16	0.0773987241496913	2.87493215691168	551	1.41104655152802	10	9	1	-6.73908220066362
chr17	34239399	41328369	0.498890033973154	700	0.0923081328140118	0.908007760792636	32647	0.38051901313676	2	1	1	-6.88603284881647
chr17	41346911	41518389	0.156903045336467	68	0.0691401218760061	2.99951470414997	3463	0.769813371408492	11	10	1	-6.7347013049682
chr17	41524683	43869705	0.49886969224341	341	0.100881468011896	0.890277397232399	16673	0.752162834976769	2	1	1	-6.7544460974984
chr17	43923182	44000105	0.122504825807965	12	0.0724888706191258	3.09878137160697	975	1.77536087594368	15	14	1	-6.73398530270796
chr17	44350364	44567764	0.498946131131658	34	0.120278494424539	0.815564499994951	1554	0.243157256579997	2	1	1	-6.80406775947386
chr17	44576467	44646098	0.168715210666129	16	0.0861950307925772	2.44164048578478	514	1.7050497658436	10	9	1	-6.73525338429254
chr17	44666870	49877726	0.498844014062619	447	0.108612909950074	0.926020286546087	23637	0.582113317149583	2	1	1	-6.75932858562106
chr17	49893159	50772662	0.173498103140774	206	0.0775601069305013	2.55700386268603	14778	1.54410568135567	10	9	1	-6.73505018470014
chr17	50780450	52919516	0.214531925279852	109	0.113703192884085	2.06925705704307	6581	1.06983292547572	7	6	1	-6.74473176749815
chr17	53096566	53701179	0.148374307701866	41	0.0933702373324187	4.61773800643205	1332	2.86354872665057	19	17	2	-6.73326772103235
chr17	53755334	55561697	0.273046791010794	90	0.117161676443137	2.0898072158955	4213	1.7836013886247	6	5	1	-6.74652150312148
chr17	55579885	57223048	0.179078699821087	112	0.0979138101667187	2.59291521568694	6764	1.47874282254166	10	9	1	-6.73789952057342
chr17	57377765	57934324	0.498792878200249	28	0.105550277645827	1.24276871786538	1224	0.510847526922783	4	2	2	-6.75970773103767
chr17	58036269	59850929	0.172169112028562	97	0.106190932641435	1.98924135500934	16401	1.36046598209906	5	5	0	-6.76641007230655
chr17	59867998	61170032	0.0413108421329075	39	0.0589810235042021	3.15979721726465	13418	1.77916437294899	19	19	0	-6.8029530361185
chr17	61299259	62825966	0.149141743063031	237	0.0809617838761081	2.72153835709578	15390	2.70963310376776	12	11	1	-6.73726747750601
chr17	63123997	64185593	0.37186823134743	39	0.101241883765268	1.16315235569626	7731	0.414005394582332	3	2	1	-6.8010217731577
chr17	64208294	67095440	0.136185188805723	552	0.0981645072476782	3.16502028702959	23449	1.89517515948443	13	12	1	-6.73863456923909
chr17	67104822	67299860	0.264976650288424	22	0.100874112536798	1.73692933084497	1462	0.633800916691501	6	5	1	-6.73833448766029
chr17	67317376	74343230	0.362891843952696	353	0.116935657084947	0.739413791351675	13809	0.322761789847961	1	1	0	-6.74947177300211
chr17	74343362	74795479	0.498681298939589	63	0.102398404185434	1.02476390689147	2946	0.357739029691821	2	1	1	-6.73798573505972
chr17	74811425	75737234	0.186998967160464	206	0.080973386933164	2.26853202799645	16301	0.980828392155213	9	8	1	-6.74316904716138
chr17	75743294	76545089	0.452328400764545	135	0.105502201056948	1.10245534162669	8732	0.389830154907036	3	2	1	-6.87769876954072
chr17	76550478	76925175	0.294470311914896	78	0.095763233566421	1.44764599790719	2876	0.533628550871989	5	4	1	-6.74860552494425
chr17	76926496	77223861	0.163373730562713	108	0.0817507477183513	2.91742722072712	2950	1.74116642220111	11	10	1	-6.73386835007923
chr17	77232789	78662115	0.21650567454446	287	0.0891820094699001	2.02805401745056	10913	1.38844519912274	7	6	1	-6.7474665622135
chr17	78675920	79770588	0.387324645669202	70	0.0899109854256255	1.14036842877873	3570	0.749642635412775	3	2	1	-6.75946287229202
chr17	79778348	80309284	0.345575899547021	106	0.115117457887638	0.693873476502063	2875	0.228417805819049	1	1	0	-6.76645647271273
chr17	80319145	80934522	0.242062279744022	99	0.0875611751281156	1.89015591045548	4431	0.685023873210224	6	5	1	-6.75218913803408
chr17	80940745	81859050	0.428077349261753	113	0.107758826096844	1.07965759150573	7459	0.783362867972798	3	2	1	-6.7718012393108
chr17	81940768	82312134	0.160778404135737	232	0.0890701227708455	2.79752025602365	8294	1.24055581208046	11	10	1	-6.73405821406198
chr17	82323064	82491140	0.307228477594817	49	0.103829657560428	1.40899959304428	1797	0.527281941626582	5	4	1	-6.75400761359011
chr17	82493966	83160952	0.141830558291882	257	0.0825647622312658	2.98278284230279	7407	3.07807327916679	13	12	1	-6.73460771530686
chr18	47554	15348315	0.34243861891708	826	0.116042233634108	0.771149664047868	26693	0.359467447581057	1	1	0	-6.80310466619961
chr18	20946254	80257347	0.498900886890958	2351	0.0926994397264416	1.05908797207038	89214	0.789260880584998	2	1	1	-7.0849110388283
chr19	107329	24394098	0.498912202052941	3876	0.101718625825893	0.797009971072984	157463	0.483232636061565	1	1	0	-8.09521059740232
chr19	27392127	32289990	0.498737550385934	164	0.103767071270485	1.00882379303509	5024	0.422095315558219	2	1	1	-6.75018072413426
chr19	32297434	44397585	0.498895030985814	1841	0.0933761008445766	0.832036880220031	72667	0.52123304228705	2	1	1	-7.35252757232178
chr19	44443000	53644791	0.498896708880854	1983	0.0995939371278137	0.788796762803373	65793	0.391640849763122	1	1	0	-7.98989505185524
chr19	53647167	58548362	0.498880993914129	1121	0.0984147757045256	0.828536694308849	36259	0.360952805180972	2	1	1	-7.29009666288966
chr20	73765	26168423	0.498886731537409	1350	0.0977882270213851	1.01702832881104	52986	0.690570446742483	2	1	1	-6.78598109352385
chr20	28559257	31529302	0.498750167945558	567	0.12325250297295	0.865155773369811	3742	0.624331479767669	2	1	1	-6.79974889881691
chr20	31529545	64302708	0.498890760576865	2105	0.0985034766877498	1.02523912637456	111268	0.489319838858067	2	1	1	-6.91919451982439
chr21	5218123	13035101	0.496221967371457	717	0.13291506612315	0.807241915623034	4624	0.362610892849119	1	1	0	-7.61752583436643
chr21	13227789	26089901	0.498828961324998	576	0.115917991167586	1.27989271777972	13927	0.809141851980403	4	2	2	-6.88522529645139
chr21	26190966	26789791	0.179771324275528	38	0.110169470513777	2.56158912538881	1264	1.4136440233902	10	9	1	-6.73648451337646
chr21	26823119	43978607	0.498883040064848	1044	0.0941143313002936	0.996882573829731	41230	0.531732063891656	2	1	1	-6.7480804793283
chr21	44093618	44297529	0.174314578181693	20	0.0642695597914711	2.43746863445716	1067	1.01998313675987	10	9	1	-6.73551913828312
chr21	44304103	45824033	0.498844478780067	150	0.091696364276216	0.991489682116133	6096	0.276726758602091	2	1	1	-6.73575937600305
chr21	45900891	46155572	0.205120730718887	61	0.0722401391535068	2.39559249684889	3085	1.29721327873196	8	7	1	-6.73369117097069
chr21	46334596	46692843	0.498644695975424	11	0.112427997160203	1.03897681886224	2248	0.728339743393388	2	1	1	-6.73465703514505
chr22	10684424	12789134	0.364818712911381	718	0.121761804904493	0.821796782996724	3439	0.332656499536596	1	1	0	-6.84806717420705
chr22	15346225	50744589	0.49891012217566	3501	0.0971420818102653	0.897121437398282	132556	0.638273283709056	2	1	1	-7.0890470921332
chr22	50772964	50808384	0.280735396557595	9	0.11325426163186	1.40107940323552	218	0.763420986597605	5	4	1	-6.74144282474903
chrX	284193	3809806	0.498796528979145	532	0.116822698611827	0.796342206562644	9886	0.323986167168952	2	1	1	-7.47458645710773
chrX	3811336	58042585	0.498889860389071	1880	0.0969052389196579	0.959223357263091	101077	0.502617661437498	2	1	1	-6.77551044753677
chrX	63382294	155997942	0.498898915739364	2168	0.0965012555988138	1.03660539907601	146887	0.525435151927067	2	1	1	-7.37002100589062
chrY	10796683	11722122	0.357829467341431	52	0.125929849214064	0.782329978632656	295	0.349931811578378	1	1	0	-6.74747030287153
chrY	19413667	56885614	0.498683605790623	159	0.121641630092182	0.790797209336122	572	0.26294470456868	1	1	0	-8.44484682490223
