chromosome	start.pos	end.pos	Bf	N.BAF	sd.BAF	depth.ratio	N.ratio	sd.ratio	CNt	A	B	LPP
chr1	591452	24090925	0.378334250445132	2018	0.103285665707969	0.849402795852886	87597	0.281610119364164	1	1	0	-6.79399178342242
chr1	24095460	24968082	0.334219349367305	129	0.103501943817645	1.59853737599439	4978	0.71937340701135	5	4	1	-6.73976231584992
chr1	24968116	80176554	0.498903427528736	2615	0.0863869114232188	1.03270663885489	154677	0.381338193390351	2	1	1	-6.96019270405851
chr1	80223406	87046709	0.304567336162319	409	0.103660660233208	1.68899402421137	15043	0.693914953189716	6	5	1	-6.74039163968062
chr1	87072517	88024916	0.411089842996192	29	0.0884012487930874	0.867628532870783	670	0.349537982942211	1	1	0	-6.74099571557448
chr1	88038172	96294560	0.300444218842351	489	0.114810282504904	1.76223734630856	26538	0.78539588005721	7	6	1	-6.75993441328963
chr1	96519809	106298705	0.376911959089894	259	0.0961774996055067	1.30370840432414	12686	0.530090518402146	4	3	1	-6.73647858680782
chr1	106412142	124967729	0.289808304809182	743	0.110351236608634	1.71633883878485	57489	0.876877739099415	7	6	1	-6.77277696862016
chr1	125065988	145502584	0.279933965427562	62	0.132813408114294	1.41292627447663	2780	0.571485217349633	5	5	0	-6.89726529110007
chr1	145518602	156037386	0.378579940845925	986	0.096518354217515	1.36219375171864	65858	0.461800104867191	4	3	1	-6.76218266354999
chr1	156041653	248945585	0.498929430263239	4980	0.0867278418877582	1.01474496787352	222213	0.357082796141453	2	1	1	-6.82530559213413
chr2	692978	87075937	0.498920863614034	3059	0.0858433054785498	1.01514085920127	167945	0.366489972773648	2	1	1	-6.81898138297036
chr2	87099548	91987847	0.498702260794667	226	0.119926252986404	0.984946853811134	7452	0.331786659019862	2	1	1	-6.73922625591452
chr2	94190317	242183401	0.498937235684195	6467	0.0866812461147269	1.0007120994226	291439	0.349603744323628	2	1	1	-6.73348415317894
chr3	13132	90507212	0.341765908846073	2478	0.102875060662327	0.922952443424516	172346	0.308527221112843	2	2	0	-9.12895580534594
chr3	91404517	198119865	0.332386784472878	3688	0.103155245677272	0.90872481149576	177445	0.317273874489401	1	1	0	-9.52791706664127
chr4	46210	49092775	0.498914819285094	1989	0.0908369367903993	1.00253143380139	84116	0.353552289754257	2	1	1	-6.7346153341463
chr4	49102506	49711644	0.493032260990214	144	0.140904784567126	1.06383428144468	1134	0.407340190331742	2	1	1	-6.74291796508555
chr4	51838815	189941972	0.498916647409054	4063	0.0885040815184927	0.983952495128013	186141	0.410311829277711	2	1	1	-6.8593008717013
chr4	189948744	190179746	0.498625859218278	44	0.120115754160156	0.975935508953628	515	0.36701693904525	2	1	1	-6.73371890307488
chr5	163090	45816860	0.498879828805324	1409	0.0902259312020918	0.991298150343897	62392	0.366133109814109	2	1	1	-6.74870378041932
chr5	49600543	181184717	0.498913038944082	4276	0.0908887567050152	0.919268357690504	219767	0.344544534134267	2	1	1	-9.5659766226364
chr6	159973	29935172	0.428683878850183	1788	0.0917073609876945	1.20097693479609	71525	0.468615165737133	3	2	1	-6.82987816270352
chr6	29938947	60855642	0.429262508898142	2434	0.0911046405288543	1.21637109589203	118314	0.402224268646733	3	2	1	-6.98088434203123
chr6	61181989	170697568	0.498910524935312	2613	0.0874127665056653	0.993468006584076	164457	0.354703630187281	2	1	1	-6.75549519093024
chr7	119306	58091628	0.498905350875178	2380	0.0908402112214915	1.00928273980487	112643	0.363208507816302	2	1	1	-6.75552570305827
chr7	60958090	65812302	0.498754509847616	226	0.115519107632123	0.991862978548193	7556	0.34996750570776	2	1	1	-6.73468792925264
chr7	65812930	65822270	0.137479925410301	26	0.108715804526509	0.803391589584383	69	0.32773529647023	10	10	0	-6.79614015086447
chr7	65834577	158989893	0.498915440138836	4471	0.095109294567584	1.00350673306282	220269	0.376380842998478	2	1	1	-6.73792839597302
chr8	213553	12137553	0.49887793910287	693	0.094402214017083	1.00251553458805	17329	0.3643374009638	2	1	1	-6.7334536515808
chr8	12185274	12664387	0.2531175001572	84	0.130515924800409	1.02977367608993	859	0.380090931542392	3	3	0	-6.81691070588161
chr8	12703576	43542253	0.498891775023767	1317	0.0827839065588949	1.01080458914718	67141	0.369296843510015	2	1	1	-6.74875454843325
chr8	45952307	145072625	0.498926004026357	3460	0.0855949974859925	1.00482363832109	151666	0.365975993176381	2	1	1	-6.74337235517664
chr9	10368	43242683	0.33111795806115	1679	0.112693984677097	0.900704357782583	64338	0.329021490479383	1	1	0	-7.96425649338303
chr9	61160803	138220869	0.336427559698279	3504	0.101633984062398	0.924975020971253	180350	0.320333318835647	2	2	0	-8.68073835847381
chr10	47663	39967657	0.498895208552773	1868	0.0975959916860899	0.998887653271385	75735	0.385960641358801	2	1	1	-6.73330711850788
chr10	41858469	42280898	0.318172002412654	66	0.140303184864007	1.09276647531366	399	0.865990723972185	2	2	0	-6.75017566572429
chr10	42283185	133689399	0.498922658247805	4370	0.0906047106465029	1.00449734805381	196884	0.351893510719419	2	1	1	-6.7420044344334
chr11	192997	50512765	0.498923219731338	2997	0.083648505596926	1.00319008961429	123525	0.329189381154391	2	1	1	-6.73594746382663
chr11	54591430	135057684	0.498926748279312	3598	0.0855845683427162	1.01874611877561	221852	0.334504432342217	2	1	1	-6.87832756963145
chr12	13488	34265856	0.498911429679822	2371	0.0848346624727341	1.01027781348119	87711	0.351003539303335	2	1	1	-6.75050642931146
chr12	37418148	132821865	0.498927621351772	4674	0.0890572547159793	1.00425062243548	258011	0.349996676504916	2	1	1	-6.74149729270617
chr13	18177561	114299210	0.413109610584822	3380	0.0969013467338043	1.02257025437094	136968	0.387361745111685	2	2	0	-7.24203483108275
chr14	16037128	16402213	0.498906344577934	4	0.174036394661193	1.16887831085701	42	0.668711823511145	4	2	2	-6.74028687300366
chr14	18329957	19893584	0.276020390178755	111	0.102085828898611	0.987401508543497	2401	0.318315174209833	2	2	0	-6.96138937707279
chr14	19921715	106865837	0.498922809665372	4125	0.0886306368931146	1.01586739773614	209920	0.357152288146953	2	1	1	-6.83275307213909
chr15	20003753	58969506	0.427025509884156	962	0.110664734342262	0.897600013937752	94139	0.313654413652459	1	1	0	-7.65398424440991
chr15	61855008	86030661	0.498880690811303	847	0.0884222347454388	1.03502000945412	78482	0.361858930265853	2	1	1	-6.86155619409962
chr15	86032582	90698085	0.378877620013698	216	0.0988090624080276	0.829630693585842	11271	0.286318043872947	1	1	0	-6.77919138964052
chr15	90748355	101954140	0.487508801855532	628	0.0864659967927702	1.01439621995069	19403	0.370576508109929	2	1	1	-6.75550639178864
chr16	11651	32918643	0.498911939642157	2612	0.0913170370165644	1.03671441325269	140051	0.359834087664596	2	1	1	-6.92504573235831
chr16	32956409	35591612	0.427341917962478	87	0.116603094911111	1.05325754323053	2843	0.391397510184632	3	2	1	-6.82830669818812
chr16	46386256	46401496	0.49363980895103	68	0.108988444909508	1.27142617499548	1248	0.289797393373356	4	2	2	-6.73522539896363
chr16	46401545	90095477	0.498910326863377	2428	0.0855137914570139	1.02263605168774	128993	0.358254681010881	2	1	1	-6.83372823732307
chr17	137603	20488587	0.498907948694343	2149	0.0831443565451675	1.04033104220452	105111	0.346518100106581	2	1	1	-6.88801280472601
chr17	20488782	23016365	0.429004486007478	372	0.103621727390199	1.03039039562581	5286	0.395350081501556	3	2	1	-6.86647376717295
chr17	25389924	83158687	0.498920674598199	3830	0.0909770271552437	1.03648118655689	253168	0.355112874151761	2	1	1	-7.06668056521123
chr18	47492	15341512	0.49887338457819	842	0.0934886404293279	1.00781870024986	30706	0.389687570438365	2	1	1	-6.7367765080805
chr18	20946254	80250451	0.498893402473028	1740	0.0885053336172923	0.993487995292271	80896	0.364943948712617	2	1	1	-6.74451878484078
chr19	273592	24394022	0.498931047476995	4538	0.08673559061587	1.03071182566681	192086	0.356169051925998	2	1	1	-6.83571199651963
chr19	27646333	49462824	0.498916250473519	2445	0.08930365035543	1.03377225089255	133703	0.498708392818094	2	1	1	-6.79061325509773
chr19	49462859	49463429	0.151533193743025	9	0.0410105000104987	0.955149848627232	24	0.338885425360459	10	10	0	-6.73735522128348
chr19	49464423	56816135	0.498904059208245	1729	0.0871813563639458	1.03248324423284	63589	0.321638032745351	2	1	1	-6.77637267097827
chr20	96321	26132933	0.479013086274986	1381	0.085500296883344	1.01056768609059	51360	0.356694524183171	2	1	1	-6.78249234088352
chr20	28559257	64327831	0.498905629195957	2873	0.100471278595068	1.0312923142057	113999	0.469673322744011	2	1	1	-6.82405333546811
chr21	5034028	13173684	0.350937040262618	727	0.123654651801663	0.971984413322584	5122	0.403511433086483	2	2	0	-6.76184805530608
chr21	13227652	46658699	0.498905218424138	1729	0.0875457010350791	1.00431974401737	65826	0.359674074157836	2	1	1	-6.73599803556539
chr22	10684460	12816364	0.400877235962666	676	0.122629384350579	0.999687194321301	3645	0.429199794143033	2	2	0	-6.87736903712288
chr22	15562384	16136832	0.255302127046262	30	0.096748762206582	0.967413225425898	534	0.443720927464097	3	3	0	-6.88040885608687
chr22	16137169	50808384	0.4989101639011	2740	0.0889627459385844	1.02516937811303	143269	0.354347475505251	2	1	1	-6.83375557603044
chrX	278607	52862789	0.400696576924425	512	0.108855749256201	0.984742650822483	45943	0.330699157039769	2	2	0	-6.9814682357904
chrX	65956689	155985430	0.440451702745188	42	0.118614604945546	1.00301732125731	63496	0.309501994517899	2	1	1	-6.88566470177169
chrX	155985435	156010165	0.28441630178333	9	0.0778151299198584	0.65688180260211	127	0.209827239214098	3	3	0	-6.84755350629776
chrY	3852176	11856390	0.481971509506919	107	0.133431191679706	0.667521759004043	1792	0.313508467627648	0	0	0	-6.76068412873692
chrY	19413653	56887153	0.436275068829086	218	0.11891806833219	0.73655714878058	1821	0.321391717399028	0	0	0	-8.04222713967028
