chromosome	start.pos	end.pos	Bf	N.BAF	sd.BAF	depth.ratio	N.ratio	sd.ratio	CNt	A	B	LPP
chr1	69511	34039880	0.329151771286349	4101	0.107421754867703	1.12623092555693	154452	0.381736010967652	3	3	0	-6.89361360241143
chr1	34054444	124250861	0.498868627192393	3476	0.104856223507551	0.92506351828934	168637	0.314488562051075	1	1	0	-7.79756022654175
chr1	125094663	146991176	0.423991682458043	73	0.131688192564416	0.893648152579028	5953	0.302357788889425	1	1	0	-6.75489080266931
chr1	147025931	248945585	0.498923735338964	6132	0.0948330435063282	1.02262902823417	252732	0.33556141711252	2	1	1	-7.26779706896767
chr2	41366	92006082	0.498892397010611	4248	0.0999553488290005	1.07948186618386	174395	0.375071345385698	3	2	1	-6.92432466219114
chr2	94190317	242183350	0.498916546265685	6135	0.0975878326120065	0.992153979363851	268102	0.335906664099687	2	1	1	-6.73831798487612
chr3	10374	90613961	0.498913040943352	3998	0.100582208014047	1.02446992292751	177364	0.34357083968193	2	1	1	-7.23997452163766
chr3	91404436	198119765	0.498876158711584	3959	0.108490999189223	0.925949789944229	168898	0.321816154044165	1	1	0	-7.92189954216426
chr4	46210	49023704	0.498876703521043	2394	0.101866451384452	0.966493683307818	77941	0.339585462787819	2	1	1	-6.87210333943422
chr4	49092775	49711644	0.343590050226052	145	0.139845304174351	0.986908793216062	1451	0.367507204004072	3	3	0	-6.76771712288337
chr4	51837352	52885765	0.451501958647388	48	0.108515245521716	1.24213066070762	1856	0.483100243204691	5	3	2	-6.74260958295597
chr4	52956255	54220977	0.247512139350857	90	0.09246343947988	1.996339182552	3062	0.82959593889579	12	11	1	-6.73422883498784
chr4	54221414	54894731	0.136235782343137	85	0.0807744291428998	3.43630199830098	2912	1.43099885782344	20	20	0	-6.73968999665067
chr4	54936983	190179679	0.498894922830293	4689	0.104028639159243	0.894158831822721	157111	0.314008067457402	1	1	0	-6.98483039317318
chr5	58699	46381447	0.498868870774316	1695	0.101603486964517	1.0268732769276	59836	0.356930860302167	2	1	1	-7.01738826907406
chr5	49601562	181247152	0.498895743625407	4844	0.102433056759866	0.950413188122128	213191	0.327687408963976	2	1	1	-7.7432170222697
chr6	231223	32473401	0.498901283205253	2390	0.098017310169271	0.994184679959297	80057	0.333594318975307	2	1	1	-6.73681300605622
chr6	32473416	60873573	0.498893897399683	1774	0.0951894551033363	1.00298401958389	73340	0.320259164740893	2	1	1	-6.76293516717438
chr6	61479262	69713847	0.498889927898035	108	0.100114580860113	1.15757030608534	5304	0.429295747741964	4	2	2	-6.76365653271153
chr6	69738101	72895214	0.331346105592216	134	0.104932428519711	1.64726775268196	5806	0.600709644063967	9	7	2	-6.75840161139954
chr6	72923028	73322094	0.158747527684676	28	0.0833529103988437	2.73977780572346	2137	1.26556719752975	16	16	0	-6.73509422233756
chr6	73346178	170640022	0.49888374585584	3897	0.106736508954713	0.883147128141183	133005	0.315722230211784	1	1	0	-6.90738755140858
chr7	35411	58100473	0.498907595982137	4193	0.0946343991660486	1.20253817479736	121248	0.449572356426991	4	2	2	-6.73624537627159
chr7	60958067	151606543	0.498900820246652	5952	0.102296908667291	0.993435256600808	198239	0.350779239201831	2	1	1	-6.739697379747
chr7	151610274	159263155	0.466271829440444	488	0.119645012302066	0.888441145458364	13748	0.317065004049982	1	1	0	-6.75940738854517
chr8	213387	43438973	0.498887637123157	2550	0.0981318206697277	0.991240661024246	80271	0.348870805710972	2	1	1	-6.7336898730493
chr8	46035950	145055416	0.498897240420676	3675	0.0988330442031665	1.00220262273094	140572	0.352487572339453	2	1	1	-6.80869091653679
chr9	12704	1140535	0.498963821025051	107	0.0973363145896461	0.724444003582246	2216	0.257109015796455	0	0	0	-6.79191921574873
chr9	1147359	43242683	0.498833586094027	1985	0.11350765178387	0.966052147201523	62429	0.344918510168526	2	1	1	-6.85378858598102
chr9	61173464	90127547	0.352784549541739	1022	0.115706657125971	1.03175513550793	38605	0.371452270443927	2	2	0	-7.02330665560395
chr9	90206898	138175541	0.433988328417024	3572	0.102994327490724	0.907772258036055	136885	0.299750797174961	1	1	0	-6.92425230689561
chr10	47876	35697969	0.498872052340562	2044	0.104920990699907	0.829626663910974	60659	0.30530465641156	0	0	0	-7.44979720993656
chr10	35716864	39475690	0.393491307398025	169	0.125062555212414	1.28858218832914	5121	0.587627220617078	5	4	1	-6.74040298294014
chr10	41859763	133787106	0.498911190627877	4922	0.0996660853226972	0.949693422115195	180793	0.323130261877666	2	1	1	-7.5164262025348
chr11	197557	50512765	0.498913601048665	3205	0.0935886543188275	0.968335930578774	113115	0.3120239703905	2	1	1	-6.87599129354405
chr11	54603136	60893229	0.498843702371506	318	0.0867897734980466	0.918121556334644	15799	0.27541650286792	2	1	1	-7.00052549252993
chr11	60921973	63791131	0.413381715480121	391	0.0992254124914445	1.26660337777518	21540	0.376831904710804	4	3	1	-6.77103921749683
chr11	63795114	66449204	0.49883988295208	465	0.0906340782086963	0.935216962280466	22290	0.265404028851155	2	1	1	-6.80450365660691
chr11	66455687	70300813	0.403036130174596	516	0.0964935670691986	1.32794871787365	23578	0.430148455448253	5	4	1	-6.77147482989528
chr11	70332993	75551448	0.314891964829331	446	0.103592455058754	1.58328498802294	27228	0.561388494688517	8	7	1	-6.7401800019872
chr11	75560368	79735324	0.234175409975587	353	0.0984747293719443	2.15481811377724	19408	0.825905359641752	13	12	1	-6.73371225739332
chr11	79793741	97286963	0.494083481094731	423	0.105105934248817	0.889315228329683	19348	0.303626777561686	1	1	0	-6.88232822333271
chr11	97616431	109129033	0.166071593476677	1037	0.091704824014176	3.01950961129652	39189	1.44062042295716	20	19	1	-6.74625675987096
chr11	109288355	135028117	0.466907956359432	1526	0.103607452291508	0.897308140207519	55946	0.292407624262854	1	1	0	-6.79984677289739
chr12	12728	32732700	0.498892318470934	2235	0.0989152528004943	0.950969925579131	78170	0.317573939166748	2	1	1	-7.02690541406781
chr12	38134084	133262441	0.498920089590296	5594	0.0946611351336192	1.00267541039685	244831	0.337800758626918	2	1	1	-6.81804721360972
chr13	18177561	114346352	0.498886933334145	3453	0.101674854900683	0.924808905835591	119080	0.330125225832144	1	1	0	-7.77395944071736
chr14	16098268	16402273	0.425736764949824	4	0.0474411916657525	1.09705850448457	24	0.4682472405267	4	3	1	-6.78085494562563
chr14	18330642	19680240	0.370218232861128	68	0.140154379951148	1.0361123203142	877	0.347148454437983	3	3	0	-6.75746323232064
chr14	19733402	106874941	0.498908251422204	5245	0.0957689826278747	0.99729878978363	200116	0.34453288874299	2	1	1	-6.75942902924074
chr15	19848395	22585927	0.297401296986966	433	0.118689933014013	0.98687581109975	4666	0.313606282028758	3	3	0	-7.05374669725832
chr15	22608113	48249798	0.430018763638424	1846	0.106152646843486	0.892642301940642	66754	0.298544992846344	1	1	0	-6.75036968151166
chr15	48251855	101876423	0.412386993366823	3390	0.106170130340657	1.01570067299244	138919	0.344339303868934	2	2	0	-6.92753663647152
chr16	11641	35645048	0.41906553928492	3318	0.110883673495076	0.906620921657873	125995	0.29871467958085	1	1	0	-6.88505028062885
chr16	46386441	90102279	0.426511063178768	3449	0.105673582420352	0.88868592019461	115342	0.297964575674547	1	1	0	-6.74818082964632
chr17	132095	12474478	0.430358947240767	2028	0.105002297917363	0.899384214418885	65223	0.288837012674954	1	1	0	-6.76039775420023
chr17	12508989	12740251	0.246028945706468	28	0.0938763399146302	2.20581440972386	810	0.920531201129155	12	11	1	-6.73448478721167
chr17	12767026	22129947	0.498855664453652	1215	0.102542360459332	0.989050046690906	32360	0.333157084659643	2	1	1	-6.7331202152668
chr17	22129953	22661501	0.424023805289442	68	0.0880277163232619	1.18384234768723	829	0.425071812295496	4	3	1	-6.7422782624077
chr17	26603729	81378362	0.498912501072342	5225	0.0964434618238868	1.08353632837836	236872	0.364790736944838	3	2	1	-6.88959272755073
chr17	81384878	83135759	0.376573659066737	478	0.102136696705486	1.04454936177952	13591	0.313330303368507	3	3	0	-6.77632523513845
chr18	49125	15341512	0.437822829336271	1091	0.114086282528102	0.966430985950764	29322	0.347975971628672	2	2	0	-6.85863454710259
chr18	20954676	34997581	0.499033624937976	442	0.0895286654220875	1.04023465883308	23351	0.37622513497727	2	1	1	-6.87776800266702
chr18	35005403	72328684	0.41339248690293	1413	0.096472006727624	1.27047637952176	53846	0.458898491463086	5	4	1	-6.86371010525719
chr18	72404717	80174696	0.000158677202397789	361	0.0847426134934788	1.08783569573021	10235	0.381444163266112	4	4	0	-11.147086154626
chr19	107381	24394204	0.498922010668401	4658	0.0942379077080196	1.03655426784376	180176	0.340816685646086	2	1	1	-6.99123891527019
chr19	27392054	58599093	0.498923916204684	5466	0.0953771197136123	0.994380588050588	196808	0.312188519944006	2	1	1	-6.73756041845599
chr20	82090	26081167	0.498888441759901	1439	0.0976955285565993	1.00036562505344	49454	0.340882750297653	2	1	1	-6.74877617722815
chr20	28559257	64322547	0.498891738246396	3121	0.105827992495159	1.03240655136307	112814	0.350158914587117	2	1	1	-7.03154749411821
chr21	5142460	13036312	0.409443814282063	780	0.121723188033827	0.964370470846421	4956	0.34014436169533	2	2	0	-6.76865008727746
chr21	13238671	46697396	0.498895576204501	2073	0.0973059568807007	1.10509664142001	67449	0.391908238673089	3	2	1	-6.8809708924235
chr22	10667047	12813658	0.456469689555322	753	0.121596703172534	0.984446267980514	3543	0.346452928196537	2	1	1	-6.8092473763102
chr22	15563763	50808384	0.498895281751223	3778	0.0991687018317468	1.03622367014854	143354	0.353553375615365	2	1	1	-7.07176870432673
chrX	255744	52862624	0.498789760150973	696	0.11752462160066	1.01613590231593	44439	0.335234027947555	2	1	1	-6.92354917051852
chrX	65956625	155990989	0.498657599930034	54	0.121849995419154	1.03843040372059	59045	0.320735115918162	2	1	1	-7.7554232520406
chrY	3852176	11856425	0.459899025083452	162	0.140268508190544	0.994033911996462	2358	0.356187484719141	2	1	1	-6.78242779679212
chrY	19315919	56887153	0.388170472737375	221	0.129634019218369	0.984654895208414	2110	0.348262925101669	2	2	0	-6.7393596641687
