chromosome	start.pos	end.pos	Bf	N.BAF	sd.BAF	depth.ratio	N.ratio	sd.ratio	CNt	A	B	LPP
chr1	108297	12827690	0.477013397222183	1303	0.0858008832043735	1.01234882930825	58942	0.342942145640065	4	2	2	-7.02578853576764
chr1	12828529	13323202	0.27824415835372	125	0.113673797587942	1.03709987723712	1122	0.386840064377789	4	3	1	-6.75555426275696
chr1	13326006	16457227	0.498868178196265	342	0.0834390168466482	1.02316891231762	14111	0.37883497572018	4	2	2	-6.76935289985865
chr1	16464895	16948559	0.367951316394818	234	0.120228656504318	1.00777872789525	3060	0.35877275892877	3	2	1	-6.86234231136474
chr1	16953455	124714966	0.498929241220081	5407	0.0870412716510797	1.05142263146621	296027	0.379839484838987	4	2	2	-7.01153990654279
chr1	125065988	143267518	0.359864760841147	57	0.149800751124933	2.0545225444559	1984	1.01681997747029	8	5	3	-6.75244136547388
chr1	143281112	215021911	0.498926498705988	3551	0.0862012851290673	1.05197462027478	215152	0.360145886315646	4	2	2	-6.93353009077414
chr1	215195171	233963632	0.028307123617006	609	0.0608696210093207	0.549903062300571	29475	0.18526795259741	2	2	0	-6.77282065261904
chr1	234130319	248829580	0.498889457511396	1168	0.0879670616696747	1.06769088120526	39619	0.398917461475499	4	2	2	-6.73884190175183
chr2	119437	92012853	0.348578560827137	3672	0.105449468285608	0.823524621696941	159905	0.293676224459831	3	2	1	-6.77361686414301
chr2	94190317	242183390	0.343821920649861	5453	0.101115112205894	0.835080578520219	269228	0.284852013696971	3	2	1	-7.20288244038969
chr3	13132	90303850	0.498921902150852	3688	0.0861613298616773	1.04441150319126	206387	0.374584086754179	4	2	2	-7.10901896729648
chr3	91496960	198058940	0.498926557456239	5700	0.0880755228601376	1.07420648059939	216972	0.397659267345155	4	2	2	-6.73983188938015
chr4	46210	49711673	0.354189475984308	2034	0.11191002587189	0.813269165775812	77767	0.285287955008594	3	2	1	-6.75135075031452
chr4	52493444	190179746	0.34360472657711	3691	0.106340941467721	0.833288771456211	172282	0.297431463767439	3	2	1	-7.06573555908456
chr5	11579	46206800	0.498897680293841	2062	0.0899537579386048	1.07827625939932	71656	0.415367618637585	4	2	2	-6.7331338497669
chr5	49600470	49666191	0.299623361107611	60	0.134205394277232	0.802375795036932	546	0.458574907114081	3	2	1	-6.7872766224739
chr5	50190403	181307644	0.498936135526029	6061	0.0886614919602336	1.0706267660849	267601	0.393056419541885	4	2	2	-6.76098373015406
chr6	203722	375460	0.314564030504033	21	0.118101429369198	0.777879108723294	375	0.220353188282931	3	2	1	-6.76620685178804
chr6	407656	7131203	0.0619863072477231	221	0.0734160433812033	0.564859536677936	7097	0.198919242916475	2	2	0	-6.8703199443866
chr6	7223333	8082470	0.155199006924918	349	0.0925749822710716	3.38039693607549	10319	1.83317189679001	13	11	2	-6.73334653542782
chr6	8093988	9289835	0.104962213577022	129	0.0879914796130632	4.25133804071659	4818	2.90485860995203	19	17	2	-6.73592401082313
chr6	9415087	9898461	0.197923408802114	26	0.0973661448032434	2.36083585760484	987	1.19369146269672	10	8	2	-6.73785435791393
chr6	10130756	11520029	0.411711106257116	124	0.105896664382814	1.32149061469888	5803	0.489750429503821	5	3	2	-6.73824140195649
chr6	11526810	12621762	0.135479228011515	132	0.0879487064118561	3.8488038726971	6404	2.56693706647606	15	13	2	-6.73317062149481
chr6	12625034	14603939	0.222042053917329	220	0.106727916464065	2.61950675589428	9071	1.70676394891439	9	7	2	-6.73747863736912
chr6	14647996	23230524	0.01927301442808	387	0.097010673148043	1.00091481016084	15345	0.419632754335742	4	4	0	-6.89303771158743
chr6	23432911	24468513	0.344831762424846	80	0.103533321854257	1.64951651398182	2331	0.857608113784499	6	4	2	-6.73737959916661
chr6	24473673	25309222	0.424377149867633	93	0.0805468613149835	1.30903069465037	3802	0.531443081557074	5	3	2	-6.77797461481617
chr6	25323270	25689259	0.255180685298885	55	0.107211069708372	2.24689726064888	1812	1.00796883494565	8	6	2	-6.73379750537182
chr6	25701490	25819630	0.461448583327595	23	0.111847492864521	1.35985015130341	555	0.490685107178992	7	4	3	-6.80952763449613
chr6	25834430	26110378	0.257509680808377	9	0.134771102243767	2.99743038245018	3144	1.82791092845449	12	9	3	-6.7339693214382
chr6	26157175	32980649	0.498878289775061	797	0.0947140709439129	1.08312466821327	44909	0.317785634343369	4	2	2	-6.73382582387804
chr6	32997586	33027839	0.171118376651278	16	0.0832585330962138	2.85998914402103	321	0.939292507891775	12	10	2	-6.73332333382174
chr6	33032358	33440765	0.499123259514507	106	0.0706613985389907	1.03113975673972	5149	0.59358083652618	4	2	2	-6.73452976108087
chr6	33454768	33566596	0.151651373986871	56	0.12567802476603	3.07088541444464	1642	1.72672258976934	13	11	2	-6.73447998178191
chr6	33574746	44713984	0.498893402932746	797	0.0888699373194314	1.00432092289204	50419	0.335985047473429	4	2	2	-7.02031446537788
chr6	44839943	53213032	0.34438214953914	265	0.0927042948189191	0.831512859442554	12430	0.289788357138053	3	2	1	-6.75205307375243
chr6	53243339	60365099	0.499103145339229	87	0.0920245440453953	1.05656641166167	10059	0.362193107212036	4	2	2	-6.74692415859272
chr6	61908381	64593207	0.0508339648564337	33	0.0618350230513224	0.734935284507022	1842	0.262688854546334	3	3	0	-7.12728852690066
chr6	64707392	70217195	0.434150078779167	95	0.07635927339766	1.04808235247345	3961	0.424081746694882	4	2	2	-7.16411681535193
chr6	70234739	73209470	0.0542356702429804	52	0.128877787701744	0.684101413494832	3145	0.312057890257381	3	3	0	-7.30430010672636
chr6	73356031	73429554	0.410888660227456	10	0.0542725631522145	1.00540916153015	571	0.319072197436095	5	3	2	-6.78289567014808
chr6	73544794	73812064	0.0323122502584462	15	0.0699853726213727	0.610112859510658	805	0.317881828410879	2	2	0	-6.74735479718675
chr6	73820692	75200315	0.453590784810512	36	0.0663352715677584	1.05282258576476	1626	0.362788040493223	4	2	2	-7.0168833369303
chr6	75237910	86815681	0.0553770708706826	172	0.123358588364448	0.628503532944497	9815	0.260433964214648	2	2	0	-8.00113824780031
chr6	86897334	88987902	0.498730452013572	123	0.116923631254686	0.953520946331716	4414	0.401565981859405	4	2	2	-6.84899986726735
chr6	89032207	100136458	0.0419477577907609	122	0.0547905948186848	0.604199908897308	9232	0.246216253032882	2	2	0	-7.43914845095366
chr6	100394455	101841605	0.241560550601184	82	0.113415253484595	2.16211178194336	2853	1.10769536370734	8	6	2	-6.7403801577915
chr6	101963598	105288627	0.0277712412520876	23	0.0534374888761748	0.569304329895651	1712	0.215018331154351	2	2	0	-6.75819058754376
chr6	105537963	106243531	0.499128802531914	15	0.0973079549432527	1.29617864266586	1175	0.506571457041195	4	2	2	-6.78827476608631
chr6	106405673	121256224	0.0247429124862678	281	0.0659719504491112	0.557955376151796	18393	0.196728748001966	2	2	0	-6.73974139567673
chr6	121308021	122594495	0.499277424639103	49	0.0608010724260951	1.03772663538673	1579	0.427202583090449	4	2	2	-6.73941831139139
chr6	122701351	126013315	0.0268635569340614	78	0.0364798467757092	0.565053649435837	2688	0.197625621892716	2	2	0	-6.75077558368753
chr6	126077602	127155371	0.225704131716946	24	0.0817067485194656	1.27666984173074	772	0.502045461838975	5	4	1	-6.76875719849325
chr6	127224768	131356805	0.0267596293425512	149	0.0758175023956107	0.565636514487193	4923	0.222742905255529	2	2	0	-6.74891534845603
chr6	131357408	131709826	0.269212985651865	40	0.0896119268618717	1.03312957580847	1300	0.293952588232558	4	3	1	-6.74739765410943
chr6	131722471	131950600	0.0233261327044173	17	0.0425588692629536	0.561031386035199	627	0.161723795781122	2	2	0	-6.74817674885905
chr6	131989969	132734471	0.474740357857711	39	0.150147579223105	0.9344399738374	1463	0.320536798908293	4	2	2	-6.83814255966813
chr6	132753524	138651048	0.0263414790819891	158	0.0816701402696143	0.645679603791687	8177	0.300015442304417	2	2	0	-7.50555778143025
chr6	138671223	139014591	0.499090264323959	42	0.0840186639295207	1.07924720328673	1588	0.477403048456486	4	2	2	-6.73310039777597
chr6	139077665	140360140	0.274696419666587	66	0.114893424823177	1.88918900877959	3215	1.09463624609253	7	5	2	-6.74317399894961
chr6	140386777	142770632	0.221357338107912	119	0.104442501639403	2.50647772232535	5344	1.68377632967686	9	7	2	-6.73551236694721
chr6	142775534	147333424	0.160792646708992	317	0.0953677218764998	3.18736899679125	20775	1.77402830027734	13	11	2	-6.73856258611577
chr6	147407218	170404415	0.0260929453610157	989	0.0582985146291441	0.543898263107462	31679	0.18263126002775	2	2	0	-6.92894224086107
chr7	31439	5925657	0.498870907399994	775	0.0908576048518955	1.00792091241404	25027	0.36484858957899	4	2	2	-6.85272337008044
chr7	5925703	6565412	0.328110689737818	78	0.10687369576508	1.47307691793605	6498	0.590946830307227	6	4	2	-6.74463504108387
chr7	6566580	58091558	0.498911605169054	2766	0.0871590818423496	1.06278943200309	96113	0.402613159531269	4	2	2	-6.77439993963348
chr7	60958181	60985028	0.0897732955608728	9	0.0912702032428985	0.958678808967366	25	0.410074842762473	10	9	1	-6.8469504679085
chr7	61000197	65768586	0.498932576156641	193	0.105922214591848	1.06760247745042	8299	0.387230344571427	4	2	2	-6.73509215857503
chr7	65778538	65813452	0.253795491129311	69	0.116366502183186	1.01150005010942	251	0.445042639472003	4	3	1	-6.73415248847477
chr7	65815474	152099130	0.498920978798272	5502	0.0887168781738849	1.05301320932881	229273	0.386239118467731	4	2	2	-6.92668375253768
chr7	152231653	152416418	0.366740072985136	130	0.133579929015917	1.06462041687295	1080	0.453594165794132	3	2	1	-6.79416307969485
chr7	152439740	159260906	0.498854489773391	462	0.0841950741700699	1.05127189717861	13808	0.389973860003901	4	2	2	-6.75080604185877
chr8	213553	11999355	0.498863664963219	821	0.0957569920217218	1.04118562555084	19313	0.386322477493608	4	2	2	-6.79157964864394
chr8	12016374	12598353	0.498546215055304	59	0.126649576143573	1.01389830546798	846	0.323489904487646	4	2	2	-6.74584928106351
chr8	12639777	43500515	0.498910634807307	1641	0.0882146770946646	1.0563378128867	76214	0.394897401737089	4	2	2	-6.78430584177031
chr8	46579451	145066250	0.498926811373658	3610	0.0894986003034044	1.06538463191191	170743	0.404754456632014	4	2	2	-6.78739918933692
chr9	10362	13165219	0.4988709850187	777	0.086913810516764	1.11346244412066	20369	0.453422757156714	4	2	2	-6.77174139430773
chr9	13178115	15214239	0.277192630310082	139	0.102842770730892	1.85078028397417	5514	0.789833259850809	7	5	2	-6.74176144512641
chr9	15291360	38802917	0.0308488923700584	638	0.0636988138603942	0.549334187389667	31895	0.192025568191419	2	2	0	-6.78790329095082
chr9	38928949	43242683	0.492940981743667	281	0.169080579454751	0.610180005194953	2353	0.295418890200015	2	1	1	-6.98034085223565
chr9	61221196	67800317	0.322569586286625	208	0.159215494737164	0.600372355558408	2138	0.295666634306279	2	1	1	-7.65389203306158
chr9	67881655	107117236	0.0270653365647349	1110	0.0605682312987054	0.552403866705623	50037	0.192839833138981	2	2	0	-6.76063586368503
chr9	107159284	107409369	0.467836067699977	15	0.0852933313979023	1.59273548509697	848	0.630675205300536	6	3	3	-6.81717125681754
chr9	107442910	108737940	0.134038862432338	142	0.0955426732269509	3.560351105689	5380	2.2499186866604	15	13	2	-6.73508415832853
chr9	108739335	109799620	0.183692368961856	234	0.0924979436289487	2.94818557702273	9138	1.53498232536542	11	9	2	-6.73330240394951
chr9	109799639	111972672	0.0860528675387878	396	0.0691490319554875	5.85092057557558	25289	37.5596837400984	12	11	1	-6.73372561891006
chr9	111973743	112943838	0.13014104331354	349	0.0826228050374812	4.04716650372409	10870	2.42437942444264	16	14	2	-6.73360677168633
chr9	112943912	113264604	0.0892428590283262	75	0.0606019742193213	5.37227693971881	4587	2.75830446101978	12	11	1	-6.74044625660265
chr9	113284196	134802186	0.0267974725829984	917	0.0585129664454077	0.531982080837679	52756	0.175680375562942	2	2	0	-7.4551549626397
chr9	134805370	134880758	0.338893748820376	9	0.148908062612845	0.501904827641628	467	0.132156076521099	3	2	1	-7.29308979505542
chr9	134883238	137099647	0.0278791966784522	201	0.061248644212835	0.51380511968712	9811	0.14976436343318	2	2	0	-7.08169849682566
chr9	137102167	137103637	0.322721858782043	10	0.074432743690753	0.520716968177909	198	0.0256689514282435	3	2	1	-7.02607047347389
chr9	137107684	138148979	0.0244261763441124	89	0.0662964755941084	0.521980215954183	5442	0.156675884629543	2	2	0	-6.83692355285246
chr9	138149114	138214444	0.498049921278862	20	0.167779648725094	0.587276207310716	124	0.243606121637664	2	1	1	-6.73509143625817
chr10	47663	14138485	0.024942777450315	510	0.0602866657871249	0.553597327553357	18134	0.251227189580022	2	2	0	-6.73971194676118
chr10	14284420	14797550	0.498825980307849	20	0.12363762840614	0.94626440496256	714	0.351232313835503	4	2	2	-6.77554012853629
chr10	14800881	14987265	0.224595750364658	33	0.0871757628952201	1.90211485408636	1628	1.11252216717981	9	7	2	-6.73783330936668
chr10	14999125	16925587	0.0334075045794878	51	0.0835910258810307	0.615338901629178	3017	0.335380873164599	2	2	0	-6.83796255052565
chr10	17126058	17614581	0.244760831496966	61	0.113406353847111	1.91619049436048	2518	0.908656196782964	8	6	2	-6.74070193903513
chr10	17615153	17886692	0.360341764650296	60	0.104598700448874	1.54415207701025	1553	0.605464368603243	6	4	2	-6.76384095225567
chr10	17907459	18499344	0.0398819551807996	28	0.0486875906313044	0.555844833975381	681	0.222263774118681	2	2	0	-6.75764612724055
chr10	18506684	18920587	0.186333621710095	69	0.114139179708004	2.7488850205603	2391	1.38254761494648	11	9	2	-6.73347433826435
chr10	18940677	21177857	0.0350789759739377	74	0.0485640681501317	0.571771122458193	1865	0.216507082858855	2	2	0	-6.76197146797794
chr10	21189735	21409025	0.498851330474846	15	0.118729263853686	0.963688634896196	506	0.519582382120452	4	2	2	-6.73926387420692
chr10	21516238	26300696	0.0260868885261321	151	0.0503163379344588	0.553924200695322	6103	0.203243644350092	2	2	0	-6.73760698539765
chr10	26423554	26538295	0.482846632203962	9	0.103644960214078	1.10640139388092	355	0.538441752504666	4	2	2	-6.74957310894557
chr10	26611390	38624628	0.0288630928017993	423	0.0745902193104382	0.568466485656619	15733	0.24792060400591	2	2	0	-6.7904957097199
chr10	38639464	38998192	0.498464434758768	82	0.159988904030334	0.69277975120575	298	0.246289593005481	2	1	1	-6.9000672710939
chr10	41859758	42286998	0.492980326859013	64	0.137102773986964	0.638562863008911	406	0.277676077846972	2	1	1	-6.7977023352598
chr10	42336882	44439683	0.0246009938808615	76	0.0542779251436045	0.522985129930865	3063	0.17431472530272	2	2	0	-6.89045453645646
chr10	44454238	49019825	0.49888670111041	320	0.097261769833175	1.02429208613313	10023	0.323252642019819	4	2	2	-6.80226194559216
chr10	49121698	64361580	0.0297205426048283	347	0.0531723524225816	0.558773326136795	12865	0.202687422772063	2	2	0	-6.73864425447063
chr10	64527976	84903244	0.361299797804497	1071	0.106921224188136	0.805911608804318	42352	0.291488940277556	3	2	1	-6.7845743430584
chr10	85142554	90465389	0.0527846886771857	108	0.111193154548979	0.305876033824911	5088	0.111130246948134	1	1	0	-7.07408045997585
chr10	90650904	133689420	0.349234786456628	1988	0.097107387179708	0.805706401416339	96930	0.2804714005331	3	2	1	-6.80440074779623
chr11	197557	50553207	0.498926157882827	3488	0.0830872489445696	1.03917958236461	135428	0.351633390278442	4	2	2	-7.05399239544587
chr11	54591570	56176998	0.499379587083785	78	0.058606144329585	1.08930241295876	3210	0.273971627749567	4	2	2	-6.73433337156482
chr11	56211790	56612658	0.0363331948882931	26	0.0818428888880302	0.565949048557492	961	0.121106880079617	2	2	0	-6.74179865258919
chr11	56700357	56701078	0.404553431908721	12	0.0375979528778637	0.534115895238772	40	0.0595620770762826	5	3	2	-6.83625519835742
chr11	56736252	66254398	0.0273302132341802	558	0.0457766539086804	0.529873175842295	39959	0.158126530405548	2	2	0	-7.22157986236255
chr11	66265959	66334503	0.49880917518058	9	0.155868356135697	0.938065446134514	815	0.284480419367453	4	2	2	-6.74295114871063
chr11	66334507	66537803	0.205158531945201	32	0.108263418299698	2.13261550615475	4032	1.02872725373152	10	8	2	-6.73849308399714
chr11	66551501	66563987	0.0339712116077422	12	0.062506908709067	0.472221671640233	226	0.0912342154287346	2	2	0	-6.75934976137796
chr11	66566127	67070525	0.309384323715642	31	0.153401385085783	1.58598810919678	5644	0.769828014491456	6	4	2	-6.75218729862487
chr11	67083641	67367614	0.107406571626691	9	0.107641766986612	1.22234899066298	2632	1.29562739331109	9	8	1	-6.78237398819268
chr11	67416021	67587515	0.306296421555606	48	0.0723526627113228	1.4752417359365	2822	0.46132867243938	7	5	2	-6.79115127652175
chr11	67594745	69555816	0.19160775247946	264	0.124017656249132	2.17454490189886	14787	1.52042691512015	10	8	2	-6.75837494298314
chr11	69578682	69820001	0.0926523673480265	41	0.069404285732574	4.55452149846803	3459	2.85439313308642	11	10	1	-6.73768982384369
chr11	69822897	71579474	0.240477502361226	240	0.126817332034401	2.24423544276305	10292	1.49643556402013	8	6	2	-6.74120114438568
chr11	71634442	72551192	0.219452206611355	90	0.127818010058758	2.54287468715289	9487	1.50388728908264	9	7	2	-6.73565298672877
chr11	72558756	72842466	0.265684648437884	80	0.0854254579195189	1.99707815370632	3890	0.681679316680496	8	6	2	-6.74576193252646
chr11	72854880	74688380	0.0361750324374621	87	0.130201116202018	0.59894773813287	4874	0.390182347482717	2	2	0	-6.77416390443512
chr11	74696275	75222349	0.338469642630485	58	0.0916936560388653	1.66019077089511	3006	0.66297484693618	6	4	2	-6.7341667483891
chr11	75228169	75312049	0.0576388058981813	9	0.0439984216888641	0.888251299630038	453	0.822588042957976	1	1	0	-6.82257764342617
chr11	75399583	77636147	0.459324674527471	161	0.0902585941607544	1.0220496245601	7458	0.46240648800417	4	2	2	-6.87061686660983
chr11	77649011	78027657	0.225652767786263	66	0.13418500345238	2.32226286391321	3134	1.86648568065392	9	7	2	-6.73308315071378
chr11	78028341	78574253	0.144202924539132	34	0.104095463008216	2.85724033368596	5152	1.78744166698977	14	12	2	-6.73994887043107
chr11	78661491	79446614	0.0763924224126447	29	0.175816329655123	1.35651446868338	1252	1.37537348952893	5	5	0	-6.81140218722173
chr11	79550397	90170237	0.0292753532435711	225	0.0797963795077175	0.587721014624404	8876	0.422668186279686	2	2	0	-6.84107830099327
chr11	90175928	91556226	0.49851786804526	33	0.132608217671227	1.23141563947531	1011	1.04151917181735	4	2	2	-6.74647947192602
chr11	91960811	102150239	0.0288101288681637	229	0.0575208115385654	0.557439389507653	9548	0.183907546389828	2	2	0	-6.73453390718918
chr11	102194103	102840607	0.211096998521714	86	0.103786048078004	2.46080459221262	4498	1.35782467896135	10	8	2	-6.73712195306296
chr11	102842734	102879485	0.49932975845048	9	0.0763000291247942	1.32281595600151	256	0.603384720214421	6	3	3	-6.73528470252647
chr11	102984905	127003697	0.0286552897764856	981	0.0511689405562272	0.544354340911645	44285	0.176152066549808	2	2	0	-6.93388064983924
chr11	127185841	127296955	0.160791280908345	12	0.0840041485267065	2.6467752143012	167	1.84597041116369	13	11	2	-6.73543406738014
chr11	127311329	127597776	0.43768945223788	9	0.160172129632814	2.23955494388976	254	2.62091547248866	9	5	4	-6.73445544776015
chr11	127992948	134986603	0.0296738291877499	167	0.0489980903323311	0.535641159686374	7553	0.170669827533819	2	2	0	-6.92669143815885
chr12	13488	34256412	0.498913433585357	2984	0.0882137210700609	1.07826803360795	98226	0.380522002887482	4	2	2	-6.73313379080091
chr12	37418067	120924605	0.498930854847325	4490	0.0833918329005294	1.0625697350866	241952	0.378378564133946	4	2	2	-6.81053637056388
chr12	120960296	121037726	0.0346360810999226	27	0.041333781359579	0.545297845989281	506	0.170538995954008	2	2	0	-6.7411692236522
chr12	121052760	133238915	0.498901377221836	1099	0.0816101216428886	1.03062719955036	46749	0.372662290081774	4	2	2	-6.84016234173215
chr13	18177561	112944671	0.498911741918218	3767	0.0902597248195788	1.07762400444805	147528	0.419978745277711	4	2	2	-6.73337838658475
chr13	112979777	114282225	0.0300487170689018	97	0.0718956503279752	0.521760353003199	3774	0.160811199713273	2	2	0	-6.85253753499324
chr14	16402209	16402213	0.375	1	NA	0.544	1	NA	NA	NA	NA	NA
chr14	18289828	19936715	0.324602827881625	89	0.108716155664895	0.614142750896518	1781	0.244979969765504	3	2	1	-7.85614973488843
chr14	20033961	47894711	0.498882655217064	1006	0.0911380887501599	0.553703758967044	41559	0.186117017261739	2	1	1	-6.74120811796323
chr14	48055762	49646639	0.124525642768849	89	0.0971413678738384	1.93005313646561	2621	1.08516986214339	8	7	1	-6.74301455759463
chr14	49658424	51287339	0.213735440415905	162	0.105739401845652	1.14906857199047	8138	0.434508009601081	5	4	1	-6.85492043000402
chr14	51565593	52314623	0.49738403256543	53	0.0853564794972388	0.548643282005496	1241	0.159296784785355	2	1	1	-6.73671412067625
chr14	52354003	54862362	0.19478939731521	141	0.087923968951074	1.45268876258198	6720	0.737090050709061	5	4	1	-6.76352066336404
chr14	54884461	106802973	0.498899583350813	2228	0.0974479409501481	0.545675661278936	92508	0.184880723510809	2	1	1	-7.03603638567612
chr15	17081995	17082007	0.5	1	NA	0.783629891627138	2	0.111015764646288	3	3	0	-5.76441116774086
chr15	19880385	51851026	0.358284066401806	1553	0.108865565417022	0.782602027034848	81279	0.264096317737859	3	2	1	-7.22680590192462
chr15	51859328	101887448	0.498910265913909	2501	0.0900188316874678	1.03343725420668	144775	0.378591559139648	4	2	2	-7.09363135689027
chr16	34130	31859586	0.498916279751878	3302	0.0875358530202985	1.03240471227029	148787	0.363413425163839	4	2	2	-6.99805030429421
chr16	31860094	35792533	0.441300439816441	117	0.138972310107866	1.0211357651995	4362	0.387842903503136	4	2	2	-6.88485201800147
chr16	46386256	46401545	0.498896735231236	67	0.0908453290640438	1.07829801074851	1448	0.255147262250327	4	2	2	-6.73311822539465
chr16	46689107	55828671	0.0461440590102139	148	0.0774637838029254	0.30139232957964	8994	0.113967346037227	1	1	0	-6.95156344737654
chr16	55828678	55828989	0.370247110301447	9	0.0482712244625213	0.303002375812826	17	0.0212066166145214	3	2	1	-7.34085276405877
chr16	55829175	59994017	0.0485479967692866	267	0.0657146373496413	0.289230728689632	8912	0.098902862244164	1	1	0	-6.82935372975688
chr16	60084307	62551608	0.024744537931533	46	0.0437003686737563	0.873004282483626	1333	0.358755948678461	3	3	0	-6.7885486565895
chr16	62648932	66612143	0.037086432708288	27	0.0789894507724502	0.291563618552438	1431	0.126381975562958	1	1	0	-6.78608936823481
chr16	66656454	67033378	0.104536231651058	172	0.0750597305104065	4.10743919058977	10153	2.15386791522176	19	17	2	-6.7361104119541
chr16	67043069	69439314	0.262128069190306	520	0.113999314573098	1.88773100721996	33884	0.88650619840497	8	6	2	-6.76143329802294
chr16	69459101	70126717	0.0263375831526085	57	0.0865448765910519	0.562944394120556	2017	0.211799162365805	2	2	0	-6.73548877637734
chr16	70127511	70164274	0.498625469771143	34	0.12602003419936	0.527595066300585	615	0.145576035179162	2	1	1	-6.73595735004603
chr16	70165183	74068389	0.0255782930092355	154	0.0863814222278323	0.543048987496156	9806	0.188913310600754	2	2	0	-6.7707061422023
chr16	74332633	74372149	0.393619180017768	17	0.0957358882244148	0.573541795395186	412	0.188196501949035	3	2	1	-6.99748466467717
chr16	74372796	87226752	0.024161811255433	676	0.0580414085673432	0.540815720195961	19007	0.188357705477176	2	2	0	-6.90082285179119
chr16	87342999	87690232	0.0192240032160466	9	0.238373190140539	0.278083664647727	429	0.255916657653103	1	1	0	-6.7584025700331
chr16	87835770	90042424	0.0336338623177393	186	0.0591137906915751	0.522964564247558	9876	0.158020234110637	2	2	0	-6.92766985201922
chr16	90043619	90202898	0.052362299923113	9	0.173404953152376	0.557041518841579	396	0.165376874904264	2	2	0	-6.74300436335125
chr17	132094	1952697	0.311216192312794	586	0.110044373347669	1.52627799360041	16396	0.622736775540448	6	4	2	-6.77176344411057
chr17	1957688	15918652	0.498895717852278	1489	0.0905693020396448	1.02974333477911	74730	0.341916302797122	4	2	2	-6.88322859982833
chr17	15943460	15986324	0.190119805866012	16	0.0864938340769637	2.47325771177523	458	0.923654385468819	11	9	2	-6.7355539220756
chr17	15987905	18238391	0.498839163538817	289	0.0983861264260654	1.04908226452037	13057	0.404742684075578	4	2	2	-6.73945094850708
chr17	18241406	21277866	0.259840710419586	427	0.123328387179149	1.80716602817466	22599	0.805772390736261	7	5	2	-6.77020621433944
chr17	21290701	21326473	0.499026115633962	175	0.0788813030265048	1.70112748347876	856	0.508651838025393	6	3	3	-6.73342510619713
chr17	21326579	21849612	0.37314065594747	272	0.131364615629654	1.73512596365881	2008	0.96712058852086	8	5	3	-6.74721631581197
chr17	21969336	22715632	0.426165640098067	93	0.118787062816875	1.42662299040173	1487	0.870143794024323	5	3	2	-6.75909631099505
chr17	25074459	27008749	0.308984907323616	38	0.113876355422556	1.46324137197215	369	0.680101453251628	6	4	2	-6.78893259268557
chr17	27082659	28869872	0.374971942038486	90	0.0872201778587836	0.959399033071483	10319	0.395253824755433	3	2	1	-6.99867246656423
chr17	28873777	29089842	0.242136992766609	27	0.0946413533028018	1.98831682052343	2786	0.806997409158197	8	6	2	-6.74319152780685
chr17	29090976	43715444	0.0252705241510736	959	0.0619397257583965	0.542238700890397	50745	0.180516882546067	2	2	0	-6.9005288770367
chr17	43877790	83134258	0.498918587293411	3237	0.0911395379669819	1.04128985456215	177720	0.369848702862477	4	2	2	-6.93921130543383
chr17	83134458	83158753	0.145075847174882	14	0.133573044592681	1.12116392481975	95	0.29143274757752	7	6	1	-6.77750937016308
chr18	47492	108165	0.48928224323005	24	0.10322607804429	1.02434057789953	232	0.323953061935696	4	2	2	-6.74041472868164
chr18	108238	112290	0.140738652465968	10	0.0970369918009507	1.10584090861636	279	0.486203498054397	7	6	1	-6.74044012898672
chr18	117394	15341512	0.498883180307532	926	0.0909608758101084	1.03527862814816	33722	0.380307721477175	4	2	2	-6.83739270588671
chr18	20959507	80257347	0.498914252415822	1937	0.0866445670526172	1.03670296206249	90524	0.397569936664749	4	2	2	-7.06705732252369
chr19	261438	877823	0.498971576880648	189	0.0875039588368036	0.974769692779119	5129	0.322970798778017	4	2	2	-6.76921496953105
chr19	877871	879847	0.3670244879554	21	0.142902530884982	0.751396114187457	96	0.180434153562816	3	2	1	-6.75445450109422
chr19	879872	24394204	0.498931107172852	4553	0.084140656806588	1.02748637176386	194990	0.345981391629233	4	2	2	-6.99875649751295
chr19	27392001	58586610	0.498930101355006	4308	0.0881204674730677	1.02804960083002	222823	0.333941800451887	4	2	2	-7.09678713167912
chr20	101574	25869057	0.498907331589171	1417	0.0830776769192433	1.0328068771031	56261	0.376617338639203	4	2	2	-6.93153341289476
chr20	25898703	26157570	0.260292495525192	33	0.12614913462512	0.935220132047404	262	0.339600881274173	4	3	1	-6.76055110269722
chr20	28559257	31237425	0.498741152757513	808	0.132773659565381	1.05403150080279	4175	0.415712739914369	4	2	2	-6.73801417084156
chr20	31247355	64230305	0.49891628087389	2131	0.0874749009320469	1.01806096279423	119260	0.359623024558545	4	2	2	-7.20455566153312
chr21	5218123	13036710	0.32550485455839	819	0.129597001774597	0.964815704862671	5436	0.361312479552405	4	3	1	-7.30908572612548
chr21	13208541	16631193	0.428459074681363	103	0.119217428107923	1.05713608575742	4029	0.473848402645437	4	2	2	-6.94535816731914
chr21	17088184	18413561	0.0333425333406783	34	0.0731854102815231	0.598318226936124	1283	0.244385074667204	2	2	0	-6.80516504948997
chr21	18440142	22335870	0.499217677080773	97	0.0760738628116963	1.14458418962846	2841	0.494366164392383	4	2	2	-6.7666302768387
chr21	22443459	26934854	0.0289268876241883	112	0.0747131106704098	0.586619567676423	2616	0.243428839783715	2	2	0	-6.86127480168585
chr21	26953957	29073627	0.13362646726084	71	0.087721137634709	1.0940568610784	2772	0.473772060324828	5	4	1	-7.3548620868054
chr21	29091820	30263854	0.0174322520044267	33	0.0685884879685956	1.10412583688577	1410	1.00327707289369	4	4	0	-6.73390616638374
chr21	30282130	30825583	0.499146086076302	29	0.0710528319358798	1.08239265663108	1408	0.312118639059418	4	2	2	-6.73315773211393
chr21	30829504	33741626	0.282952978022111	288	0.135410821146057	1.67597149665449	14609	1.13739374861764	7	5	2	-6.74946079720296
chr21	33751948	43896130	0.0280377890581342	492	0.0732693546902644	0.559696539289495	16483	0.36894376211127	2	2	0	-6.73544760778587
chr21	43962238	46692843	0.499103839964573	396	0.0715876900456058	1.00829573561305	14182	0.299279340502719	4	2	2	-6.81508349710155
chr22	10662889	12813444	0.343053906565161	774	0.121221329876162	0.865503446887873	3765	0.383617128453147	3	2	1	-6.76205067447633
chr22	15326052	15835961	0.254238914906306	32	0.11461963745503	0.899809903780707	523	0.271032120121409	4	3	1	-6.86735385298682
chr22	15922887	50808290	0.498926037121085	3466	0.0886317390346886	1.04084610745691	158060	0.367754375225273	4	2	2	-6.92337925214952
chrX	256771	47084756	0.35153813908056	1415	0.112258860478979	0.820497465871802	71758	0.305331086954115	3	2	1	-6.74384525827228
chrX	47085218	57734261	0.498826566882585	331	0.100784139668661	1.0190709964125	37647	0.349910940700413	4	2	2	-6.8967373170111
chrX	62901041	155997942	0.498900589333449	1675	0.0932126325862561	1.06332636660133	158646	0.392695981352682	4	2	2	-6.80585123369038
chrY	10098720	11722100	0.328812453736128	58	0.135330136763824	0.960253914085159	464	0.561089405158156	3	2	1	-6.81657431031508
chrY	26436983	56887076	0.451951205957053	198	0.116065435333642	0.913696444346073	605	0.388396624141295	3	2	1	-8.46419232639378
