chromosome	start.pos	end.pos	Bf	N.BAF	sd.BAF	depth.ratio	N.ratio	sd.ratio	CNt	A	B	LPP
chr1	61987	16502473	0.00064529782901368	1306	0.0899012217593886	0.602885052771147	46317	0.203969015329442	2	2	0	-8.71880149659969
chr1	16508139	16947199	0.498488837770275	177	0.186370520686605	0.569139432036214	2001	0.222747250178917	2	1	1	-6.74704719852438
chr1	16950132	19193288	-0.000527496535988214	244	0.00377650966251377	0.599278573194507	6072	0.201581566632702	2	2	0	-7.07681678361694
chr1	19198991	60039945	0.498915024596615	3425	0.0937605776673617	1.17635581922496	161081	0.417419388547924	4	2	2	-7.59526261666656
chr1	60604095	99622975	0.000338527750515849	986	0.0079253878083906	0.590473279329869	36881	0.212856819565215	2	2	0	-9.28319006290742
chr1	99686887	121429348	0.498885099740904	993	0.0891458976425598	1.16224234316963	46034	0.394476499376817	4	2	2	-7.1411264319275
chr1	125094607	145718303	0.33817821611853	78	0.128009860202347	1.22208686182854	3159	0.504861213996323	5	3	2	-7.32591901381632
chr1	145725216	248918526	0.428874204512797	7334	0.094236345317468	1.32357543325987	307618	0.464999800864953	5	3	2	-6.91201104294783
chr2	41366	61018416	0.326178581318482	2228	0.112820335756957	0.786443585293162	86919	0.276531583366348	3	2	1	-7.15553877834878
chr2	61076867	61378479	0.0184981349554522	20	0.0237799119116601	0.262986367547952	930	0.0957761381078567	1	1	0	-7.09064252522771
chr2	61395116	90310327	0.320072499547335	1090	0.109194453026652	0.784216317831708	44149	0.273024247075198	3	2	1	-6.99283138185861
chr2	90380709	91987666	0.49835965239415	56	0.176644271634544	0.704504633620231	993	0.284337736648016	3	2	1	-7.44304395902371
chr2	94190317	95939023	0.286723709621929	44	0.101039658971067	0.780763246303851	2771	0.255026975554198	3	2	1	-6.88120959737634
chr2	95939037	95954051	0.218250885519831	57	0.139158354470896	0.685227396223872	172	0.214778268161293	4	3	1	-6.80446105042334
chr2	95957191	160458152	0.315679413643399	1899	0.112896427576522	0.782220160926176	79113	0.273536116190642	3	2	1	-7.3552682540965
chr2	160458518	198724907	0.49889460208362	1436	0.0890592948429472	1.06556531167758	66144	0.354329970623285	4	2	2	-6.77207728245645
chr2	198870377	222124702	0.346408459465063	990	0.105519473416775	0.797535359072447	44297	0.269590073994057	3	2	1	-6.79526512230311
chr2	222297170	242073780	0.498855112946996	1195	0.10572893146945	0.568383737884402	34992	0.18751988572078	2	1	1	-7.47758049624131
chr3	22224	90507212	0.327414036751103	3213	0.110227090863773	0.820043339186285	147138	0.274704620358987	3	2	1	-6.82267619466492
chr3	91445573	198120733	0.326026181677266	3982	0.112523733778194	0.81738898732529	149683	0.284049020013651	3	2	1	-6.7845878723358
chr4	13995	10722771	0.331898204583054	945	0.113717437666964	0.82698790611638	28804	0.274078929712946	3	2	1	-6.76570215850983
chr4	10785339	15614233	0.432309554581512	129	0.112178791012833	1.34543744685781	4817	0.517403719477181	5	3	2	-6.78262036241225
chr4	15624120	17842406	0.0016785152044394	148	0.00477267764690944	0.786920917809433	3474	0.285251452449544	3	3	0	-6.82111631656599
chr4	17864489	49023748	0.396637486237465	1349	0.0995030576948683	1.36312294665442	46642	0.542068557516019	5	3	2	-6.73829395861927
chr4	49105407	49711578	0.332127637820816	89	0.161340051938601	0.925260528149497	682	0.596847062891805	3	2	1	-6.75076130344161
chr4	51996084	53396550	0.0991279349770169	143	0.0868830990731812	4.72448105448116	6277	3.6122064208367	20	18	2	-6.73426062792371
chr4	53419928	54424127	0.189584152858732	100	0.101181694256052	2.78551272206014	3777	1.65025747604245	11	9	2	-6.73750597019295
chr4	54426224	55337032	0.104435968422646	124	0.0679776887542623	4.82526752744402	4505	3.24503294531844	19	17	2	-6.73332080448694
chr4	55344221	55600567	0.157126377606926	64	0.0823108642465615	3.22735556882335	2121	2.0483348801647	13	11	2	-6.73424818423097
chr4	55612203	55985529	0.0559129987231847	70	0.0543615608317702	7.32087766294138	3154	4.35263767938246	18	17	1	-6.73502802337381
chr4	56003584	61297825	0.188895322958547	507	0.106387965529406	2.7715023863665	13291	1.91834616301488	11	9	2	-6.7399537365976
chr4	61323346	65643476	0.107358072131231	396	0.0710868504587504	4.93733154901435	10651	3.26057808697222	19	17	2	-6.73393052328678
chr4	65741604	67201940	-0.00319841251747544	9	0	0.550103326039798	275	0.237748829284488	1	1	0	-Inf
chr4	67347532	67621525	0.331642057008746	23	0.0965533091197618	0.831391027677418	491	0.268333304107387	3	2	1	-6.73462669373321
chr4	67624301	68517639	0.00361452194582457	37	0.021146138161829	0.55127970401812	1392	0.178230890494326	2	2	0	-6.7569092281809
chr4	68550838	81107942	0.338427118435169	526	0.10869926406859	0.811561722475493	19383	0.276895316505949	3	2	1	-6.73440071641672
chr4	81171716	131186865	0.000178368625904646	1153	0.0252245162659067	0.553350280371171	42282	0.202533826484337	2	2	0	-7.10409332596507
chr4	131403860	153441498	0.498859558634676	639	0.0986723963984831	1.0941061941081	25481	0.410980881355837	4	2	2	-6.74397149665069
chr4	153558278	153690364	0.000385487675081508	23	0	0.545906411435077	465	0.171288314243027	1	1	0	-Inf
chr4	153703504	165643265	0.498844955519583	380	0.0934455553964867	1.10336883553491	13917	0.398537793387428	4	2	2	-6.75150542203447
chr4	165664293	167011358	0.0028823102333928	24	0	0.555018273064928	619	0.183148674073227	1	1	0	-Inf
chr4	167312824	176784520	0.498827008320237	381	0.10364301238264	1.12108883579816	10615	0.448141455623748	4	2	2	-6.76986514021495
chr4	176795164	189975648	0.353719056601587	539	0.121407078561698	0.826908288912651	14408	0.307667960741546	3	2	1	-6.78141125835732
chr4	189979784	190179746	0.225675981449315	24	0.136079999648544	0.629901622124122	229	0.273988956786531	4	3	1	-7.18584526738132
chr5	103941	1085489	0.498969852717322	246	0.0870292426857907	1.05160980688455	4788	0.274735607897586	4	2	2	-6.73914902387298
chr5	1093745	46206800	0.362005055643179	1342	0.10921478517021	0.842357602698615	45374	0.300085092974339	3	2	1	-7.17914502597544
chr5	49601562	49661122	0.0157796569105507	18	0.0784888527117068	0.0402347393125352	52	0.0387958408851376	1	1	0	-16.932405745074
chr5	50399974	181288546	0.346349921876126	4884	0.111631024025784	0.840797410177039	189402	0.294733520321419	3	2	1	-7.73634318756467
chr6	175383	29927764	0.401970893791218	2037	0.103236591598202	1.30977144065431	69939	0.498082689262712	5	3	2	-6.8035407175669
chr6	29927827	29928343	0.346386083617476	13	0.161652682450956	0.442802503313274	25	0.100660104642637	3	2	1	-6.74810587771971
chr6	29928491	29953465	0.49849284578947	67	0.152671792301759	1.25218472880697	283	0.4771183878172	4	2	2	-6.73450526759197
chr6	29953525	32485632	0.400349806972726	834	0.0925559444635011	1.31598177980716	27350	0.36163334953756	5	3	2	-6.74131389162964
chr6	32521894	32618459	0.0552038735996556	57	0.0584524097922944	1.2706793573805	334	0.476619969109809	13	12	1	-7.06770144373463
chr6	32636848	60964215	0.400907372562741	2028	0.0909213774540462	1.31877828493539	88011	0.457339706036483	5	3	2	-6.78181064427392
chr6	61613107	170584276	0.498915445302605	4339	0.0940407546232752	1.06384008402103	155445	0.387156277690713	4	2	2	-6.84631542578095
chr7	31439	58100446	0.498910518843773	3564	0.0971810373721794	1.12337658251527	111937	0.412748381055972	4	2	2	-7.01748477913099
chr7	60958088	63633966	0.312526866447116	45	0.173569821191021	0.674951170589782	886	0.416446983368551	3	2	1	-7.03845803923302
chr7	63642495	65755476	0.00027863587767929	108	0.0897229534545141	0.576260648824849	3530	0.201172935418091	2	2	0	-6.85792660633434
chr7	65763141	65822258	0.498407455986809	40	0.160230571045091	0.662326195871974	230	0.230117845219438	2	1	1	-6.76056625787831
chr7	65970508	80671133	0.000757369340796121	641	0.077827984858816	0.584750827436565	23403	0.233179042945863	2	2	0	-7.59452627269202
chr7	80922146	100951903	0.498896030397298	884	0.0892652605353454	1.15932766795777	47119	0.389173094515372	4	2	2	-7.09569928977891
chr7	100951933	100960725	0.498442381544455	98	0.157016914319079	0.857900202480831	670	0.226479223405114	4	2	2	-6.73859137935193
chr7	100960738	142303642	0.498898388707107	2122	0.0980524192392212	1.15086657383084	89088	0.42553756438028	4	2	2	-7.22356612679349
chr7	142308504	142309136	0.0857570952190503	10	0.0408634582753616	0.895045087508811	34	0.244183100990362	12	11	1	-6.745665886613
chr7	142313134	142749301	0.498782871029065	92	0.141335965810988	1.131199712119	1769	0.411525733664108	4	2	2	-6.73621998959499
chr7	142752700	142773337	0.0329151089834002	13	0.205405852162406	1.19027284803422	253	0.343302231208077	4	4	0	-6.74936601946179
chr7	142773737	152273892	0.498868927017244	726	0.0879709799123271	1.13422682009897	27058	0.369509850755654	4	2	2	-6.82704237520546
chr7	152278438	152416484	0.201537557599798	74	0.14775377581405	1.02344552658026	610	0.495682763175534	5	4	1	-6.75905686513646
chr7	152418146	159232891	0.498821306908938	474	0.0993647854849188	1.14236308772249	12690	0.44400240403012	4	2	2	-6.79509914352333
chr8	213370	43691375	0.332182176240331	2141	0.111185576078432	0.797774623133223	65699	0.280955042697261	3	2	1	-6.82063752311525
chr8	46555537	55475918	0.337620868638168	238	0.117093580699958	0.803391930268851	9840	0.30381443529843	3	2	1	-6.73892997557515
chr8	55534676	122610068	0.407829533478148	2563	0.100615593873005	1.33321878389996	98822	0.523285242443526	5	3	2	-6.76410181594436
chr8	122704570	145066761	0.498901770652131	1374	0.0881230894491276	1.08990022905316	48715	0.364177335536655	4	2	2	-6.73949108038641
chr9	117696	42856422	0.334373970901757	1820	0.119471652864061	0.768810189635129	52940	0.274900237809011	3	2	1	-7.57111142709006
chr9	61165843	65648606	0.291649747069229	126	0.159383342022577	0.749669951469695	1514	0.300658179143482	3	2	1	-6.95214807505671
chr9	65693848	138217089	0.338271265310696	3709	0.110770295037759	0.783708137121933	148668	0.262584357191367	3	2	1	-7.39362048739088
chr10	47864	39986485	0.335338953753805	2039	0.1161419455871	0.822351878648861	58957	0.311859147010919	3	2	1	-6.78075872949762
chr10	41860304	42280157	0.138600296158505	9	0.0813656015224561	0.687720153013794	167	0.413787924551432	5	4	1	-7.66270399944846
chr10	42280230	133787147	0.321989230898636	4171	0.110200819453953	0.822463933022258	157134	0.286384560284641	3	2	1	-6.86930294592574
chr11	209002	1011490	0.0023605105951357	203	0.0353790863955291	0.5652811617884	5905	0.161643613658893	2	2	0	-6.77207975707741
chr11	1016665	1018138	0.227450475677741	29	0.135186880320678	0.36422941912244	100	0.0579124243050564	4	3	1	-7.04650301134391
chr11	1018262	45262499	0.00161229608261365	1781	0.0467394444716702	0.543992013065263	56725	0.182988724217092	2	2	0	-6.76385525266267
chr11	45269253	47991011	0.000812388606394987	122	0.0142757977465582	0.28025832015841	5219	0.117138320134999	1	1	0	-6.88622052007205
chr11	48327722	49875094	0.497804479562323	9	0.214278699620637	0.99940231769376	2229	0.50822108333334	4	2	2	-6.75529962029573
chr11	54604614	112194760	0.336019394532726	2687	0.108532657020126	0.826831143956254	131789	0.263942114902246	3	2	1	-6.91411856927374
chr11	112200848	130405854	0.000972831659284801	979	0.0444785354742801	0.541478809553293	32774	0.178836436361915	2	2	0	-6.73413482889202
chr11	130406182	130753856	0.497902767201932	9	0.24506756437993	0.538779262731332	453	0.167829655007928	2	1	1	-6.73316182276819
chr11	130790223	134986767	0.00113602627498699	107	0.00355099882630691	0.536831766794436	3166	0.170843452184362	2	2	0	-6.79812859288281
chr12	12233	56101	0.498097515462988	17	0.169028191174622	0.76919953100126	91	0.322824839005422	4	2	2	-6.76225467626585
chr12	56312	23570685	0.498900668565508	1820	0.0890367096435141	1.08881289836453	65205	0.362089302502804	4	2	2	-6.73829958922991
chr12	23825266	25102100	0.00245040535008989	19	0	0.562730825733437	848	0.218597967089256	1	1	0	-Inf
chr12	25104495	34249489	0.494280256643117	591	0.0959417494594512	1.10825659241616	17993	0.396459181246648	4	2	2	-6.75628144022709
chr12	37466151	76326903	0.498918293598333	2347	0.0850559095803695	1.09847662331228	110988	0.359762817203285	4	2	2	-6.77763237174694
chr12	76386702	77182244	-0.00225257755743091	22	0	0.556155672970094	1108	0.195591142486212	1	1	0	-Inf
chr12	77301732	93685736	0.49884512740843	408	0.0974266493838582	1.09830520694676	16803	0.409978436826949	4	2	2	-6.74735021586142
chr12	93779906	94354777	0.00481862698414681	24	0.00789319556528812	0.537764952727752	759	0.192326904240776	2	2	0	-6.94896419691118
chr12	94400962	133224730	0.498913438784604	3131	0.096114501683593	1.10324312835237	123160	0.404700405645254	4	2	2	-6.79005837876505
chr13	18178016	18346972	0.498238476165637	46	0.189800449493723	0.932456747843246	623	0.388379438665317	4	2	2	-6.74778230371915
chr13	18413176	99914504	-0.000299432290158774	2926	0.0322989836438781	1.09253954422382	104429	0.413633984579579	4	4	0	-6.76358311756964
chr13	99927736	99945335	0.0416089026370736	9	0.162382350573508	0.985286923331025	73	0.387189071013541	4	4	0	-6.77277750421036
chr13	99947914	114281989	0.00319130331715883	738	0.0469736827626963	1.08279789334613	22250	0.365814474944397	4	4	0	-6.73592381635505
chr14	16037128	16098268	0.222	1	NA	1.47629973384318	22	0.52795832348964	5	5	0	-5.7654348542072
chr14	18289828	59527137	0.392194978904663	2716	0.0963197517841689	1.38777083908188	100285	0.496365864380902	5	3	2	-6.80619156592258
chr14	59565278	89464073	0.000499311524687407	1389	0.0109481837545588	0.827677934132296	53436	0.295420927484803	3	3	0	-6.81864662704291
chr14	89488284	89608430	0.497755304816632	9	0.197378725072159	0.773151805306173	133	0.344960434396035	4	2	2	-6.80050314194162
chr14	89788219	92868794	0.00182318056577602	259	0.0015759103592012	0.825519967105307	8221	0.295775742442972	3	3	0	-7.45129117967084
chr14	92869575	92938329	0.00814600424140965	9	0.176383420737639	0.871150499434492	205	0.39967495957866	3	3	0	-6.73563258741816
chr14	92940717	106324560	0.00090444504374565	1028	0.058504142742714	0.835635685985606	36590	0.276876619198816	3	3	0	-6.82582468118529
chr14	106335083	106356549	0.498317814219362	39	0.165629694443694	0.601489113509781	154	0.1507649448148	2	1	1	-6.73952998454789
chr14	106356622	106874896	0.00224903791585618	162	0.0746269879618613	0.79082016471505	2186	0.267962643217997	3	3	0	-6.73631280201698
chr15	19882294	22645746	0.307641367580291	454	0.117276600803285	1.05605229165058	5339	0.335881147179398	4	3	1	-6.88276180061809
chr15	22645762	27738490	0.498842315906057	325	0.0944010232009511	1.07897862248999	10080	0.399640265441241	4	2	2	-6.73320701496096
chr15	27844776	28018250	0.00320078515904598	15	0.0430376357998217	0.553591122749997	285	0.172076598122603	2	2	0	-6.7383153996558
chr15	28025097	38083453	0.498833733407515	653	0.107667013044439	1.09637754149651	20589	0.425376497395067	4	2	2	-6.73950362882587
chr15	38083468	38351373	0.0226903880897752	9	0.121333333333333	0.545795456441587	127	0.327280501533722	2	2	0	-6.75407512823627
chr15	38654364	40957270	0.49885578315954	220	0.085489987008935	1.10788004347464	9312	0.338884418092212	4	2	2	-6.74023352509296
chr15	40972085	46204508	-6.61982013467344e-05	469	0.004158109960859	0.554683620849243	20437	0.183773333629532	2	2	0	-6.79368774151514
chr15	46392568	47174389	0.0091192826920109	15	0.127471378673616	1.15453234374575	239	0.66999032632988	4	4	0	-6.74058541345914
chr15	47239217	47766732	0.00858724649390386	18	0.0435619909878271	0.519018688162374	256	0.156107042396113	2	2	0	-6.77781487494302
chr15	47994157	99641556	0.498908837922238	3306	0.0899397087475884	1.09016259781344	135483	0.375129506170049	4	2	2	-6.74781253954524
chr15	99674730	100306586	0.00416492256988921	51	0.0236498144916656	0.530929186556557	797	0.171965528261583	2	2	0	-6.75579042774709
chr15	100349291	101870467	0.477222503858189	171	0.109271967348892	1.07296710817399	4458	0.328042110946282	4	2	2	-6.75949284804596
chr16	55325	34268473	0.332354223760414	3170	0.111960227382435	0.82944349440328	112403	0.282662917092043	3	2	1	-6.86077749081516
chr16	34571817	34595573	0.49861685428182	49	0.14032741718426	0.410663647106282	432	0.105536239701582	2	1	1	-6.82832744679672
chr16	34691446	35643886	0.000223222210228857	17	0	0.569416730574072	523	0.297564959464294	1	1	0	-Inf
chr16	46386441	46401545	0.446147084513883	53	0.116095367058897	0.419022909387408	675	0.101440070635532	2	1	1	-6.91608564031956
chr16	46550410	67036959	0.00120551045053396	581	0.0555672427245027	0.56041980945955	27502	0.207307698954675	2	2	0	-7.08153352999529
chr16	67058445	68757403	0.165226939705839	536	0.0905072603668041	3.28992449063278	34880	1.40257780470229	12	10	2	-6.73328462550318
chr16	68768193	69655864	0.342242455974241	98	0.11035247355608	0.903039197078204	3831	0.43349604022677	3	2	1	-6.76954027323915
chr16	69679216	70126770	0.00630221053634428	44	0.0843444156063377	0.537606622674985	1490	0.202471423125735	2	2	0	-6.73658524629808
chr16	70127110	70166290	0.498547523904024	48	0.204217860132661	0.561770814981582	620	0.176094018616672	2	1	1	-6.73417411556912
chr16	70203647	70647227	0.00185505533136288	85	0.0109979371633384	0.549198517934251	2364	0.197805224604019	2	2	0	-6.75172871451969
chr16	70655284	71230620	0.4989534749755	51	0.0943299840048377	1.01958407353048	1938	0.327476177698866	4	2	2	-6.74419466392081
chr16	71283664	77326122	0.0020855243002571	333	0.0873582557655117	0.546834340814513	11461	0.201044187492192	2	2	0	-6.74498537856261
chr16	77355865	78616509	0.498578204242536	58	0.122811198355937	0.886172231451133	1514	0.36865100584332	4	2	2	-6.94577698041114
chr16	78671119	90067852	0.00174824090674469	1111	0.0263162291579628	0.554708237674838	22448	0.196117366055871	2	2	0	-6.85074119007201
chr17	137637	21244091	0.498908811521919	2923	0.092471854002526	1.07991228543225	104141	0.35994939509273	4	2	2	-6.73327047112993
chr17	21290809	22715632	0.498648921188613	360	0.150827038501641	0.957316960125127	2352	0.389062539619278	4	2	2	-6.81567273741023
chr17	24421438	27053571	0.482844528580191	16	0.182411702384103	0.968582218452627	261	0.457215871421663	4	2	2	-6.82849159101335
chr17	27065700	83151013	0.498925312882954	5692	0.0910740072243988	1.09636093562518	248759	0.364220043540889	4	2	2	-6.78137195686425
chr18	49639	5396514	0.247581970314892	372	0.107604155412085	1.07210450268626	9629	0.397990737975992	4	3	1	-6.73480410730802
chr18	5423664	15341512	0.318990185202976	591	0.114310674601274	0.860047931503689	16843	0.317704549089932	3	2	1	-6.93945406327976
chr18	20953676	41035306	0.304001231796044	548	0.11359325166495	0.857601431283131	24409	0.306731600274621	3	2	1	-7.14865157739268
chr18	41476187	80250865	0.49886150357019	907	0.113268252283902	0.547401136701105	30389	0.200214972772042	2	1	1	-6.82138697747049
chr19	281383	24175288	0.343675246262069	4477	0.111316941390299	0.843405990226011	153958	0.276190227735294	3	2	1	-7.01429922682868
chr19	27867513	54573860	0.498920785980513	4523	0.095110648975881	1.09256623918001	173764	0.362566506294569	4	2	2	-6.74621508188421
chr19	54573933	54660386	0.498554952176236	80	0.15288322620363	1.01776834047042	825	0.224062629494219	4	2	2	-6.73686724534931
chr19	54664811	55417560	0.498863407290678	401	0.0983220722309113	1.08124172536867	8513	0.325468327167017	4	2	2	-6.73310990744768
chr19	55418772	55421879	0.178589058627276	9	0.123182227253412	0.712194316246257	25	0.554109721384974	6	5	1	-6.74275486535651
chr19	55422709	58599162	0.481016690636312	546	0.0907661375716575	1.06815808649052	22002	0.325513518089849	4	2	2	-6.7618419982901
chr20	96321	25773537	0.498898675656431	1428	0.0871024904575901	1.05763489441261	48932	0.374402391856349	4	2	2	-6.78639165444929
chr20	25773589	26168423	0.491299654267244	33	0.178392129573979	0.978944659367695	382	0.449920141416387	4	2	2	-6.74600377959695
chr20	28559257	30843162	0.49599163342974	534	0.155120874437577	0.933701879519747	2519	0.393482718900416	4	2	2	-6.91821558272974
chr20	30865421	31244855	0.494846079824579	52	0.181031996371932	0.746032681684885	252	0.45941069988826	2	1	1	-6.84333056329552
chr20	31440129	64281506	0.498920416860076	2604	0.0915286445460122	1.07260671182152	107967	0.379812605383647	4	2	2	-6.74196537192403
chr21	5032028	13096510	0.276225030026295	589	0.151825172720912	0.803609165855472	3787	0.397484138320237	3	2	1	-6.81928155979219
chr21	13435587	41036187	0.3263897756299	979	0.115575674602314	0.812776413449683	32208	0.309677227635292	3	2	1	-6.73605689248006
chr21	41246125	46692843	0.00316595298105171	629	0.0375098092881938	0.538957454053078	14919	0.168847316834266	2	2	0	-6.73841632269106
chr22	10561542	12801469	0.498632932819694	648	0.154104827189743	1.01366424148812	3592	0.423339667669901	4	2	2	-6.764186926578
chr22	15562384	16426603	0.165145567407513	52	0.113145516897342	1.0915240926176	708	0.397708490738519	5	4	1	-6.93555053863912
chr22	16433958	16553149	0.118755410376826	15	0.15896831070853	0.972002662150288	103	0.377749115486594	6	5	1	-6.91563062681247
chr22	16554055	43839053	0.498912760988046	3157	0.0934023294026935	1.10266992132632	119918	0.37704271864853	4	2	2	-6.77696665159431
chr22	43840159	50782420	0.328895909727433	802	0.11037295415714	0.83830644452393	20548	0.27470689561331	3	2	1	-6.79409597215801
chrX	264289	2811305	0.298824891459555	463	0.131741848352567	0.816428442977175	6272	0.335244837111667	3	2	1	-6.77453093460346
chrX	2818155	52816242	0.498881917356612	1343	0.106803708087071	1.09713400707947	89737	0.392818475273125	4	2	2	-6.77399141558441
chrX	52862536	53871095	0.106004070835978	14	0.164341325991278	1.10367833317258	4851	0.353172728475627	4	4	0	-6.97485772750603
chrX	54754926	56144489	0.00132276924981833	20	0.00245967477524977	0.543254657694763	1905	0.158814479172923	2	2	0	-6.90249101373897
chrX	56215526	57734261	0.395839051157529	35	0.0828278867503537	1.32326962998292	1608	0.52297875380673	5	3	2	-6.73603857589818
chrX	62594715	155961083	0.498894225792832	1797	0.0963566496232286	1.08833576420773	135625	0.372901749990139	4	2	2	-6.75009014179982
chrX	155985299	155997868	0.127104151022732	11	0.132030643825935	0.872190943982718	59	0.265259694328818	7	6	1	-6.80517281131809
chrY	11113628	11312664	0.497985866350901	22	0.197928673365583	0.162460950690395	63	0.240740091390409	2	1	1	-8.80185863140333
chrY	56827705	56831847	0.23355172843312	18	0.176004428420223	0.711950006123972	38	0.26189121779343	4	3	1	-6.74458648335232
chrY	56832286	56837148	0.046541973865494	37	0.168498193287469	0.25575433756536	62	0.127573859528956	1	1	0	-6.77901120320778
chrY	56854907	56884113	0.27310514709668	90	0.146635970570555	0.746791546158974	277	0.262746039293939	4	3	1	-6.7824614987243
