chromosome	start.pos	end.pos	Bf	N.BAF	sd.BAF	depth.ratio	N.ratio	sd.ratio	CNt	A	B	LPP
chr1	284929	6663058	0.383962750339078	692	0.0986638658611901	0.832794544375992	23744	0.257611886110923	1	1	0	-7.28396217227736
chr1	6675642	11535236	0.372073546392136	368	0.115599718168595	0.767454217350368	16837	0.270403386284	1	1	0	-6.77666753722889
chr1	11592437	16491182	0.471963866905034	543	0.0926818677612674	0.972984264094447	21620	0.322774734965673	2	1	1	-6.80895387522776
chr1	16497886	16760937	0.316507423018432	172	0.118107095924467	0.986795094536245	1874	0.312666403192461	2	2	0	-6.86762014802898
chr1	16760970	57287355	0.498911145361218	2864	0.0931278600089736	0.982632249335269	160142	0.338769810178644	2	1	1	-6.79949825087136
chr1	57588963	99039542	0.343203913051932	1195	0.112463437422919	0.762681514156881	49635	0.273294039671253	1	1	0	-6.73658686314694
chr1	99090330	124514180	0.498885848651799	855	0.0902615048662502	0.990981837404078	45264	0.324059889339641	2	1	1	-6.74576132624509
chr1	125065988	143542957	0.277607436368927	32	0.114530031101862	1.16595076905624	1005	0.355397335931472	3	3	0	-7.2553129862798
chr1	143550946	222664252	0.498927097369959	3665	0.0884555477908894	0.984881778560679	203840	0.320758846582827	2	1	1	-6.84213862780333
chr1	222673540	248945585	0.34227474789484	1440	0.109628586432412	0.763582709200496	55978	0.265443783144729	1	1	0	-6.73740628415934
chr2	459139	21871147	0.351978086051859	580	0.11946958485106	0.762231435646615	24267	0.262583250529089	1	1	0	-6.73843525633951
chr2	22150945	87144216	0.498907291334141	3065	0.0923442159262168	0.992376963131685	137301	0.353453856991152	2	1	1	-6.75268565304881
chr2	87172604	91987791	0.479569287007748	161	0.131660451081112	0.979428886083006	6423	0.343418858790246	2	1	1	-6.75829340371033
chr2	94190317	241149506	0.498918891377401	5275	0.0929219225345479	0.981299580557914	279317	0.335509441818652	2	1	1	-7.00761892062827
chr2	241176760	242074617	0.349757438568634	129	0.107365199645701	0.75321087847945	4379	0.219794470235315	1	1	0	-6.73703048910194
chr3	238671	75598912	0.498916092484698	3602	0.0904935291525746	0.989891105789919	176628	0.336785892479472	2	1	1	-6.7762494874292
chr3	75606102	75765877	0.244690406826137	157	0.12746588986296	0.942081428794463	825	0.306362335032501	2	2	0	-6.74534045190907
chr3	75800690	90613961	0.49902551139057	227	0.0831813369065386	1.0031809951926	8398	0.390799246728974	2	1	1	-6.73360038665197
chr3	91404517	198120733	0.33500202431683	3426	0.111073774565307	0.759088413196734	155641	0.266539550584979	1	1	0	-6.73745419365753
chr4	47292	37245399	0.34794164966947	1406	0.104124319955358	0.770944591402827	50189	0.265846346761183	1	1	0	-6.79634514840517
chr4	37245539	49098202	0.498853682795498	451	0.0963665154338951	0.996572745283159	23975	0.348623846960995	2	1	1	-6.73392088123534
chr4	49098589	49711644	0.490033053902071	163	0.142689261165081	0.971670240868343	1501	0.338223038911652	2	1	1	-6.73866210090129
chr4	52029884	108841762	0.498894853951584	1842	0.0897593569855366	0.998342829804729	82060	0.352517061132029	2	1	1	-6.73415039542926
chr4	108898985	190179756	0.338871055706625	1958	0.114872103108871	0.759991812004869	83814	0.269849512949139	1	1	0	-6.73356158989899
chr5	163090	46008937	0.498884551931741	1634	0.0975956526368618	0.985100588114394	62139	0.346715357543794	2	1	1	-6.78613707304756
chr5	49599598	101320382	0.352418153769192	1357	0.108989993768564	0.776950298285932	60632	0.277085755345673	1	1	0	-6.92423544533915
chr5	101820697	181281775	0.498908305533707	3229	0.0930587180724974	0.992306674121068	161868	0.344867771486747	2	1	1	-6.75867272961741
chr6	249571	6771263	0.39948521117759	382	0.0953466094741556	1.27126511018082	13278	0.493341487985123	3	2	1	-6.74368410462996
chr6	6782654	8697822	0.498859080454596	239	0.0839168236827444	1.45228332227843	7072	0.561357572928459	4	2	2	-6.73448237184046
chr6	8718022	29667754	0.266513017420116	986	0.112962735829851	0.983618631559475	44116	0.355579110206672	2	2	0	-6.7629397252238
chr6	29669540	30456040	0.498852383588903	313	0.0760267000856368	1.41467421837807	4910	0.484179797996967	4	2	2	-6.73731662213498
chr6	30456064	30458704	0.078953166814018	9	0.129003337596789	2.09888463036746	15	1.33740681206295	12	12	0	-6.73345820979494
chr6	30469003	31908265	0.498909347624279	528	0.0882450140698832	1.44382510883893	20741	0.460622773781713	4	2	2	-6.73566922847594
chr6	31914247	33613234	0.414744685038087	565	0.106229512384506	1.247485977374	16651	0.371825308746501	3	2	1	-6.74031909243277
chr6	33615669	33781375	0.231707180213969	61	0.0895789604981796	0.98848495327276	1551	0.277141909012925	2	2	0	-6.79247636393746
chr6	33784168	35090340	0.00997080892503832	178	0.0934918347442268	1.53969292595009	7141	0.70855803335087	8	8	0	-7.62771084675829
chr6	35270377	37066836	0.238402100785643	164	0.111558655793613	0.975858480129887	9655	0.344301386572636	2	2	0	-6.76098449517334
chr6	37108202	40275760	0.498751764788691	216	0.105398257474805	1.34763488017154	10285	0.554494936260609	4	2	2	-6.7872065975498
chr6	40289921	48952136	0.265858223877008	410	0.103446603661849	1.02138664917009	28012	0.345427527443019	2	2	0	-6.75388723452309
chr6	48952739	51018173	0.428786130089538	82	0.0779122453566389	1.68903542866221	3641	0.620665126559125	5	3	2	-6.73433087814276
chr6	51070019	60964236	0.268800764385553	322	0.118667396237307	1.08811152447429	15533	0.470850472972526	2	2	0	-6.92025426076633
chr6	61531726	66333940	0.385670772661816	109	0.100995527129521	1.29526571949238	4565	0.486498233325541	3	2	1	-6.77386808246528
chr6	66348841	101444069	0.498839916902318	772	0.0979401557022272	0.984215127199521	40939	0.36803222846988	2	1	1	-6.7735886021608
chr6	101496199	148131360	0.344001453587813	1167	0.109001720578655	0.780706269486207	59304	0.285309925845542	1	1	0	-6.9670958084895
chr6	148140910	151622318	0.49879644415378	264	0.0958158375849838	0.947051578530888	9460	0.370698321991405	2	1	1	-6.77823371226992
chr6	151649219	161350329	0.39727335984811	513	0.108896726269726	0.808057009194666	19824	0.293363571909854	1	1	0	-7.12512952880632
chr6	161359046	162018243	0.276621007422389	46	0.102711596135375	1.92989053128652	1464	0.957399969698154	5	4	1	-6.74996557731846
chr6	162100737	163629014	0.498985689493131	69	0.0892610709628157	1.01313588446178	1566	0.40321470319577	2	1	1	-6.73402696889628
chr6	163863408	170611108	0.186594550172975	403	0.0997900608519227	1.32628500271301	13260	0.540257201850956	3	3	0	-6.8265763584671
chr7	50462	17699407	0.408822204913011	1487	0.098329039704646	1.27518057960962	50279	0.495114803584261	3	2	1	-6.76792948410507
chr7	17707459	23660040	0.253641848879304	223	0.103745187413417	1.00323597885122	10098	0.350171966774398	2	2	0	-6.7355362235086
chr7	23680147	54088890	0.350187735303292	862	0.108359254375265	0.777880359311973	43938	0.281542962784565	1	1	0	-6.85547052993284
chr7	54239716	58100284	0.498821161328714	333	0.108038085593841	1.00155102862601	8660	0.388707581025482	2	1	1	-6.7331259106317
chr7	60958067	64833197	0.33388040011596	181	0.123369153128015	1.48965708612317	6676	0.644228416508779	4	3	1	-6.73386412137724
chr7	64844936	67945479	0.302117252206796	286	0.120166270171007	0.750346347233501	7865	0.293154259824203	1	1	0	-6.80243851907154
chr7	68016512	68664098	0.175405453098644	88	0.106703139377331	2.58610678193737	3205	1.69608070890232	10	9	1	-6.73594720893165
chr7	68674315	69286416	0.305920118368101	59	0.116769493245852	1.49814468832488	1629	0.77725678519876	5	4	1	-6.75482701015031
chr7	69297550	80176711	0.498834416102398	665	0.104750023549612	0.99308014773198	31457	0.410007730958795	2	1	1	-6.73512915538409
chr7	80210896	86644973	0.217715485703918	284	0.106533276835499	2.26553772076907	12179	1.32875968648	7	6	1	-6.73970257674856
chr7	86918518	91118367	0.498654464523684	81	0.106124849314264	0.830480369965222	5302	0.323634996840676	2	1	1	-7.46792571003581
chr7	91146511	94457319	0.122491730965925	177	0.0852163659859059	3.8101830163702	17971	1.95983557465002	15	14	1	-6.73631738170628
chr7	94517479	96393790	0.341321290138852	45	0.0935553366201042	0.750795655012888	2846	0.229050342395137	1	1	0	-6.73640359625798
chr7	96709617	97886173	0.365138794518347	74	0.107504754809046	1.49080638661459	1947	0.667271632363829	4	3	1	-6.77155461304209
chr7	97916092	99484107	0.210583390010428	351	0.101404269882219	2.27482696558642	18075	1.03647592310363	8	7	1	-6.73923589530699
chr7	99492633	100780599	0.137265752444222	441	0.0718014658976438	3.48259195370947	30922	1.68297365097606	13	12	1	-6.73357070989672
chr7	100785983	102772454	0.342303733455197	470	0.110215859682839	0.735828768078685	12062	0.245726817805999	1	1	0	-6.75393679841227
chr7	102882775	103777110	0.201003373522592	55	0.106973164450052	2.65673808255289	6319	1.88625707866559	8	7	1	-6.73491801686545
chr7	103836252	127058297	0.336888777942536	394	0.114712532304092	0.758037798710454	24435	0.262697049000556	1	1	0	-6.7359262294118
chr7	127086344	127923136	0.133823527593837	68	0.087553670984701	3.57333627147265	4419	2.24538002629428	13	12	1	-6.73404499364965
chr7	128002985	129776618	0.326823252661949	156	0.10900602782674	0.762291114812077	7167	0.278772898055158	1	1	0	-6.74490137719375
chr7	129787932	130172420	0.0653710111790394	39	0.0903988687185135	3.61596960647456	4675	1.98870075205764	14	14	0	-6.73351902105231
chr7	130175372	131236745	0.165061199482604	163	0.104851413461118	3.01811203964795	8476	1.80446151316957	10	9	1	-6.73531779076991
chr7	131242277	159260919	0.347028163402968	1412	0.109187447334595	0.756744305634898	57361	0.291240448521473	1	1	0	-6.7383894875012
chr8	213654	7525096	0.430592590636836	428	0.106006264766759	1.18865519133491	9934	0.480471664710419	3	2	1	-6.80699171083811
chr8	7525142	10471320	0.35868880551493	163	0.128161560517119	0.762661656366394	3527	0.298944293307309	1	1	0	-6.74326356489151
chr8	10471332	12185371	0.499179442964294	164	0.0688926094945946	0.959284389579269	4235	0.290455194963355	2	1	1	-6.75438634582328
chr8	12185538	43372784	0.337641635210558	1136	0.105495889426952	0.782332862223033	55946	0.285857206011626	1	1	0	-6.9168205355179
chr8	45952307	145066250	0.498908022919556	3189	0.0893420543861465	1.00191010121229	150832	0.363519162793882	2	1	1	-6.73431352470432
chr9	117666	2686336	0.257129173536476	175	0.101981766939867	0.986106205844911	4384	0.35175520741123	2	2	0	-6.73604065528528
chr9	2692966	27921849	0.348550296896112	733	0.107405976043024	0.770936317621514	26392	0.281940911644631	1	1	0	-6.77232645063158
chr9	28172114	38807482	0.498880767947227	498	0.0974719137242908	0.970750309491227	29637	0.316960322518278	2	1	1	-6.78960646464923
chr9	38981816	43242683	0.498712361501125	399	0.128031667057113	0.994682020394429	3695	0.40885529903154	2	1	1	-6.73357191802264
chr9	61185495	68333969	0.318838177866518	264	0.133741071690139	0.990993117464708	3001	0.368486518641793	2	2	0	-6.84971384610145
chr9	68384399	138214444	0.498917503424271	3853	0.0892401641061741	0.986538558580737	190753	0.338889364696433	2	1	1	-6.80211715245153
chr10	326911	39967657	0.32611015671357	1707	0.113369640213556	0.751031173039097	60449	0.277288949182745	1	1	0	-6.79027315226851
chr10	41858411	133689420	0.337699746656769	3559	0.110061785270813	0.752677430503289	162051	0.257184968025252	1	1	0	-6.81552208521245
chr11	193627	48352394	0.329783860444973	2627	0.102798202126189	0.75614689386188	98350	0.241364813729844	1	1	0	-6.75586335091868
chr11	48358921	50512765	0.498832985716094	165	0.0874256402439358	0.979521490036749	3567	0.336844479433742	2	1	1	-6.73814102050206
chr11	54592419	55683837	0.499324036854222	42	0.059815434286326	1.01144112201835	1347	0.251871729908643	2	1	1	-6.73437723061396
chr11	55719701	60493097	0.351345831753395	273	0.0973889740180516	0.761291167398761	13046	0.230738529568034	1	1	0	-6.73853476377986
chr11	60497156	62680091	0.499099815833972	254	0.0768034150125654	0.978449584272648	14828	0.281904322272116	2	1	1	-6.74112564416674
chr11	62787770	67004578	0.329925884670392	485	0.103191636837806	0.76040452119528	30341	0.22493930360514	1	1	0	-6.74137949758795
chr11	67026637	69745383	0.195813201545069	521	0.0954207710584403	2.59919824287852	29683	1.28170772350038	9	8	1	-6.73960544490861
chr11	69749142	71059009	0.2981160850765	128	0.104945907279533	1.63435428049813	5922	0.770882011880163	5	4	1	-6.73951229037294
chr11	71118545	72004904	0.369876553411132	127	0.0808908258660173	1.32899713193376	3489	0.618386894028395	3	2	1	-6.83993742930407
chr11	72018804	73071429	0.288154776893504	94	0.0903024557603934	1.68985857049914	8123	0.618040291129069	5	4	1	-6.73403867827009
chr11	73234975	74379651	0.362069933879808	73	0.126223805245502	0.746117815725718	4242	0.264553877383394	1	1	0	-6.75143745034527
chr11	74414055	75391677	0.128477521890791	183	0.0785161503412439	3.53075911012641	9558	2.10909389154515	14	13	1	-6.7342242961985
chr11	75392786	76678157	0.0757492275580774	137	0.0587025188853636	4.81997905210832	12918	3.11070556723821	13	13	0	-6.74254299220676
chr11	76683162	79901942	0.124057253572548	372	0.0846666836684959	3.68147191677418	25147	2.01727352003233	14	13	1	-6.73628742260287
chr11	79921955	82102543	0.202464186901375	55	0.112797375020201	2.30004068061412	1818	1.54738647782432	8	7	1	-6.73523779551775
chr11	82397081	83930565	0.363451745559079	45	0.115431128620253	0.767913335862608	2272	0.250632425876384	1	1	0	-6.75496663936033
chr11	84521890	88521153	0.324986532471193	207	0.106295972101953	1.62120011839043	8227	0.941084898551903	4	3	1	-6.76406469264402
chr11	88540985	90292527	0.128583867078514	54	0.0960527821937284	3.27977648487882	6132	1.61011221536189	13	12	1	-6.74245990473601
chr11	90383527	93184306	0.263114074767622	106	0.100466899243809	1.87546444551166	4015	0.840009480457929	6	5	1	-6.7415274809089
chr11	93197890	135003741	0.330831648066649	1422	0.104867762271907	0.751204420752385	72701	0.247582887097067	1	1	0	-6.79754052642048
chr12	12233	34523014	0.498904514695073	2208	0.0932978597031287	0.991799693279797	85960	0.337901990700496	2	1	1	-6.74622735153286
chr12	37418138	49237912	0.498868128239702	607	0.0942450901103705	1.07251697036975	28299	0.417387104929989	2	1	1	-6.92478989518812
chr12	49243210	49373973	0.217631767163429	35	0.125237790629189	2.08651406408892	1946	0.827325353594934	7	6	1	-6.73690819568616
chr12	49378677	52146149	0.329709009188948	353	0.103620911410835	1.4656788436189	21086	0.551988297416881	4	3	1	-6.73726510259679
chr12	52146442	53119364	0.221272511512756	288	0.0769105598190032	2.14783961169802	13550	0.716936450634656	7	6	1	-6.73734847024303
chr12	53119381	54807953	0.320360549530022	59	0.123119002270351	1.57070619794529	13778	0.58154726840457	4	3	1	-6.7555780949292
chr12	54973548	57564530	0.49906583106415	178	0.0805182800578533	0.990550007192397	20729	0.272400206358521	2	1	1	-6.73511129563513
chr12	57574932	59489168	0.214352772788828	173	0.103256643694235	2.19097426309801	8620	0.825228311691134	7	6	1	-6.74244126443142
chr12	59523242	66568318	0.499052512928049	227	0.0853363611271752	1.02426847766146	11393	0.427678734279227	2	1	1	-6.74605589698934
chr12	66612584	67978291	0.231008568444787	83	0.106224144664881	2.20466255916843	2801	1.05607764625206	7	6	1	-6.73377424659363
chr12	68003593	69610370	0.282563701021592	144	0.0878228108482279	1.71482468214985	6704	0.787594967902618	5	4	1	-6.73818901932496
chr12	69643740	90025415	0.498855756343593	502	0.0884336002100456	1.01741934975299	24344	0.361047095384732	2	1	1	-6.76008953630608
chr12	90048224	108592336	0.350723946098129	749	0.106978735308941	0.754317547543615	31897	0.265182161391874	1	1	0	-6.74649343653064
chr12	108631656	133259913	0.498894026506519	1783	0.0923351674177866	0.99276573409348	91002	0.355697790765161	2	1	1	-6.73974788084714
chr13	17312106	17644944	0.211	1	NA	2.12127517920653	13	1.79883432697329	7	7	0	-5.76449334540966
chr13	18177561	114354016	0.307405394187075	2905	0.115805622932825	0.835635501476198	116018	0.30069917481532	1	1	0	-9.98425098486902
chr14	16099174	16402213	0.108992896479584	5	0.107728826225853	1.26851397315442	21	0.45555053558984	5	5	0	-6.9038763525748
chr14	18289828	19936576	0.334034485361991	135	0.107552261712375	0.999558098981618	2696	0.353087310130745	2	2	0	-7.00465964186431
chr14	19975713	21196551	0.499193420428989	176	0.0670431008391607	0.983963948980278	6385	0.281041286436755	2	1	1	-6.73562361772516
chr14	21353662	24324441	0.348545726206921	278	0.0973041539809286	0.755170433343366	18271	0.213781587851731	1	1	0	-6.73738353555946
chr14	24409279	40181848	0.49885269808572	438	0.0942036194240101	0.988710141972449	23363	0.364802057030954	2	1	1	-6.7427269207365
chr14	40184501	81669816	0.351165530175917	1303	0.10866463737773	0.76116743649379	73896	0.276418955864242	1	1	0	-6.7377116833391
chr14	81685815	106802973	0.498896804416382	1555	0.0900099262466516	0.992304859265839	65277	0.33435381863271	2	1	1	-6.74174372916105
chr15	19964897	83016089	0.326654472221212	2873	0.11212965676353	0.746437344207477	149041	0.250904737237061	1	1	0	-6.93889381962791
chr15	83037836	91784597	0.152904333769197	933	0.0886201628206163	1.66986215841482	38522	0.660986783857005	5	5	0	-6.74395410601229
chr15	91915957	93648415	0.349139589317244	114	0.0961444119170013	0.755065458463747	2775	0.260779546897368	1	1	0	-6.73694507141045
chr15	93724832	99413738	0.154043693559309	254	0.095356415812141	1.67171943180208	9769	0.769237462494036	5	5	0	-6.73834177073667
chr15	99485912	101666385	0.104967668882151	184	0.07369396284887	2.46936063939317	10616	1.04515361211432	8	8	0	-6.73347236002353
chr15	101667914	101915184	0.272357828423912	40	0.127626154280423	1.49963298765299	1360	0.483920552152822	5	4	1	-6.75732771991686
chr16	11651	32066286	0.498903891691111	2667	0.0941400169495729	0.99190064535894	138172	0.341254709485917	2	1	1	-6.74477334541432
chr16	32101910	36104311	0.495934887667083	128	0.132164578553828	0.99282363638741	3599	0.331143935027706	2	1	1	-6.73482279648138
chr16	46386256	50077163	0.373967399196369	114	0.114170135098835	0.780870622085765	7921	0.293082316067712	1	1	0	-6.79787616143934
chr16	50080594	90166424	0.333287110037054	2499	0.10942269521525	0.74852080948186	99276	0.254510698458721	1	1	0	-6.8248130561288
chr17	137603	16309740	0.336900012544514	1436	0.110154356633259	0.752051943742511	67132	0.245341310501616	1	1	0	-6.75308632807636
chr17	16318005	22617147	0.498818037757093	704	0.103386655161763	0.982366401553642	25845	0.365829824929896	2	1	1	-6.74231532487668
chr17	25074459	46082622	0.498898408893822	1659	0.0914931141457894	0.98783234688085	101850	0.328520644014499	2	1	1	-6.75137241652781
chr17	46096702	46539546	0.334859791454879	166	0.126995091797421	0.983871612444442	1769	0.358808141587824	1	1	0	-6.86920341201754
chr17	46548981	83194874	0.498920961111957	2894	0.0906290812946005	0.994598894425873	146940	0.353166616547104	2	1	1	-6.73882656585174
chr18	47858	15350708	0.498875827631907	915	0.0961389725527614	0.989232428891667	30719	0.364424058681815	2	1	1	-6.74162583501442
chr18	20946254	51197069	0.49886257052672	707	0.0947461545330402	0.985921359465299	45858	0.363342541555364	2	1	1	-6.76171772853092
chr18	51200832	58399813	0.360554557716675	167	0.118472495534846	0.785705444228372	7132	0.326389225813732	1	1	0	-6.79133693192759
chr18	58469805	70205542	0.499065327067496	383	0.0879749434771519	0.998101865343251	15157	0.35500570166405	2	1	1	-6.73336273429401
chr18	70244589	80174696	0.310701242147281	268	0.114623528809802	0.759406357625416	9176	0.272299428096905	1	1	0	-6.77782287923459
chr19	107381	1049481	0.340332135116506	256	0.113554584082618	0.778217144549127	6101	0.269883457309921	1	1	0	-6.73742531589205
chr19	1080926	15893728	0.498904171964663	2699	0.0930619338986945	0.994889106346671	128673	0.343834157573022	2	1	1	-6.73530684513225
chr19	15902528	19091759	0.376476864261323	786	0.0930899007425912	1.28844585687907	34003	0.458951522858161	3	2	1	-6.79528680021438
chr19	19101849	20167343	0.329756119600042	99	0.114057523813225	0.739427247224578	6622	0.232866964874815	1	1	0	-6.7491013662942
chr19	20389706	22138454	0.499042882335021	291	0.0819129428417792	0.984176452191489	6971	0.30856421698462	2	1	1	-6.7360128022447
chr19	22138471	23827191	0.302657274041548	279	0.0984893756352393	1.49910605133822	8442	0.594290766193955	5	4	1	-6.79580082963173
chr19	23847457	24394204	0.436362808524615	37	0.107649393365183	0.997582418194959	1015	0.344132095701185	3	2	1	-6.91796953561736
chr19	27392054	55856274	0.498920899540959	3873	0.0926979269875439	0.979727502377754	187979	0.319120151435031	2	1	1	-6.80453012878236
chr19	55857948	55943341	0.249779622351961	27	0.0931868967226494	1.70862129762409	920	0.588565324772315	6	5	1	-6.73778292665518
chr19	55950850	58545385	0.349962514788038	331	0.100750453892451	0.738762248945692	14374	0.222005723048954	1	1	0	-6.76243983750064
chr20	101574	26172245	0.483262305558765	1228	0.0881535413336062	0.983413103669491	50995	0.355995762517528	2	1	1	-6.79006402185561
chr20	28559257	31612776	0.498729365361014	728	0.133028005755027	0.979490395362931	5233	0.377236059569403	2	1	1	-6.73875775609279
chr20	31760029	64328010	0.498906186043746	2299	0.0941559562103887	0.985104501635985	109505	0.339640918764995	2	1	1	-6.77243661706532
chr21	5218123	13036710	0.49624128052979	784	0.125281575262508	0.879476591702719	4798	0.314402839414052	2	1	1	-7.43179429179874
chr21	13227711	40144439	0.498870012466195	1008	0.0953416168062686	0.995426501698486	41645	0.369371334803886	2	1	1	-6.73591217726421
chr21	40145518	46645223	0.340380088944446	569	0.0986399547372217	0.755909484205988	19862	0.22959158169418	1	1	0	-6.73559575524708
chr22	10667157	12801469	0.407588837993102	783	0.127761459131543	0.936485056787722	3688	0.343930083406895	2	1	1	-7.07822795594935
chr22	15350241	24796519	0.319168398573814	1244	0.103674329392606	1.48185380506783	52420	0.542780726974683	4	3	1	-6.75244189723177
chr22	24799573	50808384	0.395009438938014	2541	0.0910605902497312	1.22874413818354	128354	0.438827310744442	3	2	1	-6.74505929522446
chrX	278445	52862789	0.265021854223253	367	0.121576954201018	0.971384359025773	43475	0.322728313718926	2	2	0	-6.98364960988872
chrX	70284228	155996516	0.498599748978161	47	0.115854633149485	0.991553845912522	59066	0.302689069117295	2	1	1	-6.77589568071419
chrY	3852210	11747664	0.415053445269337	113	0.138380880808002	0.671677116955683	1501	0.431229472276323	1	1	0	-7.26244824206308
chrY	19413679	56887043	0.498689770269198	236	0.133685364314149	0.676800912980703	1669	0.298429260366204	1	1	0	-9.73816666461862
