chromosome	start.pos	end.pos	Bf	N.BAF	sd.BAF	depth.ratio	N.ratio	sd.ratio	CNt	A	B	LPP
chr1	61987	13178963	0.132186646401188	996	0.10961968500483	0.609682585309146	35946	0.213493768901627	2	2	0	-6.75158443828741
chr1	13224919	13230703	0.453665226988354	28	0.0863595520033668	0.64135316501072	82	0.264951832986812	9	5	4	-6.8062632649997
chr1	13232746	16539538	0.126062527957202	315	0.124102801614294	0.607473250077222	8624	0.225232087572537	2	2	0	-6.73786406481788
chr1	16549068	16947843	0.498608061261768	174	0.160227533632803	0.587695732175554	1903	0.217382846456357	2	1	1	-6.73661740728268
chr1	16975177	19193288	0.126577602076143	243	0.0964389813725975	0.60502808826335	5677	0.202757341984081	2	2	0	-6.73782261102163
chr1	19198991	60039945	0.498911800099049	3142	0.0885822703875493	1.04233125369527	139440	0.376220425262685	4	2	2	-6.73354917820772
chr1	60844121	99582289	0.134184461446058	960	0.107662344974945	0.597825902292025	35702	0.217872086595504	2	2	0	-6.77573201849265
chr1	99686887	121436587	0.498885972686479	902	0.0896972719844392	1.02031080172719	39727	0.343726071042761	4	2	2	-6.79062496177019
chr1	123935427	248918526	0.357260962740771	7888	0.100020236951931	1.4454710423349	316121	0.541665233838641	6	4	2	-6.9110307050368
chr2	92388	89020337	0.132724140381874	2860	0.105412079972939	0.600624134727934	106330	0.218956777908339	2	2	0	-6.75777718622295
chr2	89040287	91879850	0.128469814243538	104	0.144326189297377	0.604372012797931	2550	0.246462857397341	2	2	0	-6.73432278382487
chr2	94190317	95991827	0.25073097510396	109	0.119667221780818	0.620600886650153	2566	0.227410398303196	2	2	0	-7.26383203720565
chr2	96013636	97151732	0.139960324499704	64	0.0860052543153107	0.596460361545107	4834	0.181631716201792	2	2	0	-6.73783524087143
chr2	97159967	97256252	0.427158619524104	40	0.124786152975236	0.744544940647969	240	0.213281312806838	3	2	1	-6.88539015285987
chr2	97355418	157427198	0.133929641461865	1407	0.109524736069607	0.600183984532341	55141	0.223296315012422	2	2	0	-6.75433672343034
chr2	157434676	242183443	0.498920314698793	4146	0.090363157570352	1.02620806816954	164581	0.35403655285892	4	2	2	-6.85030278401654
chr3	22224	90507212	0.49891088887726	3624	0.092777585187126	1.02674830103767	164009	0.355896386489605	4	2	2	-6.84946670161862
chr3	91445573	198120733	0.498915820403014	4552	0.0937519269925096	1.03082724447962	167803	0.373655093942622	4	2	2	-6.8058381016361
chr4	13995	15600635	0.498882483592255	1156	0.0971127161495931	1.03293736333097	35381	0.355178752146947	4	2	2	-6.74147000102245
chr4	15614233	17842406	0.125892323633619	121	0.0924254848401342	0.585529596927381	2836	0.208321970459895	2	2	0	-6.76672515733772
chr4	17874545	49091992	0.498871557362854	1061	0.0926265422577372	1.03965582602552	35052	0.403755892974957	4	2	2	-6.73509134142812
chr4	49092089	49711644	0.47597007802174	203	0.146653016014936	1.1685513736544	2249	0.541045632022497	4	2	2	-6.76519058879946
chr4	51996084	53396001	0.171413137070029	81	0.120436756622217	2.68788545288944	3710	2.02282521770114	13	11	2	-6.73596260108992
chr4	53419928	55600567	0.277268386066468	163	0.11159992681144	1.89984088206797	5492	1.24589983774608	8	6	2	-6.73497283350843
chr4	55628652	55985529	0.0993117692766928	37	0.0891317225457018	3.91689973221793	1854	2.01460048142729	13	12	1	-6.73654968428455
chr4	56003584	61297825	0.30636458354785	296	0.121706839524286	1.66918573600093	7913	0.994247905604381	7	5	2	-6.73445914229034
chr4	61333855	65643476	0.193034803530536	210	0.0993830753750138	2.84869429269953	6080	1.48671063081689	12	10	2	-6.73628223341089
chr4	66199556	67621525	0.498545896518332	34	0.144862550872461	0.930396107891666	770	0.388543149351971	4	2	2	-6.80714206409846
chr4	67624301	68517713	0.120818182731325	36	0.111272324316203	0.587088554888442	1394	0.201117957161396	2	2	0	-6.75276004564799
chr4	68550838	81107942	0.498873747677029	581	0.0917614318949173	1.0151660701185	21271	0.341821940814617	4	2	2	-6.78318780576429
chr4	81153910	130957000	0.136707295144775	1153	0.106428279238138	0.597552716558766	42494	0.221291385156113	2	2	0	-6.79151950376969
chr4	131403860	153441498	0.498852504807687	596	0.0899854643323039	1.03423782814559	23008	0.395399430951058	4	2	2	-6.74054212302385
chr4	153558278	153690364	0.1335796905318	23	0.0921422898620805	0.597384479047622	446	0.223319737798682	2	2	0	-6.73333459932847
chr4	153703504	165547457	0.498815396243123	380	0.0985754460647565	1.02503133447206	12534	0.386154249975612	4	2	2	-6.74905239889584
chr4	165547892	167011358	0.112462022366144	24	0.16064631689035	0.668416758521105	780	0.28812481499145	2	2	0	-6.8534003750856
chr4	167312824	190179746	0.49886435717518	1013	0.0925679112096629	1.03413568058104	26458	0.393268461433164	4	2	2	-6.74106163938621
chr5	103875	46206800	0.498893753022595	1764	0.0898448755218026	1.0262519061886	54589	0.384429401684662	4	2	2	-6.78748866884805
chr5	49599598	50190403	0.375636865028585	76	0.119927873060611	1.1315275510375	763	0.308115571022048	5	3	2	-6.8359390473428
chr5	50399974	181288546	0.498922699249075	5469	0.091757290039448	1.02872785222411	207703	0.376536856040727	4	2	2	-6.85065106254534
chr6	171003	311636	0.070314663165265	16	0.138430834113406	1.3494331341739	292	0.594431441093761	5	5	0	-6.73512596950251
chr6	312023	367109	0.312520137858803	12	0.139481588879549	1.2766264097888	180	0.254792996394708	4	3	1	-6.77055380186068
chr6	367243	31321319	0.0554872380401987	2594	0.0615763112426033	1.42755150163679	83353	0.569416180692599	6	6	0	-6.81946296430924
chr6	31354079	31354682	0.154365381479827	11	0.048619861261535	1.10126945460101	30	0.265876993856311	8	7	1	-6.73605623833911
chr6	31355219	32446112	0.0577414041456497	453	0.0434672622705022	1.43605427767006	14866	0.435957899119248	6	6	0	-6.73941994358137
chr6	32446643	32475354	0.0816320425798993	15	0.0675508274243498	1.53948204549978	100	0.695528259670303	4	4	0	-6.74009828196973
chr6	32475433	32598030	0.0266734258559717	66	0.0207586025642282	2.22927112923359	531	0.762417460937385	13	13	0	-6.74491434499593
chr6	32600241	42508676	0.056712514685039	1203	0.055850568151561	1.43559474250463	46697	0.539347471567822	6	6	0	-6.7565178723005
chr6	42620661	42750492	0.0783256034447803	9	0.218324872609604	1.4719339027761	1097	0.544271042854398	6	6	0	-6.73996127716255
chr6	42751952	49628658	0.052112631657131	569	0.0548843156774219	1.42751901566757	23363	0.507765864667642	6	6	0	-6.75896356809776
chr6	49697744	49887607	0.137361773030332	15	0.0761414723361967	0.572743358487984	306	0.157526494755253	2	2	0	-6.74610433375764
chr6	49918061	56433241	0.0584208933815585	236	0.056356807880206	1.40501078840273	11171	0.558628548651149	6	6	0	-6.7730946477891
chr6	56445430	56692522	0.262262575865775	60	0.0696332685603331	1.8430645502731	2745	0.490397686029052	8	6	2	-6.74397592049569
chr6	56701124	58414644	0.499041515357109	47	0.0823097025965689	1.09432388594965	2081	0.462451657755512	4	2	2	-6.74375819453047
chr6	60290742	170584276	0.498914120484666	4203	0.0886542325582239	1.04053887610545	145686	0.384932692274317	4	2	2	-6.73796503611395
chr7	31439	58100632	0.498909169026862	3355	0.093874291273932	1.03519592885808	100092	0.382127010612516	4	2	2	-6.75007206654612
chr7	60981491	62388077	0.28761652487042	13	0.0800993773784182	1.41926921247213	62	0.555895654639583	7	5	2	-6.85549920129522
chr7	62388151	65755476	0.149013434519113	155	0.124847879955773	0.612441972149895	4323	0.249706080095144	2	2	0	-6.74765558745109
chr7	65763141	65822270	0.498910301652863	56	0.109142085398781	0.744701556709961	265	0.327850646437298	2	1	1	-6.74765381370404
chr7	65970508	80671133	0.124868405473564	660	0.127965218737402	0.611743858793953	23246	0.251460493264158	2	2	0	-6.762651722592
chr7	80922146	159177989	0.498913899355954	4160	0.0935373662378692	1.02635693632736	157100	0.370172525221824	4	2	2	-6.83074523166094
chr8	213370	43691375	0.498898822729181	2487	0.0917603930034215	1.01686140075016	74872	0.377221523977025	4	2	2	-6.85743568924588
chr8	46035974	145066761	0.498911412564678	3711	0.0916674799860463	1.0265653332542	131291	0.390138373539458	4	2	2	-6.84151211172202
chr9	117696	38226588	0.498893534605258	1749	0.0932148441075095	1.02257748960109	57711	0.373446978169851	4	2	2	-6.80260599234948
chr9	38245699	42795584	0.498713645533973	429	0.122924190015071	1.04965549718234	4058	0.432156495414896	4	2	2	-6.73352609923583
chr9	61165843	67760137	0.49866590599851	205	0.119395920550468	1.05236795862159	2614	0.435261670492972	4	2	2	-6.73444393033691
chr9	67800317	138217089	0.498914619435843	4302	0.0905323905885115	1.03315858520498	170414	0.370379723219184	4	2	2	-6.76632759884516
chr10	47864	38439180	0.498901192440332	2381	0.0900767106850683	1.09948689133566	70266	0.426854710743716	4	2	2	-7.05461037226561
chr10	38443643	39475690	0.49853971980183	62	0.130273536612845	1.19189508252798	496	0.540992201730309	4	2	2	-6.77002797473738
chr10	39986485	42280821	0.49850399509312	57	0.149280060091266	1.16510031521271	578	0.449640126347739	4	2	2	-6.81403678469896
chr10	42342495	82799299	0.498893387741058	1739	0.0897703271542296	0.96498662604439	65182	0.343957987198414	4	2	2	-7.79212638770168
chr10	82810517	93064388	0.248965136685703	296	0.121756743612863	0.643321672983872	12066	0.228161939507492	2	2	0	-7.66587366070919
chr10	93079034	93456866	0.141207277610188	55	0.0881870410477311	1.01385880724464	1265	0.370118647817832	3	3	0	-6.93858418686224
chr10	93457850	133787147	0.245377321779671	1896	0.115898445899986	0.643788403582097	65880	0.221219348297108	2	2	0	-8.80730182584055
chr11	209002	1011490	0.128560651001939	207	0.0934106819836652	0.622290290246661	5900	0.191028011029158	2	2	0	-6.74832119241864
chr11	1016665	1018355	0.341414430678624	33	0.105689054004488	0.548124604897367	118	0.0477965873481821	3	2	1	-6.83886337720587
chr11	1018527	44618718	0.134836950967729	1823	0.101042096182502	0.592390879809057	58134	0.19533929532654	2	2	0	-6.95897228415689
chr11	44773142	46543857	0.498539639478726	33	0.137619025618267	0.217131081438788	2119	0.150644721727248	0	0	0	-9.21466791599021
chr11	46678980	50085136	0.140404360039952	158	0.0993682700462973	0.683185383581574	9819	0.318921215301427	2	2	0	-7.02930786482186
chr11	54604614	112194760	0.498923415368088	3027	0.0887334407922185	1.03399562525443	145122	0.344690307654793	4	2	2	-6.75982026955636
chr11	112200848	134986767	0.12843696603716	1121	0.10109379488924	0.588172197031588	36411	0.198273769051323	2	2	0	-6.95602120826242
chr12	12233	23390798	0.498907121333635	1771	0.0928468694449993	1.0272703143226	59056	0.359796075988384	4	2	2	-6.76116877117227
chr12	23721331	25102100	0.0836304833236158	21	0.142609723838641	0.630314037990802	913	0.252366304244513	2	2	0	-6.83445826606757
chr12	25104495	34249489	0.498839253626078	562	0.0877976812605668	1.04408213672106	16392	0.398081003149416	4	2	2	-6.73313497077755
chr12	37466151	76312887	0.49675110453685	2209	0.0857453480542802	1.03452484991162	100608	0.358945766459321	4	2	2	-6.7488068629481
chr12	76386702	77182244	0.106411924557484	28	0.118288427652083	0.603634610352836	1101	0.217615174352942	2	2	0	-6.76787336541547
chr12	77572071	93685736	0.498846969983209	382	0.089507327289808	1.03911414188616	15167	0.393570895258822	4	2	2	-6.73448746408689
chr12	93770362	94354777	0.137688805705745	24	0.115651243594384	0.595761009864802	779	0.195159464367737	2	2	0	-6.73486866232765
chr12	94400962	133224730	0.498911572026341	2920	0.0931176578907531	1.03990836667438	111453	0.382389474422117	4	2	2	-6.73553532954596
chr13	18178016	18212090	0.471869635025356	19	0.157790593335057	1.09651327821111	123	0.323716129472013	4	2	2	-6.75250922125552
chr13	18212124	18290517	0.129017256395892	17	0.105713715788834	1.04903834032672	286	0.368875092491857	3	3	0	-6.80147825738818
chr13	18290778	18346972	0.309427663499415	13	0.0816600206610247	1.06723494150821	244	0.509156530395957	7	5	2	-6.76236373841288
chr13	18413176	62946967	0.0740431645820859	1983	0.081331987152033	1.03382681997699	67309	0.401916487526587	4	4	0	-6.75021117761861
chr13	63052503	63466306	0.444181938407774	9	0.107948032764742	1.06520139281931	161	0.453303191028802	5	3	2	-6.8182841130371
chr13	63476045	114354022	0.0731873968728831	1502	0.0829758314084613	1.02929187366358	49210	0.396846134907095	4	4	0	-6.77370747074505
chr14	18289828	19669181	0.38710963949082	39	0.141469318762575	1.04362901748323	653	0.404986450448913	5	3	2	-6.93292759287655
chr14	19669225	59527137	0.498909216691147	2200	0.0904397133246689	1.03909283374898	75433	0.363887352586538	4	2	2	-6.73707986353268
chr14	59565278	105622067	0.131172413482573	2139	0.104471873863975	0.59785550831199	75141	0.214161462705334	2	2	0	-6.78570361148187
chr14	105624992	105662030	0.0951571214789151	11	0.1497420812901	0.668046386704477	75	0.353988760446603	3	3	0	-6.7411758083676
chr14	105668298	106324503	0.14163317921928	117	0.102920959202713	0.593104366852708	1885	0.181518187333728	2	2	0	-6.73909405135695
chr14	106324560	106351971	0.498541447615783	40	0.126944516448763	0.51421833585924	154	0.088304829135527	2	1	1	-6.78663609504786
chr14	106356189	106874896	0.117210962718872	154	0.0987651172377655	0.581166393504754	1731	0.192180224203869	2	2	0	-6.76434062497829
chr15	19882294	40957270	0.498848645592489	1627	0.113891180310018	1.0192849928206	42356	0.390176118701479	4	2	2	-6.78029192004321
chr15	40972085	48073480	0.127134586811249	502	0.0935190942189398	0.596914861031251	21163	0.216087109102058	2	2	0	-6.74807944084809
chr15	48134287	99588230	0.498908015799779	3188	0.0897679322620522	1.03057273643244	123677	0.368425379241638	4	2	2	-6.77084135116341
chr15	99641556	100306586	0.146035191757211	55	0.102440745786559	0.601743142166896	853	0.227189418010042	2	2	0	-6.74004638365984
chr15	100349291	101915195	0.498843986714883	156	0.0921454472961243	1.01462329000027	4045	0.32555123709651	4	2	2	-6.74032439592161
chr16	55325	34268473	0.498918835715769	3615	0.0935679852204067	1.0419887885214	125513	0.362005678765403	4	2	2	-6.73367684351672
chr16	34571817	35643886	0.478289242005026	71	0.133426583253534	0.614307748505341	1123	0.244134275951231	2	1	1	-6.75230225993733
chr16	46386234	46401545	0.447275291053852	56	0.106249082501768	0.623738012162158	901	0.133110992428649	2	1	1	-6.87782387886209
chr16	46550410	67003151	0.133675862239639	594	0.108500921761041	0.615586901063741	27523	0.244362937129427	2	2	0	-6.8134856376306
chr16	67058445	68120327	0.267762481186934	221	0.0989370481160715	1.92739637685874	15922	0.730726998324439	8	6	2	-6.73373896298174
chr16	68144988	68759633	0.216404006840773	151	0.0981301694410307	2.35338613765178	5801	1.09985817903193	10	8	2	-6.73416794610946
chr16	68766041	69660840	0.499210698111341	99	0.0703802084209314	1.12788556568972	4476	0.650052780709343	4	2	2	-6.74068941517398
chr16	69687917	70647227	0.121735718411391	181	0.128775245219961	0.588658969174457	4431	0.213508494653824	2	2	0	-6.74715743793344
chr16	70655284	71230620	0.498935606569711	54	0.0976048039996062	1.29354317653287	2131	0.472357618362993	6	3	3	-6.76228965541503
chr16	71283664	77326122	0.13133693053653	342	0.123157496994178	0.595303039968048	11473	0.218047486084871	2	2	0	-6.74762541513255
chr16	77355865	78805508	0.129442249970806	89	0.0863075909486681	1.04129479888636	1973	0.423010695114045	4	4	0	-6.93871554944474
chr16	78881323	90092185	0.131864140400774	1165	0.103572562515802	0.60609066899484	22469	0.215758443588494	2	2	0	-6.73632760944828
chr17	84658	21298622	0.49891151167812	2912	0.0902246088051949	1.03374325058828	95998	0.352807455121128	4	2	2	-6.74301679329232
chr17	21298669	24421526	0.412242629542973	341	0.103043689098521	1.02629092610235	2230	0.474655504263641	5	3	2	-7.07446109438532
chr17	26604082	83151013	0.498921783319619	5555	0.0918130418701617	1.04101436197151	226399	0.361943052290831	4	2	2	-6.73519806911944
chr18	49639	15379023	0.498879538952752	1041	0.0974390784817356	1.06997667182212	28600	0.419174501596342	4	2	2	-6.76462855166246
chr18	20953676	63174511	0.498887784751503	1404	0.091345082782813	1.0945560432646	58162	0.412993872842606	4	2	2	-7.04844802232551
chr18	63212604	80250865	0.372741171648977	690	0.0999248328167621	1.39836598870398	20580	0.587207477568106	6	4	2	-6.86378868773433
chr19	281383	24175288	0.498927908724752	5033	0.087962436326308	1.04263294659167	169740	0.355701159608173	4	2	2	-6.73330584254299
chr19	27832088	58599162	0.498922641321984	5453	0.0920795177420446	1.02976111453529	186558	0.348827170402411	4	2	2	-6.76148099065101
chr20	96321	26133007	0.498887708414885	1400	0.0868422580287754	1.02088684932058	45294	0.370946701573917	4	2	2	-6.78937042884577
chr20	28559257	30910815	0.498749075936862	621	0.122024814326482	1.03656342224476	2916	0.426393458803508	4	2	2	-6.7334864936492
chr20	30917834	31757279	0.498559238749158	75	0.136643878565963	1.11058592976639	2392	0.492490736171111	4	2	2	-6.74103070059655
chr20	31760029	64281506	0.498914624015648	2507	0.0867593362771498	1.03638075895656	98103	0.373564331042723	4	2	2	-6.74056420178462
chr21	5032028	10737112	0.315324313284301	688	0.13649772632818	1.01221877211443	4217	0.475702460634519	4	3	1	-6.76963214925593
chr21	13000304	41036187	0.498869681349703	1179	0.0949983626969297	1.03609598761599	37441	0.401799690990551	4	2	2	-6.73908597854193
chr21	41246125	46692843	0.139790625016397	650	0.0969491071162049	0.594369193698391	15086	0.192247868329822	2	2	0	-6.75476641110902
chr22	10662991	12801441	0.48846956705935	660	0.134634006933138	1.06027280569378	3665	0.411254510492006	4	2	2	-6.73924757748755
chr22	15562384	50808384	0.49892057330835	3937	0.0912190484075579	1.03830892197353	131825	0.362662003983607	4	2	2	-6.73786914929146
chrX	260252	57734261	0.498874817772587	1952	0.0963502199482484	1.03786759884873	101012	0.395478010727245	4	2	2	-6.74068784160669
chrX	62594715	155997868	0.498889081143967	1685	0.0913384825437619	1.0163120759396	122379	0.364382501909751	4	2	2	-7.02301508757761
chrY	10785299	56885653	0.314033854553457	231	0.130886979031069	1.02830515107445	1031	0.39344888455403	4	3	1	-6.79545208310945
