chromosome	start.pos	end.pos	Bf	N.BAF	sd.BAF	depth.ratio	N.ratio	sd.ratio	CNt	A	B	LPP
chr1	61987	284929	0.498255544838491	13	0.126365972375315	0.900897441236788	132	0.429756957012209	4	2	2	-6.75014606279591
chr1	826681	1575724	0.0433287391346712	122	0.0871309034545765	0.596835160460638	6016	0.162363890580584	2	2	0	-6.84553267119114
chr1	1634409	1648134	0.435471224629731	10	0.142401818028345	0.596150747423801	258	0.140983107070859	2	1	1	-6.85647354057687
chr1	1649993	2604057	0.0391031291490503	87	0.0931391950245773	0.593614627783614	4771	0.183883118281353	2	2	0	-6.8329334389034
chr1	2609296	2827851	0.288967746365332	9	0.0691485920158739	0.553270005762134	249	0.183290180472947	3	2	1	-7.57549841124578
chr1	3022005	5602714	0.0462425818002151	163	0.0768126752476063	0.552881715996424	3840	0.175002144096815	2	2	0	-6.73467356998225
chr1	5602768	5823301	0.498109988977255	9	0.188904737897174	0.475810647131297	66	0.266700180877679	2	1	1	-6.77179008931582
chr1	5862774	12882298	0.0413192597555971	602	0.0579325803717112	0.563803805567149	24242	0.192677802819765	2	2	0	-6.80545191676068
chr1	12902192	13246004	0.363591490593963	52	0.129535477940404	0.452785838222548	356	0.257754220470968	2	1	1	-7.44896311216084
chr1	13318500	16502473	0.0450030245115318	298	0.0801560420308505	0.555953972928495	9187	0.189545334626991	2	2	0	-6.73941599788837
chr1	16508139	16947199	0.498531798399751	183	0.170877488848824	0.542410216693568	2143	0.224035607332854	2	1	1	-6.73405866731293
chr1	16975177	19193288	0.0409194480477498	247	0.056185189486138	0.552502204831315	6230	0.18218819567583	2	2	0	-6.7370923796414
chr1	19198991	60039945	0.498926004026357	3460	0.0900473861812083	1.07610916858945	170511	0.379278761278132	4	2	2	-6.83191995597721
chr1	60097773	99582289	0.0450318208525639	1003	0.0682907373092427	0.560716438501486	38398	0.193261099891727	2	2	0	-6.96489485712036
chr1	99686887	124421017	0.498895587832443	998	0.0859062748462617	1.07102094232747	47913	0.349872950446219	4	2	2	-6.77908221470532
chr1	125094469	143449352	0.354946459680413	44	0.117561427423109	0.885745977046258	1140	0.277206112630288	3	2	1	-7.94322440305802
chr1	143542957	248918526	0.33606690968133	8784	0.101937321292795	1.5257147494617	391467	0.555090159649224	6	4	2	-6.78704512485794
chr2	41366	61018416	0.37391642018892	2434	0.103829354757907	0.810165629460157	98096	0.273045506931651	3	2	1	-6.85947055424865
chr2	61076867	61378479	0.0833420025784677	21	0.105331201003131	0.332266142110997	1038	0.11793332750153	1	1	0	-6.86849429719088
chr2	61395116	90313945	0.361008510724875	1182	0.104537384806477	0.809602511515206	50089	0.271905661224888	3	2	1	-6.78213663291573
chr2	90380709	91879850	0.498469901282564	63	0.163498823651369	0.738959833386033	1006	0.281714701156138	3	2	1	-7.29867446320621
chr2	94190317	161542357	0.373332453497635	2182	0.102107694226222	0.791662717926877	92644	0.266688658052648	3	2	1	-6.8463996031462
chr2	161545142	197743049	0.423461850800066	1290	0.0948142011597629	0.907132842110478	62809	0.278131449098323	3	2	1	-9.84999651177587
chr2	197748128	223977433	0.473555202266269	1034	0.0985097662735974	0.663853442837571	46164	0.215399932515393	2	1	1	-11.6106570888178
chr2	223983600	242183443	0.498881187329978	1163	0.0983390007404557	0.552299287624997	35724	0.177593725159286	2	1	1	-6.7397106712962
chr3	22224	90507212	0.348076455567288	3385	0.104596135598017	0.806676627981418	161662	0.260203492656551	3	2	1	-6.78750044123262
chr3	91445573	198120733	0.341163696493927	4194	0.10891877411031	0.804186318720647	162998	0.269265486981069	3	2	1	-6.75625489271189
chr4	46210	10865078	0.333364104969119	1004	0.106039915281961	0.804568926337817	31974	0.259406173035224	3	2	1	-6.74166406275917
chr4	10903566	15614233	0.435702252672373	124	0.098513257916452	1.25110514178549	5030	0.443310147270913	5	3	2	-6.81676046087509
chr4	15624120	17842406	0.0349431140827885	144	0.053392703969909	0.783094600507353	3828	0.262616635241986	3	3	0	-6.7453062035011
chr4	17864489	48892964	0.390401625808483	1414	0.0960391962245434	1.26829149832416	48643	0.482597470707129	5	3	2	-6.79452844501487
chr4	48928889	49711644	0.484241303989548	162	0.142363129090715	0.847275612023466	2034	0.398093562149517	4	2	2	-6.87407899786984
chr4	51956305	53396550	0.116832474488134	138	0.0887892418119819	3.91375173351055	6388	2.57787185325127	18	16	2	-6.73617540597769
chr4	53410495	54352325	0.266978501325056	76	0.112810976820645	1.89293204473387	2941	0.985473231046236	8	6	2	-6.7424182794014
chr4	54362865	55600567	0.154552764259391	168	0.102957647408853	3.20725898942343	6042	1.91362565402764	13	11	2	-6.73433844299681
chr4	55612203	55985529	0.0550263203633672	61	0.0624826096024505	5.66074395126151	2958	2.97699347678561	20	19	1	-6.73341410448236
chr4	56009167	56738904	0.213362286074454	167	0.104996915246307	2.30684893008468	5166	0.987983631910607	10	8	2	-6.74067891184512
chr4	56752424	56796960	0.128135023740481	27	0.077683905500362	4.33857386252617	570	2.15211829411199	16	14	2	-6.73326393461363
chr4	56805280	58371903	0.256564785598423	145	0.108431241344996	2.06519699864352	4385	0.854181393716304	8	6	2	-6.73310468742072
chr4	58395754	59377363	0.169257607315627	67	0.0980013129994469	3.13462256997738	945	2.51212300693203	12	10	2	-6.73359129784702
chr4	59408988	61228971	0.321247355790469	57	0.127877864074674	1.86201535832721	1211	0.873065819807062	7	5	2	-6.7666966986852
chr4	61260728	65643476	0.133159290356408	352	0.0785424919680299	3.85720022916864	10025	2.28368031594582	16	14	2	-6.73550825718862
chr4	66199556	67201940	0.0349223486683111	10	0.0619287224691957	0.543160430863969	210	0.217742620811243	2	2	0	-6.75079986512376
chr4	67347532	67583546	0.320343336327104	25	0.072315858104107	0.815597116212006	473	0.27929035392125	3	2	1	-6.79534368015403
chr4	67621525	68517713	0.0490652845910597	40	0.0674551322865419	0.553430068003414	1576	0.190335581711084	2	2	0	-6.73581888221395
chr4	68550838	81107942	0.360631880622319	549	0.105562444488357	0.783941091971198	20736	0.250417397485411	3	2	1	-6.79808294726321
chr4	81171716	131349085	0.0436519476837999	1182	0.0679942206713894	0.555852739765402	45512	0.187652259482673	2	2	0	-6.83106184684626
chr4	131403860	153441498	0.498865705914727	654	0.09461896134981	1.03695578266	27047	0.375597628103416	4	2	2	-6.74838362101294
chr4	153558278	153690364	0.0375576819037754	22	0.029748440244317	0.583933042515304	522	0.184256163095086	2	2	0	-6.77875943526132
chr4	153703504	165643265	0.498848909666546	392	0.0942817509768088	1.03545226672593	14600	0.356021781514438	4	2	2	-6.74454236725886
chr4	165664293	167011358	0.0530950512698496	19	0.0564145060354876	0.53433419520463	612	0.188094800427275	2	2	0	-6.76411537763423
chr4	167312824	176777676	0.498855157393759	380	0.0865006745183302	1.06540223191287	11224	0.38236685629638	4	2	2	-6.74104937057823
chr4	176784520	189975648	0.355511688637508	588	0.116584502455202	0.788934169834269	15509	0.286317940832213	3	2	1	-6.75822287582995
chr4	189979784	190179746	0.4985460301644	23	0.122313615568177	0.689376385972024	295	0.343094751637804	2	1	1	-6.78475627307973
chr5	103941	1334126	0.416287554189993	278	0.0947866671624814	0.894655888437734	6196	0.24191531167696	3	2	1	-7.21965365400838
chr5	1337791	46206800	0.332143042242318	1360	0.109098263205193	0.774107283864289	45649	0.274033391993911	3	2	1	-7.10703659823483
chr5	49599598	181288546	0.344588490464286	5164	0.107378517099815	0.811004010485257	204067	0.272510932915079	3	2	1	-6.92223547767931
chr6	175383	32545473	0.378034561041522	3333	0.0983751313860925	1.39708631375141	116355	0.494205699969105	5	3	2	-7.1566294801061
chr6	32552972	32638965	0.190482171825507	61	0.100747357556637	1.46966034066078	384	0.414361808479659	6	5	1	-6.74414203936149
chr6	32639017	57555560	0.3722818935743	2217	0.0948172609505388	1.37048373195216	100976	0.459545800724451	5	3	2	-6.9871096365474
chr6	57558884	60964215	0.418104116416852	29	0.105537260247235	0.854545251676694	837	0.32004836172864	3	2	1	-7.10301194457494
chr6	61607983	163988189	0.438870223660086	3668	0.0926741795346374	0.872744403942281	137993	0.297984496498118	3	2	1	-10.3339172429797
chr6	164091063	170587569	0.494362755784824	375	0.0963963094980741	1.05659768402843	11220	0.345355201870568	4	2	2	-6.736251585295
chr7	31439	58100284	0.498911424429757	3713	0.0883094963916641	1.05274435494281	119848	0.374093199151421	4	2	2	-6.73447442366649
chr7	60981491	63695281	0.303429765403165	54	0.152681821590865	0.590068181314706	901	0.302311573106187	2	1	1	-7.67927334260306
chr7	63699547	65755476	0.0432926251722405	108	0.0902379507963925	0.536138909500547	3676	0.186381790424574	2	2	0	-6.75593713824296
chr7	65763141	65822234	0.399362998081809	56	0.120723208960904	0.64387999795707	271	0.304446985636258	3	2	1	-6.87619581349408
chr7	65970508	80671133	0.0399759499316829	652	0.100714478784074	0.56196060884461	25265	0.217812852825586	2	2	0	-6.82090399147975
chr7	80922146	159232891	0.498916604291099	4584	0.0899674168222528	1.05334223424521	188710	0.354107029222336	4	2	2	-6.73626578253899
chr8	213370	43691375	0.346062479220171	2251	0.106891932268373	0.767997339823048	70592	0.264158153693581	3	2	1	-7.30238891848052
chr8	46035959	55475918	0.373936341572797	231	0.102732789369653	0.75031643253325	10144	0.27162493416153	3	2	1	-7.08584650722284
chr8	55534676	120538479	0.414736720367763	2557	0.0980296712331755	1.24247480881511	101696	0.459173610225862	5	3	2	-7.10296527047058
chr8	120571164	142533280	0.498877843099222	981	0.0902253232286548	1.01446894296201	32610	0.379303445903206	4	2	2	-6.84144716438097
chr8	142539209	145066250	0.498910371406911	495	0.0770625030130048	1.1065669297704	22644	0.286298574260476	4	2	2	-6.78312342866782
chr9	117696	43253957	0.498849207627854	2019	0.10923920825883	0.807455911412398	60490	0.271806616599061	3	2	1	-7.77969728678433
chr9	61165843	138217089	0.44570121310989	4161	0.0961039576642839	0.807297654377954	170764	0.266396177677953	3	2	1	-7.39512081911408
chr10	47864	39986485	0.351433248810734	2157	0.111712251044551	0.796208247298848	63893	0.283225362383856	3	2	1	-6.74301040873251
chr10	41859770	133787147	0.343804051047609	4453	0.109655203841638	0.802979350763829	171727	0.26879206229612	3	2	1	-6.74292272480974
chr11	209002	626920	0.0393154573253795	129	0.0841320346183961	0.591470269790074	3884	0.155150150880061	2	2	0	-6.79060908129879
chr11	639273	642810	0.139418713537614	9	0.150416458910291	0.479610100226481	67	0.19520833482365	1	1	0	-6.82982470474587
chr11	648476	1011490	0.0412927838051191	76	0.0607237908231183	0.59656719342166	2847	0.179148632309393	2	2	0	-6.77997646868027
chr11	1016665	1018527	0.327875939079699	34	0.10106350697491	0.467296525757577	143	0.0710227413178357	3	2	1	-6.81097284615656
chr11	1020605	1090707	0.0512171449955227	21	0.0568945557693394	0.532847249750125	700	0.135479307290312	2	2	0	-6.74245668512437
chr11	1096089	1099604	0.339987209250429	18	0.115183471149917	0.597196002167497	250	0.133415556013328	3	2	1	-6.74375268894464
chr11	1102792	1609599	0.0480194117483691	84	0.0423403077905446	0.557211192581656	3721	0.125489498180574	2	2	0	-6.73945428710854
chr11	1621806	1657302	0.372936605710593	9	0.163286557928079	0.535502280750528	105	0.141949619603205	3	2	1	-6.91801900332751
chr11	1678599	18242701	0.0445334388573638	1121	0.0571138969660373	0.54699227057647	35611	0.173588064421392	2	2	0	-6.74227096479698
chr11	18242881	18246155	0.384152285539523	9	0.120606223351497	0.525864762923978	40	0.105808232436243	3	2	1	-6.83071525230854
chr11	18253124	43405396	0.0418870603779825	590	0.066749367236938	0.548818436350613	20713	0.192043665078805	2	2	0	-6.73589452588537
chr11	43451196	45928877	0.0741051101500211	40	0.205911069614393	0.133091390030276	2005	0.168743393897087	1	1	0	-14.3031663738585
chr11	45953579	49875094	0.0719381979804078	139	0.0969454135061318	0.442422909915446	9141	0.448914840427033	2	2	0	-7.2857778058205
chr11	54604614	112194760	0.33973742785689	2846	0.105757872773262	0.826490624887555	146581	0.259064959991207	3	2	1	-7.23254772214802
chr11	112200848	134986952	0.0428135875309679	1157	0.0723748790568483	0.542864093031826	39909	0.174539359675129	2	2	0	-6.80691052909978
chr12	12233	23570685	0.498902422345049	1958	0.0874574570369319	1.06864645888994	71702	0.341670019787255	4	2	2	-6.76924702339072
chr12	23825266	25102100	0.0650592097094655	21	0.0637334105399014	0.569290447483588	914	0.199240674127451	2	2	0	-6.81499231012623
chr12	25104495	34249489	0.498854621026669	617	0.0970188012348624	1.06896545691155	19511	0.400374835469675	4	2	2	-6.74372501871724
chr12	37323804	76312887	0.498918907094274	2418	0.0837805049995332	1.08248516039811	122974	0.353634334000849	4	2	2	-6.89896638896027
chr12	76386702	77182244	0.0533871466401316	30	0.0784541816647759	0.549082415589709	1167	0.201102042113412	2	2	0	-6.73990468316614
chr12	77301732	93685736	0.498852309970512	433	0.0923897459860862	1.05015796498145	17880	0.360014441446417	4	2	2	-6.73312355059857
chr12	93779906	94354777	0.0409334870513786	25	0.0457690943760088	0.55427108363654	820	0.162410845312694	2	2	0	-6.73858531439289
chr12	94395580	133224730	0.498919924271553	3260	0.0892199151276934	1.05127148301796	133769	0.370302388502953	4	2	2	-6.73326518847302
chr13	18178016	18211873	0.124332142387108	9	0.171413810541754	0.922606551707468	98	0.323583386430625	7	6	1	-6.83494275407
chr13	18211895	18212124	0.42810757886055	9	0.128887009085909	0.977032282590863	22	0.20818803937849	7	4	3	-6.73442767473405
chr13	18212175	18290517	0.0754176295123308	16	0.100339403194026	0.861709429442253	281	0.38694506890484	2	2	0	-6.85035503715972
chr13	18290778	18346972	0.337165175676855	10	0.102977020090245	0.907353226525145	258	0.265666378782206	3	2	1	-6.74295403020219
chr13	18413176	60839195	0.0208707729753185	2414	0.0472379396922785	1.16733386695351	86043	0.433694837448272	4	4	0	-7.95851249436506
chr13	61094194	63055961	0.498030620382743	9	0.177938035406836	1.12579257992892	942	0.415267585309733	4	2	2	-6.7658167106537
chr13	63466253	111855325	0.0214130633726302	1540	0.049462413263149	1.1434859569591	54134	0.41743966805441	4	4	0	-7.74654123200332
chr13	111864449	113354855	0.0182647837290062	139	0.0361129915644368	1.2042128875842	5059	0.381185487728537	5	5	0	-6.76948887196869
chr13	113356514	113359330	0.498248435192189	9	0.183482969236929	1.14258196888269	27	0.2927413801797	4	2	2	-6.7332242495775
chr13	113362284	114354022	0.0246661375236974	106	0.0585182564950164	1.19245326103409	4060	0.384273337348593	5	5	0	-6.76875506477997
chr14	16037128	16402210	0.272611590523005	5	0.0764741786487439	1.64230702183438	43	1.16018692502401	8	6	2	-6.76912791898086
chr14	18289828	59527137	0.406594457782437	2780	0.0911358899841367	1.32900919862941	107708	0.464138011399065	5	3	2	-6.78714672047916
chr14	59565278	89568943	0.0307916781094894	1436	0.0541048815376744	0.795942564045485	57447	0.280296839681044	3	3	0	-6.73922149721482
chr14	89608369	89788353	0.283250432918587	9	0.14303331002874	0.797356356155453	245	0.360293352978841	4	3	1	-6.8090149045763
chr14	89797181	105619110	0.0289360292127087	1231	0.0559316900080015	0.79898701607631	45942	0.269392040148734	3	3	0	-6.73404026217338
chr14	105619164	105662030	0.498680448053276	16	0.203945734203979	0.915099883933488	126	0.250805100072192	4	2	2	-6.74080782810841
chr14	105668298	106331395	0.0332321073174053	138	0.103123185608933	0.768674125658069	2541	0.234412370239507	3	3	0	-6.74492599062591
chr14	106335083	106344579	0.499568120200804	9	0.0584593876122561	0.628125418479941	61	0.105811872958645	2	1	1	-6.74205333977868
chr14	106344714	106349288	0.488904346258029	9	0.202334500271209	0.506867327256282	35	0.205960643217635	2	1	1	-6.73526291083158
chr14	106349318	106349515	0.39097916253775	9	0.0644224339807182	0.548899109459839	17	0.073578839269421	5	3	2	-6.77292076105597
chr14	106349557	106356549	0.258686000427763	11	0.137677422721638	0.638975110874577	39	0.153775038556753	4	3	1	-6.77683067010068
chr14	106356622	106518817	0.0276000005094612	44	0.0564116364527101	0.736582992624615	749	0.269639680445325	3	3	0	-6.74425853552661
chr14	106518901	106539717	0.0454973848697381	9	0.192398963383671	0.762775268453974	92	0.173571974383677	3	3	0	-6.73741397479757
chr14	106557201	106874896	0.0278963376742611	110	0.0417205005579472	0.770650617909977	1471	0.238592650736316	3	3	0	-6.74089884602458
chr15	19882294	22387259	0.321566252145662	429	0.119837668006358	0.947510702168384	5159	0.297094934797395	4	3	1	-7.05413975922657
chr15	22405979	27738490	0.498846524045864	366	0.0912627631103383	0.98583449134731	10987	0.348721973091744	4	2	2	-6.83685127344012
chr15	27844776	28014907	0.0500395451388129	14	0.0399084804670237	0.527722409183616	273	0.16301074501289	2	2	0	-6.7490800284889
chr15	28018250	38083487	0.498848592498152	686	0.106199938368194	1.06048549911319	22539	0.384714296234838	4	2	2	-6.73690413242083
chr15	38166362	38302886	0.0614106579224595	9	0.0837667064597332	0.601316016674133	116	0.216695175362737	2	2	0	-6.76988011343139
chr15	38322324	40957270	0.49889300131926	229	0.0739429773092607	1.05981904012426	10972	0.342138655762395	4	2	2	-6.73426519007298
chr15	40972085	46204508	0.0404696361936611	491	0.0533007203513672	0.562500420382816	22441	0.17740496906288	2	2	0	-6.78819966473658
chr15	46424455	47174389	0.483055301803774	14	0.0597700722641485	0.929778866723577	224	0.42012557370121	4	2	2	-6.81849882750655
chr15	47239217	47802911	0.0472960785973087	17	0.0534896224129723	0.523194815976176	356	0.15558870460033	2	2	0	-6.76854016067097
chr15	47994157	99641556	0.498914856482013	3507	0.0897000231910165	1.04385477339197	147133	0.354514825547763	4	2	2	-6.74242308052194
chr15	99674730	100306586	0.0589569520388712	53	0.117376285116255	0.543587672735421	822	0.18081751294759	2	2	0	-6.74304217578045
chr15	100349291	101915195	0.49887939878442	168	0.102759252280679	1.02750846388522	4856	0.312468856204827	4	2	2	-6.73772603960911
chr16	55325	5077334	0.346534510725266	1299	0.0968162889341697	0.851292435716432	43162	0.255606075476618	3	2	1	-6.9059665684208
chr16	5078668	34268473	0.349877736181352	2054	0.109240604991164	0.803124573699944	82111	0.275621132083432	3	2	1	-6.73828201206605
chr16	34571817	34595573	0.498638920143232	49	0.158868102461104	0.31936740874401	437	0.0926594264448709	2	1	1	-7.18709140646717
chr16	34691446	35643886	0.0462597882181569	16	0.0353147750004631	0.555703292652371	561	0.247358845357556	2	2	0	-6.73482543882587
chr16	46386234	46401545	0.385883398516746	56	0.122283021461127	0.32578216540086	702	0.0857305038353981	2	1	1	-7.53908736669271
chr16	46550410	67003151	0.0418453218379224	609	0.0792012161645874	0.565019612962438	30165	0.198915763749761	2	2	0	-6.95414620523727
chr16	67053325	68759633	0.187370907880543	512	0.0880962470094926	2.8951783400393	36327	1.12346291850788	11	9	2	-6.73390375893599
chr16	68766041	68805195	0.26941154773361	20	0.0963071293201845	1.85165604160817	296	0.925769794249397	11	8	3	-6.74120144801986
chr16	68813673	69655864	0.32954769002532	79	0.090104904781194	0.872563320532285	3946	0.355393232827232	3	2	1	-6.77760537839443
chr16	69687917	70126770	0.0367000681216333	43	0.121580214737947	0.559743641804958	1638	0.204027915749009	2	2	0	-6.73781878826836
chr16	70127110	70166290	0.498568493965195	48	0.177919207050809	0.549161326722399	654	0.143879379109022	2	1	1	-6.7330705681251
chr16	70203647	70647227	0.0333087206860494	85	0.0591583001935715	0.552079338593571	2527	0.19047618514407	2	2	0	-6.75648822651
chr16	70655284	71230620	0.498980200563964	52	0.0864446635961607	0.946143320880464	2119	0.310137212557981	4	2	2	-6.77199942586374
chr16	71283664	74350398	0.0376885612941943	149	0.0862370256700015	0.531616183978518	6228	0.180212055389727	2	2	0	-6.80137461217742
chr16	74360773	74418173	0.498381528757474	33	0.155519918582018	0.536641686282817	364	0.187497913065208	2	1	1	-6.73367740911314
chr16	74465148	77326122	0.0454058815226716	168	0.0737134764548762	0.550858453284921	5520	0.193699981068427	2	2	0	-6.73318920551624
chr16	77355865	78772740	0.498733207044542	84	0.105454628022807	0.92853630652339	2048	0.354615965575259	4	2	2	-6.8340330682097
chr16	78881323	90092185	0.0419966101772551	1210	0.0716662758892676	0.572552885080145	25298	0.19489202676042	2	2	0	-7.00983652318153
chr17	137637	22715632	0.498910462694237	3555	0.0918825624964953	1.07543878900446	120335	0.356713978410089	4	2	2	-6.79212832202418
chr17	24421438	83104291	0.498930361482037	6141	0.0884458344577338	1.08329323029958	279685	0.357342651676967	4	2	2	-6.98605750289744
chr17	83119471	83151013	0.245843902708146	13	0.108805637108868	0.917196724538426	66	0.30800354946037	4	3	1	-6.74953397939795
chr18	49639	5540847	0.254701812161209	395	0.119139540605032	1.05381505639625	10934	0.406343071583681	4	3	1	-6.73537055539568
chr18	5551650	15379023	0.337370668878335	587	0.10702187790194	0.793283732460961	17599	0.281442906204997	3	2	1	-6.74052079350167
chr18	20953676	80250865	0.349548720342801	1677	0.108048444736281	0.767059370809417	66062	0.26748629074658	3	2	1	-7.50954575717616
chr19	281383	24364591	0.498934854090075	5626	0.0872091413479837	1.08058296438455	212391	0.363706412262882	4	2	2	-6.82014930833596
chr19	27832088	58599162	0.498935931191734	5989	0.0855214824435662	1.07453655434194	231618	0.346837335277088	4	2	2	-6.81199627912401
chr20	96321	26168423	0.498891430913554	1576	0.0906244303203097	1.04030927008286	54433	0.36397126958599	4	2	2	-6.74387083886997
chr20	28559257	31244855	0.498746959179637	685	0.127514262156827	0.95801318518247	3550	0.390257807252363	4	2	2	-6.82125558871922
chr20	31440129	64281506	0.498922218948031	2849	0.0888230812950967	1.05650726321505	122008	0.359157124915007	4	2	2	-6.73843074629047
chr21	5032028	13096510	0.322575778991707	657	0.142288830671466	0.783819069846596	4261	0.322244366536249	3	2	1	-6.76576381090257
chr21	13435587	41023415	0.345507294850014	1069	0.112064074694102	0.794283264618055	35090	0.283275767246642	3	2	1	-6.74412709498645
chr21	41036187	46692843	0.0469971234391656	648	0.0689862120196064	0.549149061860705	16754	0.175377115019323	2	2	0	-6.73373381443989
chr22	10662991	12800959	0.496144084296716	675	0.135219627349796	0.95127221770863	3935	0.348833971388498	4	2	2	-6.83514587921873
chr22	15562384	43839053	0.498926004026357	3460	0.0890748819998567	1.06408217302239	134590	0.370193292146045	4	2	2	-6.75410789096556
chr22	43840159	50808384	0.320071670963575	858	0.10502557814241	0.82287691885189	22963	0.257358253218803	3	2	1	-6.8124650040785
chrX	260234	2811240	0.379233613393715	542	0.115727261628237	0.819107263558222	7319	0.34097581151777	3	2	1	-6.79650338645044
chrX	2811305	53871095	0.498887917714651	1411	0.0989061338811187	1.03423166597745	101713	0.366959698424889	4	2	2	-6.78664828546506
chrX	54438545	56144489	0.0377594917195307	23	0.0488258986547779	0.572308447584095	2958	0.173157944009638	2	2	0	-6.80021005617434
chrX	56215526	57734261	0.361249473941071	36	0.107531523617163	1.23447012979442	1738	0.462347454428713	5	3	2	-6.83711004969812
chrX	62594715	155997868	0.498894826426056	1840	0.0935352252077822	1.01041433171336	142904	0.332872692771791	4	2	2	-7.40878286142005
chrY	10785299	11722122	0.285750073291131	53	0.135414779674992	0.641153628204234	298	0.463110821396936	3	2	1	-6.96659396089172
chrY	56826064	56885653	0.366442260365506	164	0.128102718352108	0.769003004258895	513	0.334050951335034	3	2	1	-6.75247897504661
