chromosome	start.pos	end.pos	Bf	N.BAF	sd.BAF	depth.ratio	N.ratio	sd.ratio	CNt	A	B	LPP
chr1	69511	24379802	0.274463941280489	2479	0.110817405301439	0.726258341189165	78640	0.232025313171438	1	1	0	-6.74602590865928
chr1	24383915	119969910	0.498930995548735	4525	0.0862401575341044	1.01749715693646	213623	0.338891890570001	2	1	1	-6.81156470408443
chr1	119987127	124250765	0.498518280056912	50	0.131984150254367	1.00679539360555	1619	0.329947151576864	2	1	1	-6.74571483214604
chr1	125066017	151199433	0.498832751038789	397	0.0938170240276506	1.06192907529019	20858	0.355836727755219	2	1	1	-6.84345612173215
chr1	151223288	154200886	0.372146201917955	306	0.0860546718468113	1.35195520159606	20590	0.396950132692369	3	2	1	-6.75070399085783
chr1	154204869	189022889	0.498915222405389	2027	0.0816495959066643	1.08319581336914	96524	0.346991537336674	2	1	1	-7.13758015063488
chr1	189024376	193084958	0.324815605251139	43	0.125495200721813	0.759526268669989	1566	0.276398661255393	1	1	0	-6.83943650662825
chr1	193166468	200372918	0.000560072804434819	153	0.0776604539829062	1.03556913252729	7001	0.414129084783712	2	2	0	-9.3425056966264
chr1	200397567	201215147	0.284772915078578	110	0.101249050490302	0.735848023881335	3449	0.223777395825296	1	1	0	-6.73676179977053
chr1	201221604	209929214	0.498865592802885	618	0.094650380070574	0.958102422832003	28700	0.31391586821149	2	1	1	-7.00144459291305
chr1	209938388	215608232	0.288829930897979	185	0.113114169470054	0.753807249513938	7619	0.279616974216251	1	1	0	-6.79211910891559
chr1	215675245	226630765	0.498849346676591	397	0.0975228293091956	0.974256595252431	19042	0.347347220967974	2	1	1	-6.8995250011834
chr1	226639296	228458098	0.270549117198521	203	0.0952374218058097	0.759933928648001	6165	0.225918927994806	1	1	0	-6.80310791922187
chr1	228491226	231799953	0.498999734563072	221	0.09224827444573	0.989522920703168	7590	0.338918387123013	2	1	1	-6.76130726917646
chr1	231803687	237665139	0.269319589953065	379	0.108344962568593	0.729521212979082	10791	0.254789781242496	1	1	0	-6.75744712049618
chr1	237698864	241180074	0.412608978628964	185	0.0878724432058801	1.12615762223261	4638	0.469994441128845	3	2	1	-7.04767584250231
chr1	241199189	247028562	0.203901951025451	336	0.111402416614297	0.958480484868461	10798	0.396450445640847	2	2	0	-6.84742355517816
chr1	247038994	248945561	0.272919107103575	232	0.0923112478119966	0.737913771511669	4867	0.196460645389219	1	1	0	-6.76267506005568
chr2	37923	90309244	0.498917329771271	3821	0.0872501650825224	1.02673820552246	160202	0.351982367747506	2	1	1	-6.73870283523376
chr2	90309551	92012792	0.34698875558656	70	0.128228161847089	1.05429600217135	1198	0.413074477061489	3	2	1	-7.10361782147857
chr2	94190317	95945020	0.493003721776186	75	0.124731098154578	1.02820703290159	3574	0.323617526050927	2	1	1	-6.73496309452687
chr2	95945088	203319372	0.498921375957176	3966	0.0866063696413091	1.04157047374381	174187	0.349230115736232	2	1	1	-6.79375636944506
chr2	203590870	242062249	0.278262511385578	2153	0.1062145297686	0.7310863018371	70853	0.229519500054942	1	1	0	-6.75909129817812
chr3	51248	90507277	0.498927291975651	3703	0.0882394307630964	1.03091242616833	174354	0.344352633068737	2	1	1	-6.73322506094307
chr3	91445573	134552044	0.305659857938092	1561	0.10272278508715	0.753975629109872	59074	0.241983293218677	1	1	0	-7.3019262443611
chr3	134603672	198038561	0.498903880016029	2606	0.0907732261637139	1.02317277320722	100861	0.362065737894081	2	1	1	-6.74752597946111
chr4	44247	35131584	0.308625063613567	1278	0.107688580975129	0.75343991458178	43146	0.251040880868972	1	1	0	-7.16421632406528
chr4	35304396	49092775	0.499010274665925	614	0.0877894769955378	1.02497655107069	23054	0.359664884881459	2	1	1	-6.73489634483178
chr4	49092857	49711673	0.43620177186098	138	0.135222185525797	0.994374726851111	1214	0.367544707430931	2	1	1	-6.86718275807541
chr4	51899554	55517185	0.498764828085652	120	0.0860854564506975	1.08339661444153	5689	0.471296390328945	2	1	1	-6.75762003805243
chr4	55525781	69214257	0.274908115034628	361	0.107691255636073	0.754627309633142	10244	0.28352444651166	1	1	0	-6.89053507515174
chr4	69214421	70643714	0.420258982196924	86	0.0753835464127779	1.27627151816383	3226	0.510936626618758	3	2	1	-6.86027044754288
chr4	70656254	190179679	0.283397142965254	3239	0.114233584499033	0.739063410404854	113897	0.253533389705006	1	1	0	-7.04951223009404
chr5	44838	46381441	0.498898536099741	1503	0.0916687018715245	1.05768016805159	58326	0.390108424130967	2	1	1	-6.85520274523339
chr5	49601562	115655040	0.498898120023461	2099	0.0933728978128142	1.07863812226463	81373	0.396907776347073	2	1	1	-7.21800717227985
chr5	115667873	132026964	0.392466521818765	604	0.108840748187195	1.33456578641309	22897	0.544592923283469	3	2	1	-6.73508228820722
chr5	132058283	181285564	0.494501253770914	3068	0.0895191442859874	1.18631297396075	135538	0.424564303163009	2	1	1	-8.93841744076462
chr6	142899	58041846	0.397112755700515	5538	0.0903723652746985	1.3841249481686	197608	0.48181869749661	3	2	1	-6.93592605907461
chr6	58093314	60964236	0.498626708418495	15	0.143451070138251	0.877217573532671	445	0.543239151307889	2	1	1	-6.8806256943451
chr6	61181533	170732307	0.274451916575156	3122	0.110943423266081	0.744289651256995	116536	0.261429516341625	1	1	0	-7.26495019126534
chr7	35411	22113853	0.311982250714448	1856	0.100862051425589	1.2492660325511	52028	0.466728209960457	3	2	1	-7.29392908624881
chr7	22160637	58100632	0.498866868060384	1566	0.0937397632568644	0.921700741909663	55217	0.318677607364509	2	1	1	-8.62674613783171
chr7	60981624	159260919	0.443770102076076	5187	0.0968557182937199	0.929029797078028	194442	0.321237368498592	2	1	1	-10.2676777997747
chr8	213553	12379209	0.498892280897264	763	0.0954077790700334	1.05743554923558	16890	0.383441626005004	2	1	1	-6.76619275719653
chr8	12422218	12737789	0.357843291569992	73	0.118261194166396	1.04078137565795	1008	0.405461564683949	3	2	1	-6.8373823885828
chr8	12882298	43618035	0.49890896736587	1523	0.0835751604123169	1.04875029104411	62564	0.378586429506424	2	1	1	-6.77289412662789
chr8	46031220	82746988	0.498879620648701	1044	0.0894799548145722	1.06599387116936	44542	0.392390406633199	2	1	1	-6.89362447006573
chr8	82747047	145066761	0.394682729217054	3054	0.0965221267412466	1.3400677030672	118017	0.484937887285623	3	2	1	-6.74063741562497
chr9	117506	39592030	0.271732424010854	1373	0.115476534395648	0.725648154085677	47781	0.241682019328176	1	1	0	-6.74979564269458
chr9	39665019	43150153	0.498675038980686	230	0.128269163328017	0.85538345175617	2000	0.358760638297383	2	1	1	-7.24912869585641
chr9	61521313	68405753	0.284195891582573	195	0.139820480423895	0.960696196428133	2633	0.352370648492708	2	2	0	-7.07859425224226
chr9	68410561	138177023	0.49892355813746	4285	0.0905491015889837	1.03147045792613	180079	0.340386201961084	2	1	1	-6.73349326166124
chr10	47663	38950914	0.498896366179587	1956	0.0907980146237824	1.01042224235781	67962	0.37230044002734	2	1	1	-6.79708049254596
chr10	41859763	44501812	0.268505960677994	132	0.130627405341066	0.746658661517055	3811	0.26834535088327	1	1	0	-6.76696549678084
chr10	44639896	45127437	0.285374636713441	24	0.12543420239486	1.69279818635679	1203	0.664644350850209	5	4	1	-6.76092630034322
chr10	45135465	98695337	0.273002070625665	1939	0.109307068745461	0.736080110170401	79297	0.245203874993903	1	1	0	-6.84029382530127
chr10	99029892	101350057	0.49885578315954	220	0.0846429631822534	1.02756303950766	9556	0.336699347463424	2	1	1	-6.73323368630134
chr10	101666997	133787189	0.276821142437865	1362	0.103814835278638	0.735394317618552	51501	0.238762258753181	1	1	0	-6.79414431207964
chr11	197557	27889376	0.49892303734484	2222	0.0819613696854154	1.04900175072649	77326	0.314646535379745	2	1	1	-6.78629713718009
chr11	28022502	49192947	0.278840623048611	654	0.108792067464381	0.731034893785509	28976	0.239938808435902	1	1	0	-6.7489971604265
chr11	49200333	50512765	0.499163644007666	109	0.0776974373908059	1.08036767375252	1874	0.384866535535835	2	1	1	-6.74498978959551
chr11	54592041	107592428	0.498918635693169	2813	0.0866952501040261	1.05249311091858	146920	0.329121357028457	2	1	1	-6.86225076302042
chr11	107614587	134773588	0.279741522428041	1233	0.105516476981608	0.726866084810319	50724	0.229529683584499	1	1	0	-6.73969425120132
chr12	12749	34309738	0.498916767917217	2181	0.0856175837872064	1.03018281844919	80434	0.350030021592221	2	1	1	-6.7331342856592
chr12	37419925	133234294	0.498934489029363	5509	0.0875134999804242	1.04434556518324	244388	0.351560952543019	2	1	1	-6.81584836867718
chr13	18177561	21400538	0.498884091064014	325	0.0972965576624038	1.0778804936369	8700	0.435909357715258	2	1	1	-6.7536783781884
chr13	21427608	23525255	0.259287259072196	79	0.10773527276189	0.747765344680972	2221	0.266802201549945	1	1	0	-6.79862767959318
chr13	23660230	114353963	0.498907488693887	3115	0.0923002683517175	1.03456863364419	110275	0.36957986161162	2	1	1	-6.73955484457513
chr14	18330642	19936715	0.327182772898893	126	0.103926286758284	1.06864549000862	2444	0.340061157011896	3	2	1	-7.30508604066289
chr14	19975490	99720106	0.498929133330607	4087	0.0886555507770639	1.04165718998526	165488	0.355938392668543	2	1	1	-6.77726155226874
chr14	99722772	106875122	0.410168450023566	976	0.09492379880101	1.35308541460868	38785	0.44415168219104	3	2	1	-6.77556620502568
chr15	19868597	22608113	0.498719860463992	408	0.121046411339909	1.04094137308504	5497	0.33523400414335	2	1	1	-6.73460741631345
chr15	22609499	32811926	0.484580409748662	637	0.0950132417006009	1.05131773685873	20715	0.355713051094326	2	1	1	-6.76823986979167
chr15	32815177	50530080	0.288415104232602	872	0.106814512498112	0.719009179797941	44236	0.226204527348276	1	1	0	-6.75521789736335
chr15	50533069	101876423	0.498913363773261	3170	0.0905977859905358	1.03136530612154	127372	0.347682070756414	2	1	1	-6.73333264649669
chr16	11641	31976101	0.498926196115458	3495	0.0892254775344466	1.04073944489576	133725	0.339234996438627	2	1	1	-6.74963653534757
chr16	31977517	36162384	0.498621253944287	117	0.125804445949615	1.05982928819389	3391	0.339301089586606	2	1	1	-6.75033072931502
chr16	46386441	46401549	0.293875048300284	60	0.097797350431453	0.936261215576019	969	0.246863317572455	1	1	0	-6.74319179158529
chr16	46439823	90102292	0.498925333054129	3341	0.0884224043210839	1.03710108938816	122847	0.34191359433966	2	1	1	-6.74247834954166
chr17	149752	918564	0.498885737576027	116	0.0986393457993824	1.00735138062781	2819	0.323915171323872	2	1	1	-6.73535836867468
chr17	934172	2438079	0.333771346977226	206	0.112685249903528	0.719700001646719	8055	0.25972375903204	1	1	0	-6.82027821033077
chr17	2457100	22640517	0.498903364200047	2608	0.0907488181413128	1.01030243266278	89532	0.325783622158874	2	1	1	-6.77712718204869
chr17	26603729	27001123	0.307203342825118	22	0.144331276291791	0.9543592978065	215	0.363409252207902	1	1	0	-6.87230259260972
chr17	27021866	83094678	0.498933653415978	5252	0.0877137916922846	1.00902079374714	234047	0.324725888737581	2	1	1	-6.87038196742279
chr17	83134194	83135702	0.238064760253559	16	0.121431393524629	0.946853109845752	49	0.390703538635166	6	5	1	-6.74053331726257
chr18	48387	15341526	0.498873975129937	872	0.0994084630567589	1.02646798044431	28006	0.362784179552111	2	1	1	-6.7341333712861
chr18	21403805	80250865	0.498895262580964	1872	0.0898649377421903	1.05029954618907	73696	0.383547253902892	2	1	1	-6.81955065107341
chr19	107381	24394239	0.498932653067752	4963	0.089930635925051	1.00471215307002	178552	0.318396371184887	2	1	1	-6.82346079988646
chr19	27392054	58572521	0.498930496813915	5234	0.0902795399544715	0.979947087089711	196696	0.296710967588905	2	1	1	-7.22618623753633
chr20	87894	25908917	0.498906031122981	1339	0.0860506271992624	1.03070028737733	47813	0.354373242003593	2	1	1	-6.73313615848391
chr20	25908950	26131037	0.252182200559584	22	0.117104977509821	1.06469045632374	211	0.384228700033113	2	2	0	-6.82984788482677
chr20	28559257	30865433	0.488760792178588	569	0.117312263009467	1.05720734939926	2972	0.44578079918189	2	1	1	-6.7431165100847
chr20	30867265	63031129	0.498914211200965	2279	0.0839802989871324	1.023809515408	96919	0.345959572291554	2	1	1	-6.73979111802855
chr20	63037493	64328010	0.263815474445013	178	0.0946942727971321	0.749379953794147	7177	0.217126047323223	1	1	0	-6.79712129856277
chr21	5034010	13096374	0.306930281058922	741	0.130630994331981	1.00797903316514	5394	0.399474453453447	2	2	0	-7.0924105885815
chr21	13211199	46658931	0.498913995829896	1914	0.0888349762987426	1.11285417379222	65121	0.37499136882519	2	1	1	-7.4779412644036
chr22	10662980	12797396	0.404403815723395	637	0.125195910179501	0.937493795587026	3197	0.354762967996599	2	1	1	-7.15345078231191
chr22	15326091	50808390	0.498928167875676	3880	0.0876116425492024	1.03499943450616	141173	0.339193992119367	2	1	1	-6.73676409325465
chrX	257378	53248649	0.498847737471697	541	0.104680208148225	1.06050544218509	45053	0.347670464959299	2	1	1	-6.94348459996519
chrX	65956625	155996516	0.498594466207815	73	0.1202371356843	1.06622579188118	60999	0.329240488433683	2	1	1	-7.26477420376772
chrY	3066285	11381803	0.282915751538991	57	0.128496381954663	1.14557951946264	1589	0.444650951754169	2	2	0	-7.21658331951866
chrY	11531610	11788326	0.481830399098764	22	0.155185191699929	0.677631454611782	216	0.28986918427499	2	1	1	-7.04711239178461
chrY	26436900	56885614	0.39124765550559	192	0.127082052464005	0.795685805698296	799	0.369712796992306	1	1	0	-8.02928681801622
