chromosome	start.pos	end.pos	Bf	N.BAF	sd.BAF	depth.ratio	N.ratio	sd.ratio	CNt	A	B	LPP
chr1	133160	121564715	0.332579680968787	4842	0.108148406113358	0.800052392186517	257332	0.261371740667947	3	2	1	-6.91611236228255
chr1	125067377	240930672	0.326464925051696	3990	0.109499607226899	0.792906327246108	195286	0.256223519660589	3	2	1	-6.75518970717475
chr1	240983022	242100800	-0.000881132546100449	48	0	0.272287677893529	1090	0.11197429516667	1	1	0	-Inf
chr1	242183643	248945592	0.352824539948798	310	0.131982826849369	0.756413167891728	11927	0.262654678046344	3	2	1	-6.85186056052127
chr2	119437	24395868	0.333869895827989	736	0.107063998999158	0.779272987360993	25402	0.263978896675105	3	2	1	-6.76822987575698
chr2	24421096	25137327	0.00245040535008989	19	0	0.277386967999052	980	0.111148785017343	1	1	0	-Inf
chr2	25139325	91977635	0.333443157201771	2675	0.111536453777782	0.811413794907696	104588	0.293000143200077	3	2	1	-7.06480685070836
chr2	94199373	242101738	0.333276122691523	3934	0.107257405605471	0.783721395224924	217136	0.253957308630496	3	2	1	-6.80586864257807
chr3	27782	75664707	0.402303186477234	3871	0.0959293334066492	1.31563246086751	197384	0.458329667336313	5	3	2	-6.73337903043654
chr3	75664988	75930017	0.299453650393521	91	0.152368008493286	1.11232756111728	700	0.542935608668683	4	3	1	-6.79721992978374
chr3	75991380	90613961	0.40140769853126	243	0.0966065846306234	1.27020141835227	8920	0.531070411137951	5	3	2	-6.77160406401377
chr3	91404517	130035239	0.398603832490252	1791	0.0918159265797588	1.30742585456621	75451	0.457048592024467	5	3	2	-6.737687040915
chr3	130083158	130107999	0.0576181587700721	27	0.148181627983346	1.23410480891484	99	0.342380551089843	5	5	0	-6.82292300950028
chr3	130121457	195762196	0.396757787914343	2851	0.0990037576222962	1.31239925987191	121225	0.487817728194496	5	3	2	-6.734780688818
chr3	195762706	195788543	0.309566491976238	82	0.119704929302714	1.09791000130929	511	0.371322938589533	3	2	1	-6.76879249700653
chr3	195791459	198114811	0.41737186263542	339	0.105637594922274	1.34905712537066	11765	0.526080054422491	5	3	2	-6.75234864617766
chr4	14018	13227005	0.413856883227449	1098	0.104808845045148	0.888670619950992	30771	0.280359877926059	3	2	1	-8.22548457227039
chr4	13336501	13368684	0.000679443956714598	11	0	0.548528997653128	89	0.150541378326211	1	1	0	-Inf
chr4	13410068	49061855	0.454419056016688	1053	0.100975381354371	0.891539134597185	38131	0.31813556091445	3	2	1	-9.63213734334746
chr4	49107430	49627355	0.495376620895019	89	0.172533758595105	0.738143599985893	400	0.363840018239034	2	1	1	-6.99161224028498
chr4	51995997	190179679	0.440376802239269	3627	0.100409026605995	0.886734100392997	149553	0.313375390950577	3	2	1	-12.0520871862223
chr5	44922	1309789	0.333734473719156	269	0.113537787256024	1.59270536929984	8025	0.480761473056113	6	4	2	-6.73328392971398
chr5	1320607	21293742	0.000830443059929575	340	0.0349714248389504	0.514936280360429	12251	0.187877833844804	2	2	0	-6.89144620306453
chr5	21479412	21786465	0.498674762310736	14	0.115387379087781	1.05392502779558	586	0.751999565077484	4	2	2	-6.73310935293916
chr5	21813194	30365610	0.0129974165452373	69	0.0630795381482167	0.482059620198211	1919	0.6876900751878	2	2	0	-6.84097221116342
chr5	30429455	36923233	0.148616676100652	566	0.107988497452741	3.02277155446565	29021	1.58454288051491	12	10	2	-6.75271327764768
chr5	36955957	40539955	0.28162261440976	127	0.108526617111528	1.806207957177	10546	0.895496143936584	7	5	2	-6.73492158242606
chr5	40540017	40806733	0.0987019050754281	30	0.0656497235858351	4.42377472544873	1891	2.21285257796395	20	18	2	-6.73425068962106
chr5	40808844	46206800	0.439098472285426	118	0.116027858416531	1.23522268402433	7109	0.907250329462841	5	3	2	-6.81607092771086
chr5	49599598	49661122	0.0193175142810024	11	0.150755672288882	0.029508105706165	26	0.019292884300057	1	1	0	-21.9547677860948
chr5	50190403	181286981	0.49891544984217	4210	0.0923733017832205	1.04841019699097	216318	0.363905546126601	4	2	2	-6.742722703397
chr6	173701	10895820	0.255204459909496	805	0.110512045496725	2.10903029968331	32943	0.988714363426514	8	6	2	-6.73438100233049
chr6	10906023	26531656	0.337102287104455	881	0.105866944447907	1.58717406604478	40855	0.676786259392901	6	4	2	-6.73434125758422
chr6	26540616	29830682	0.280143700924282	440	0.0931998717289238	1.76194047359575	15268	0.610944668821568	7	5	2	-6.7456275131256
chr6	29830840	29995019	0.289419893077967	114	0.117093659143628	1.5059896818644	926	0.595053707358667	7	5	2	-6.74490109225986
chr6	29995088	32473373	0.305507510812597	749	0.0997359837346852	1.69478923692014	32159	0.515453126233488	7	5	2	-6.79520639011596
chr6	32473401	32642282	0.0975536573167996	84	0.0946841497294177	1.72791682960437	625	0.634725121640089	9	8	1	-6.7702084885534
chr6	32660818	32666699	0.27980159117613	27	0.129008149215864	0.565121443861749	54	0.401560356330627	7	5	2	-6.76468900687999
chr6	32668032	33781375	0.33156769831281	397	0.101032051394604	1.55774731544891	12065	0.542167610389046	6	4	2	-6.73362863660582
chr6	33784236	35560296	0.304683877934509	90	0.11924049911508	1.8824056814484	11735	0.833739125736935	7	5	2	-6.74889402279448
chr6	35693409	51446028	0.329377436341585	952	0.106330880328506	1.61964916147452	60328	0.567281966018332	6	4	2	-6.75281408458364
chr6	51584285	51836303	-0.00298151111405176	15	0	1.01304115684679	446	0.240640467795354	1	1	0	-Inf
chr6	51911737	60873526	0.317203213754373	292	0.100138868413294	1.56518182090599	17141	0.543968074311185	6	4	2	-6.74995235269626
chr6	61134145	64758769	0.294230502969158	147	0.11490736627212	1.79385136019677	4064	0.846861520548997	7	5	2	-6.73846065318568
chr6	64886866	170594646	0.000968748966293898	2136	0.0384765156894737	0.522080158796433	92795	0.183132212411561	2	2	0	-6.85462446882325
chr7	31439	4132182	0.0025268628040005	336	0.0548076911893204	0.548661349809657	8756	0.411635416121074	2	2	0	-6.75929651371226
chr7	4145960	4738036	0.267662897844341	130	0.115681193721361	1.98326697551916	2759	0.952647047879127	8	6	2	-6.74837992868264
chr7	4796184	5864210	0.394469090928812	121	0.0932936394833221	1.47776070717639	7213	0.668114456203077	5	3	2	-6.75442096438585
chr7	5909801	6294517	0.498469585534171	26	0.18227857378622	2.56522246107341	4547	1.18133763133672	10	5	5	-6.73317995963236
chr7	6304944	6662037	0.384572244298288	69	0.110818146309967	1.40781928933038	3091	0.586366092241863	5	3	2	-6.7474821721393
chr7	6674354	10029100	0.158381864855395	261	0.102680532754076	2.97652229970934	10020	1.52611357045246	12	10	2	-6.73995621698566
chr7	10325066	13455437	0.313632942012035	99	0.107641211371331	1.48933311730809	4070	0.550972376630503	6	4	2	-6.77411461381929
chr7	13622653	32224099	0.00243011374681495	415	0.0344694939058795	0.521303003274704	17029	0.201872565566156	2	2	0	-6.76102582256045
chr7	32399946	34161219	0.351567002954793	79	0.111902055866316	1.59669942766507	4405	0.58901993389611	6	4	2	-6.74929806765864
chr7	34440733	51494210	0.00119789658386427	515	0.0276245207661184	0.524365121486304	19061	0.180244635225826	2	2	0	-6.73851390835756
chr7	51512738	53085810	0.345622031232747	22	0.0900537117262303	0.75872574929026	489	0.295086074168184	3	2	1	-6.76124557891141
chr7	53175268	58091518	0.00780922244758431	239	0.118128375972087	0.525856595990312	5077	0.218324761752455	2	2	0	-6.73569866658569
chr7	60981598	77794257	0.332271136389634	1079	0.13429280514255	0.802873252100605	32050	0.311812661190847	3	2	1	-6.76228831899704
chr7	77871417	79544453	0.00245040535008989	19	0	0.522086762612427	541	0.184184451550027	1	1	0	-Inf
chr7	79704365	100952788	0.32809955097569	845	0.107997668217119	0.79158647398494	36914	0.256159326577844	3	2	1	-6.73581852047364
chr7	100954269	100960659	0.148972820626436	65	0.109701237634138	0.613357479033264	416	0.198384380349802	6	5	1	-6.83445950126588
chr7	100960708	128731361	0.353657112240796	836	0.111642927419077	0.790938489727725	37710	0.259036622349277	3	2	1	-6.75369435174762
chr7	128807000	128917352	0.0018420022175385	37	0.00213718683496964	0.521232763979197	1315	0.139175543647513	2	2	0	-7.14890000164358
chr7	128942604	159260906	0.338701866916569	1554	0.11970334278291	0.77338534731554	57862	0.256664533748741	3	2	1	-6.84914674020924
chr8	311290	3586048	0.330120530129359	230	0.101240969144421	1.51102862159803	6251	0.594878267080079	6	4	2	-6.74435181691039
chr8	3605236	5933242	0.248053186408513	75	0.106634505849832	1.25934838395042	1323	0.553396162235907	5	4	1	-6.86122045253801
chr8	5982571	42829521	0.326418730819332	2582	0.105098169900847	1.56550623197709	100390	0.618310407609999	6	4	2	-6.73985647981871
chr8	47880777	145008961	0.333560394771575	3806	0.104366616284269	1.55287778488066	189817	0.598922753379513	6	4	2	-6.77776722038976
chr9	111919	35176256	0.339440571290847	1081	0.114814217512983	0.782212683484116	38346	0.260950040857446	3	2	1	-6.76102989627749
chr9	35219056	35753901	0.00142137475039883	43	0	0.530625028975043	2709	0.134755611377496	1	1	0	-Inf
chr9	35792426	42405487	0.34941927372068	350	0.13375660215686	0.787974763317158	9136	0.282746330077721	3	2	1	-6.74187569580621
chr9	60521862	66782488	0.263840571704999	129	0.156198075093103	0.736093737928774	1592	0.303004035499575	3	2	1	-7.04365336724931
chr9	66793091	138214444	0.339165806620463	2882	0.106314201877264	0.79136469963749	145219	0.260442068600736	3	2	1	-6.73842700905841
chr10	139936	4933905	-0.00011366738067442	155	0	0.509899125894165	3862	0.181899245985117	1	1	0	-Inf
chr10	4943356	4999466	0.00246249061644332	11	0.0862322445492404	0.511189040603524	191	0.169820435047799	2	2	0	-6.73451205655805
chr10	5000592	6720009	0.00101243115950878	116	0	0.523916287307876	3315	0.174120090906809	1	1	0	-Inf
chr10	6797328	7348338	-0.00319841251747544	9	0	0.529474056488348	350	0.185790706238941	1	1	0	-Inf
chr10	7370103	38527866	-0.000362161312688458	1131	0.0373911490311268	0.530605672996791	33610	0.195556669148069	2	2	0	-6.76507124871517
chr10	38646502	39199720	0.24071444456007	17	0.150239612541003	0.533254023580866	149	0.249425162995688	3	2	1	-7.67884256051233
chr10	41860304	42283185	0.498283598110795	17	0.173801166820696	0.476320020829585	79	0.251664774481259	2	1	1	-6.7727411477293
chr10	42337130	46375484	0.000731192546493231	193	0.0862575930301446	0.513091347992152	5478	0.174968803248863	2	2	0	-6.78392226546409
chr10	46384806	46559872	0.498734799930415	31	0.185784023063897	0.45679250839243	161	0.170225042405963	2	1	1	-6.80495360480894
chr10	46559923	133641804	-0.00059237479812424	2639	0.0422995502411809	0.531227875171765	110285	0.179526857295886	2	2	0	-6.8696761247061
chr11	192997	5351776	0.498895887949687	879	0.088237859627658	1.02230066655512	28230	0.274560640408461	4	2	2	-6.76803707776154
chr11	5351865	5352104	0.312193268100601	9	0.147017005819055	0.822472229626123	20	0.0558054892602775	3	2	1	-6.74548723682637
chr11	5352332	50553108	0.498914296666225	1941	0.0901789331829486	1.03540069713011	86443	0.343939388175459	4	2	2	-6.79498229337238
chr11	54591798	56700571	0.317098374764868	124	0.101658552276646	0.745011224130452	3549	0.192510509511928	3	2	1	-6.86090147203126
chr11	56700635	56701244	0.120775201300097	18	0.087796035165887	0.500726486913424	49	0.0578810723588892	7	6	1	-6.95032885591
chr11	56740404	135055593	0.324762517828008	2707	0.102958575195804	0.786216125748768	165730	0.247721855758715	3	2	1	-6.75029296158088
chr12	13488	34523014	0.334723428738408	2043	0.108206704910317	0.775669157022454	64609	0.255156949847499	3	2	1	-6.83057769168079
chr12	37540858	50782921	0.346769947082906	654	0.104340404311117	0.785160982359965	27871	0.243423400999691	3	2	1	-6.74699457846687
chr12	50788339	52776814	0.498890055896026	318	0.0840923221803486	1.03233118261061	10752	0.318242070269277	4	2	2	-6.73760166228315
chr12	52790707	133234117	0.336605521863204	2959	0.108493054515754	0.786584566350661	157651	0.264794884320693	3	2	1	-6.74285044742878
chr13	18177586	114325855	0.330603916607555	2662	0.11285185662608	0.789127893388089	98106	0.280555994093812	3	2	1	-6.73352603300916
chr14	16098225	16401976	0.375328882274291	2	0.0883883476483184	0.392915123218631	13	0.102216273981527	2	1	1	-8.94799197994393
chr14	18330620	19680240	0.349409230337342	76	0.161297851868969	0.551371520207163	1048	0.279738226176653	2	1	1	-7.23741265046295
chr14	19733402	106335516	0.000776125149660634	3045	0.0288421530203758	0.530785002415303	122299	0.180486836280941	2	2	0	-6.84520835343353
chr14	106344582	106349515	0.000223222210228857	17	0	0.200097523009379	33	0.164873769437363	1	1	0	-Inf
chr14	106356283	106631573	0.01281140650215	48	0.175856425158433	0.474290212605387	938	0.138317045854559	2	2	0	-6.8283247359419
chr14	106638941	106874951	0.0143363371972943	81	0.132243554534992	0.446667772059108	716	0.173491160431816	2	2	0	-6.86415180603938
chr15	19859788	22774442	0.403933159313408	281	0.122581455752316	1.01764947753426	4003	0.376342521010733	4	2	2	-7.09468110456561
chr15	22774521	45689119	0.498910127868744	1604	0.0880336423981846	1.04129241217676	67369	0.340854162119649	4	2	2	-6.74698962686919
chr15	45690390	47070951	0.142010398213234	17	0.18128532110201	1.03529251155077	514	0.441676138531977	4	3	1	-6.93989340247681
chr15	47121750	93760960	0.498914267378455	2908	0.0911777727004848	1.04757124986107	122781	0.356612579788097	4	2	2	-6.73823563147627
chr15	93867067	101829176	0.340454415763968	341	0.119463150380254	0.765264456772989	8651	0.265155862209454	3	2	1	-6.80038780430324
chr16	11641	2500474	0.498904494993985	605	0.0756953493787716	1.06070363519763	25316	0.296974986398046	4	2	2	-6.73414146290394
chr16	2501103	4541207	0.00180820141405347	258	0.00433057716608068	0.536862201853795	8965	0.162983820797899	2	2	0	-6.85392321988438
chr16	4545268	5514782	0.498850671278219	189	0.0854647903167107	1.0666831424991	5361	0.452738154020066	4	2	2	-6.73363669182145
chr16	5524801	6142486	-0.00350069493198324	20	0	0.493571512826906	278	0.2369395287519	1	1	0	-Inf
chr16	6202846	31859586	0.498895086480088	1859	0.0968623852035454	1.06588109174891	83934	0.380934358053852	4	2	2	-6.74964114186696
chr16	32124780	34163313	0.0645075475338876	31	0.156289674532873	1.00848384893175	1551	0.304442974385978	4	4	0	-6.85767706618662
chr16	34266408	35826946	0.49858764116165	39	0.157485624732231	0.849513443989763	1159	0.420935894123774	4	2	2	-6.9666365674082
chr16	46386441	63346838	0.337001011061809	589	0.108702248869353	0.79615073157378	29731	0.271880269298507	3	2	1	-6.74344494422741
chr16	63356097	90023683	0.498908675383059	2564	0.0881351976660733	1.07380596505277	86099	0.358638460310625	4	2	2	-6.78202808674621
chr16	90027561	90167920	0.345277337165713	35	0.136336909680308	1.50364616216345	865	0.452289766701667	6	4	2	-6.7386142857301
chr17	138189	13397180	0.00113068543067846	1287	0.0320460377689476	0.533428122100243	45807	0.169019581336544	2	2	0	-6.78348282875752
chr17	13436111	13629866	0.329909776796595	15	0.148412552414834	1.86678689592893	419	0.667630393382498	6	4	2	-6.74065346260792
chr17	13632182	14844528	0.0534676490558729	34	0.0709653388820074	0.672770365810511	726	0.48273061934188	3	3	0	-7.13447751172943
chr17	15144682	15817600	0.258063553612274	109	0.098087582303993	2.13343766773345	3803	0.908983602078932	8	6	2	-6.73716811483399
chr17	15900065	21285176	0.00229973258214566	405	0.115309457891927	0.603350580182954	15842	0.593856786990674	2	2	0	-6.89950648571468
chr17	21290809	22429774	0.157532159425805	313	0.164486328343257	0.591117990165725	1497	1.16433705388905	5	4	1	-7.07931409292281
chr17	25389878	29845671	0.359104374355744	223	0.113154837503459	0.808896553118544	12991	0.249143609983965	3	2	1	-6.78931119747865
chr17	29926231	30288586	0.299899133963399	54	0.0981914959719117	1.76465631265063	2160	0.788103759012121	7	5	2	-6.74617102901051
chr17	30296334	30634042	0.332768393843951	18	0.106749416431645	0.796639720120288	1116	0.241591376504243	3	2	1	-6.73332951591762
chr17	30658659	31755537	0.0109869639959795	40	0.0589408166875457	0.372738478026009	2337	0.311839500557471	2	2	0	-7.4674569142835
chr17	31803084	46142465	0.49889964705261	1498	0.0904265098763533	1.0664826263292	73032	0.348090650218892	4	2	2	-6.74521530314511
chr17	46142522	46704913	0.381452423836464	212	0.131374251747352	1.07491364142811	1648	0.416911750446681	5	3	2	-6.82330763135186
chr17	46718103	82150244	0.498917739943469	3107	0.0907912873694279	1.07022614127901	133434	0.359817219585173	4	2	2	-6.7778612766342
chr17	82150316	82151415	0.231580867951345	18	0.140885388917579	0.5079713917544	39	0.225230779831567	4	3	1	-6.75016077077583
chr17	82151473	83093100	0.497368009010167	151	0.0741462602082516	1.07790680674616	5207	0.329687507362375	4	2	2	-6.73670887544929
chr17	83094142	83233421	0.498109527460238	12	0.158617010628136	0.703939024484027	96	0.227342345364022	2	1	1	-6.86680581888782
chr18	47948	110425	0.492490397815229	16	0.175914645496047	0.645555747033566	184	0.449344841010542	2	1	1	-6.74185464884722
chr18	116909	15379023	0.498900437217811	1057	0.0935509031595487	1.05583160996837	28336	0.386842812806531	4	2	2	-6.7336736811956
chr18	20946229	80257347	0.498897033638183	2009	0.092696926866035	1.04102360069331	74705	0.372042730558967	4	2	2	-6.76460372933573
chr19	261438	21767600	0.498926201569761	3496	0.0911087490423269	1.06126287146343	168327	0.34436476303569	4	2	2	-6.74034795295667
chr19	21818912	24394098	0.349916113125064	220	0.0979556929813866	0.810109801856069	6201	0.271677548382574	3	2	1	-6.76407380698547
chr19	27392149	54574283	0.498916620506418	3329	0.0918250336033077	1.05184008482256	166046	0.338708264997133	4	2	2	-6.73319523516111
chr19	54574711	54634688	0.157336656214461	55	0.15128969023159	0.943252204775966	663	0.205413309688774	5	4	1	-6.87340689413013
chr19	54635114	58571468	0.498887690697811	822	0.0926286980124169	1.0298570104068	29504	0.313176525086887	4	2	2	-6.74462295383751
chr20	101498	25686171	0.498884596850945	1248	0.0935959190605352	1.04060627305102	47351	0.35602934443605	4	2	2	-6.74908018575056
chr20	25773570	26081167	0.0863917925063411	22	0.113562310069839	0.912225983417783	232	0.413755891658983	4	4	0	-7.08361604760698
chr20	26082924	26274736	0.499000460263164	12	0.0970074973672373	0.964590664085072	212	0.335187983435371	4	2	2	-6.74089946051439
chr20	28559278	29836141	0.490340194157097	378	0.157585547778237	0.909378176638624	1595	0.390111191485064	4	2	2	-6.84113371636312
chr20	29874731	30919423	0.251290472284549	169	0.156917416447862	0.881656265406251	1061	0.398576423349327	4	3	1	-6.85454448647841
chr20	30920342	64239656	0.498909290956159	2318	0.0863925290181649	1.05348385431483	104779	0.361038435293523	4	2	2	-6.73322402509133
chr21	5218123	13099377	0.29275377553043	644	0.14847518332329	0.876621685774699	4300	0.558733242895955	3	2	1	-6.93913667596182
chr21	13227652	14301123	0.152777787440219	94	0.108336051564722	1.56958313163892	1900	0.642593831812234	6	5	1	-6.74293029952671
chr21	14475900	15175000	0.355960937093218	39	0.120014798907531	2.24942600984905	1501	0.975973764636487	8	5	3	-6.75002255853538
chr21	15202135	37363019	0.132443054370902	1496	0.0880421261984794	1.93973750620719	53714	0.933272473354368	7	6	1	-6.78184272362518
chr21	37377617	37625399	0.413865551693836	23	0.17548626963395	2.47677864770223	945	1.83552891061804	12	7	5	-6.73578609607706
chr21	37635807	39263083	0.141167169309723	103	0.0953529498081818	1.73723222342336	3370	0.822893492409881	7	6	1	-6.73816932821198
chr21	39270230	39366694	0.339937301557452	32	0.106666720745114	2.81347850638208	1016	1.76945725059522	12	8	4	-6.7355752691768
chr21	39368980	43207517	0.139122224613757	453	0.0822037800030826	1.75925125901184	14523	0.658181768569377	7	6	1	-6.74551038862673
chr21	43262521	46645223	0.143794675483047	548	0.0885665553783238	1.76791151367008	20896	0.631859439177614	7	6	1	-6.74167926814058
chr22	10613306	11279338	0.21597625039097	381	0.143377374681848	1.00682333527462	1714	0.519601243659108	4	3	1	-6.76955793079623
chr22	11285026	11604057	0.498357449489689	67	0.180602655884481	0.589463751579954	396	0.313812029879631	2	1	1	-6.7579301286214
chr22	11604116	12813658	0.483310199849888	105	0.165095605557383	0.635266315058895	669	0.388654422524517	2	1	1	-6.90456433386373
chr22	15563583	16644924	0.498182630805058	34	0.201983806555171	0.552358528173776	799	0.220320041045856	2	1	1	-6.76408465465578
chr22	16692122	19184768	0.00038694622616281	154	0.0751118095358814	0.534014116204694	4945	0.189690940477628	2	2	0	-6.7417881949556
chr22	19210386	26555249	0.498877008541328	953	0.0928508142368447	1.05396782163325	33259	0.341980265068678	4	2	2	-6.73317744387255
chr22	26626307	27154149	0.219510941491484	56	0.112941175356506	2.32120890794582	1211	1.29635665131354	9	7	2	-6.733451940146
chr22	27202640	34721649	0.498859680891623	541	0.089324371950692	1.07290210868965	26868	0.395170941144143	4	2	2	-6.7436116550608
chr22	34742549	36398522	0.325434453923938	219	0.0980049764526919	1.54235737497427	7143	0.561714631673315	6	4	2	-6.73865637496133
chr22	36428955	36923547	0.499140525494928	71	0.0759748687666167	1.24317322281701	1897	0.411689071837821	4	2	2	-6.7811802254801
chr22	36923905	39193347	0.313597495742951	474	0.10711389251121	1.68422651676894	20980	0.627522162031935	6	4	2	-6.76769937895668
chr22	39196827	40251495	0.000933696873189671	46	0	0.52271391505829	2395	0.172684598307694	1	1	0	-Inf
chr22	40262762	41734379	0.256910875261561	308	0.102816484130841	2.1426386677493	16266	0.974519778497482	8	6	2	-6.73602693419899
chr22	41737549	43725447	0.346662296022715	389	0.112435718552673	1.53800916753287	12571	0.691888680954992	6	4	2	-6.74316985156527
chr22	43752471	45161922	0.285868719567093	256	0.0994799307279969	1.79283795024582	6511	0.67587138634448	7	5	2	-6.7343921205524
chr22	45179105	50032087	-0.000506605618795786	260	0.0325459132862556	0.533798222357896	7006	0.207197227611823	2	2	0	-6.74664689286793
chr22	50033757	50125984	0.283656206426956	15	0.102206979539886	1.85648725977045	1065	0.652259612946408	7	5	2	-6.7332808504245
chr22	50147099	50758772	0.00240064256287975	139	0.00358136722788048	0.517296077831387	5103	0.147136271980147	2	2	0	-6.99625479804965
chrX	260234	57876210	0.498891300493692	2149	0.0981763269950979	1.05360379611848	103399	0.387039263428366	4	2	2	-6.73329983751542
chrX	63633352	90234603	0.498889329044371	510	0.0880214096794814	1.04872201264294	33682	0.349784299577471	4	2	2	-6.73493797626375
chrX	90508396	99734645	0.389997505903766	97	0.118546923481845	0.776018397016184	3816	0.299365785761459	3	2	1	-6.88528741927871
chrX	99887200	155917811	0.498906213672026	1460	0.102114562843491	1.04003610187397	88631	0.352232256112532	4	2	2	-6.77215657425437
chrX	155983033	156010162	0.143044498941827	14	0.0831140154272404	0.925862088186661	109	0.296344289903386	7	6	1	-6.81949523839879
chrY	11111625	11314844	0.498065044411818	19	0.207289990956817	0.211441915808195	48	0.21850797147768	2	1	1	-8.33898384759355
chrY	56830432	56837148	0.0691356330295749	31	0.154885806009543	0.219958158654067	63	0.205100287684324	1	1	0	-6.85333327611558
chrY	56854987	56885653	0.405826582901911	68	0.157402066909085	0.786515348546724	221	0.301941532175228	5	3	2	-6.78682308157242
