chromosome	start.pos	end.pos	Bf	N.BAF	sd.BAF	depth.ratio	N.ratio	sd.ratio	CNt	A	B	LPP
chr1	191870	1739131	0.394651773314912	171	0.0932995210019593	0.752619208423253	8162	0.231567660043964	3	2	1	-6.73396399089454
chr1	1842235	16490636	0.182401959813247	1011	0.107520436501877	0.718365797767331	44402	0.253008963952972	3	3	0	-7.10472412120807
chr1	16508139	16947199	0.477179948521666	205	0.13284317298349	0.813636188976328	2676	0.336623509200534	4	2	2	-6.78503636180527
chr1	17087810	36411066	0.189579538903506	1075	0.105272531444573	0.715996329754792	63101	0.250289020665462	3	3	0	-7.2846508503331
chr1	36413985	42610822	0.241558555862998	266	0.108952673429909	0.581866367607058	13693	0.196540487424712	2	2	0	-6.80123510577297
chr1	42615599	124741523	0.175711129458808	1935	0.105197051542365	0.750885839633185	115432	0.259482220531021	3	3	0	-6.79862490193476
chr1	125094663	143222042	0.498153973385547	14	0.181932559054052	1.93415332940039	729	0.605893626071857	10	5	5	-6.75186680757442
chr1	143231355	227434663	0.110325748515404	4009	0.0804697409676154	1.20150878193342	233186	0.432852246682835	6	6	0	-7.00792943939521
chr1	227493134	227654280	0.13211947114899	9	0.114012182584923	1.23041703231429	223	0.429435961301809	5	5	0	-6.74307231904484
chr1	227800351	248022649	0.112737609380898	1191	0.082582555983276	1.1965597977003	52691	0.452789655891	6	6	0	-6.81254270240095
chr1	248084284	248945575	0.378748824744106	15	0.106304728201972	1.19977988066231	2614	0.299729163873119	6	4	2	-6.74360145006476
chr2	171467	91987666	0.314152361946356	2752	0.105372623880137	0.945583170563248	150353	0.343298291886539	4	3	1	-7.09367097679031
chr2	94190317	214959258	0.324141278758512	3155	0.106591775309576	0.968884888580894	183497	0.340818582999795	4	3	1	-8.10157227201933
chr2	214968691	242120118	0.17479416760497	1231	0.0950294506128988	0.766329064873377	60438	0.255923361725653	3	3	0	-6.76537504321314
chr3	10368	90613961	0.32303304441009	2670	0.107007041818057	0.916893327626897	160082	0.319617122859174	4	3	1	-6.73631450362205
chr3	91404436	198056766	0.324993050454759	3344	0.105554635591022	0.939364924653325	163230	0.330215548571408	4	3	1	-6.99929149939278
chr4	46210	49711661	0.408302714433765	1640	0.101907876172772	0.86539989127375	69656	0.30977295593377	4	3	1	-8.06857944690099
chr4	51848078	190179679	0.400950244259931	3194	0.101147149313817	0.894098680394044	149210	0.317598377308493	4	3	1	-7.62563143061336
chr5	161693	666208	0.174849597769463	52	0.111952631857357	0.712331486328167	1959	0.211245722874441	3	3	0	-6.76095823187451
chr5	795926	1285859	0.498988483036807	67	0.0813500429558525	1.17948113011522	2964	0.32866347156909	6	3	3	-6.74024171308765
chr5	1362933	3818050	0.2440372387686	66	0.11885598815687	0.704786433066396	1957	0.271446451782339	3	3	0	-7.00072667441741
chr5	3866019	5393967	0.340156319130125	45	0.137996640275308	1.08148694641848	1089	0.570947758136534	4	3	1	-6.81408197937804
chr5	5408461	24537372	0.228607291678191	302	0.11338241559267	0.608247479559381	12549	0.229718717459947	2	2	0	-6.8101598134566
chr5	24574181	45847891	0.498769858142979	452	0.110101511689006	0.850676266787351	24385	0.356169062651554	4	2	2	-7.28226884701309
chr5	49600535	181281775	0.38506201527072	3522	0.102589046481509	0.761333228308167	173993	0.268054146071514	3	2	1	-6.75863309716864
chr6	171132	311496	0.142462227065431	9	0.166402373781145	1.539585620563	330	0.779330375644225	10	9	1	-6.74411632837167
chr6	335251	375460	0.499140099145296	16	0.0708660708661063	1.2805306048759	268	0.45761402508317	6	3	3	-6.73322893433703
chr6	375488	3144592	0.0812044341780973	201	0.0841266183229052	1.70409324525827	6792	0.759292319012537	9	9	0	-6.73367456634585
chr6	3144674	11778855	0.154333382754141	298	0.0947435930132295	0.952725280128542	14029	0.37739141521025	4	4	0	-6.78121643732043
chr6	11796406	28768871	0.0879633014720271	907	0.0722177209062404	1.52186160265064	46112	0.664734275568471	8	8	0	-6.74994161606924
chr6	28780125	29545374	0.123471228712354	61	0.0683724691342877	1.12562580956081	2049	0.488653078737579	5	5	0	-6.737943984585
chr6	29555869	29942193	0.0881974531034126	163	0.0606014459987427	1.42997912489756	2905	0.588373190463033	8	8	0	-6.73840391877238
chr6	29942785	29944180	0.313994081655703	14	0.118408957932588	0.90472376006187	60	0.510040156832696	1	1	0	-6.7347965224002
chr6	29944309	31616050	0.0950684245140797	623	0.0728820788842602	1.46026091540458	16191	0.52436976596245	7	7	0	-6.7398408343808
chr6	31618965	32553359	0.149278268065776	315	0.0943233813694963	0.889888674971966	10784	0.259186948088119	4	4	0	-6.74173819707303
chr6	32553378	32580909	0.482710768601514	19	0.0842027280745979	0.888380531750178	53	0.263971475291895	4	2	2	-6.75849396662135
chr6	32580917	33163957	0.153584922519208	139	0.0785055040715869	0.940519007842861	2549	0.282107518478165	4	4	0	-6.73710100292814
chr6	33164561	35262953	0.101182086193292	124	0.0555205930942744	1.51740781533188	16458	0.52173753810189	7	7	0	-6.76367516746559
chr6	35270371	39175566	0.158783657899873	284	0.0977043084348214	0.881692708367681	13436	0.330188525263812	4	4	0	-6.77554346285179
chr6	39194451	43454960	0.0757168561788071	322	0.0736049936555888	1.73564564088271	26071	0.717659937082733	9	9	0	-6.73487930639654
chr6	43458877	45328881	0.113676695220806	93	0.0669709296866551	1.21288076676744	7515	0.450759221609944	6	6	0	-6.7372994545457
chr6	45357254	60873526	0.205867205892657	317	0.104469463699138	0.61340971400139	14511	0.197328278472258	2	2	0	-6.93912829389793
chr6	61531726	170582405	0.227978179013891	2340	0.119469643783998	0.601743122333892	101902	0.21247935446172	2	2	0	-6.82888990474235
chr7	50462	58100632	0.498882561873792	2943	0.099946322293793	1.35307297980007	132399	0.551688695912146	7	4	3	-7.06195086339011
chr7	60958067	100892018	0.252550536828842	1792	0.114571200096147	1.11013924982249	92854	0.439581146245674	5	4	1	-6.84942839173508
chr7	100938331	100972106	0.423003731630658	165	0.101197112143985	1.04127563678439	1234	0.232116581152451	5	3	2	-6.73387852291395
chr7	100973757	159260734	0.255866397454463	2348	0.10749397192973	1.11057739215103	128144	0.404618225033934	5	4	1	-6.91374543261084
chr8	243622	43192450	0.451423379885684	1929	0.098241812820612	1.0420825118439	80193	0.388137886795219	5	3	2	-6.98855599295768
chr8	46845988	145043147	0.387504536599026	3748	0.10497647792363	1.60483565631325	205165	0.694540125689135	8	5	3	-6.8190986539893
chr9	10416	23782100	0.498818211541762	439	0.103189983648977	0.599054243868067	19811	0.219641138697018	2	1	1	-6.73718022290527
chr9	25234847	43242683	0.376571030548692	709	0.112504422567898	0.746578499294408	27441	0.256876399036372	3	2	1	-6.78428563401761
chr9	61902912	77682903	0.355162518419647	396	0.122287922200532	0.758801024622556	14048	0.277002027812178	3	2	1	-6.79217965699395
chr9	77815886	131527633	0.498895358545985	1851	0.0893629817096347	0.882885526448271	113141	0.314649305597992	4	2	2	-7.21840507882637
chr9	131529397	132114730	0.0381478709228739	193	0.0499833678079679	9.7562204026456	9997	6.12329472151342	20	20	0	-6.74316237668143
chr9	132130186	134500007	0.498862586762163	135	0.088146686002246	0.876332961507867	10600	0.402268007403753	4	2	2	-6.75303616002083
chr9	134655536	134848803	0.0477060356704735	152	0.0484028309602176	8.59754006162952	6851	4.19679836598867	16	16	0	-6.74107436214275
chr9	134848995	134850197	0.237182555667496	11	0.109683014347544	8.00357133653425	337	5.06681381922102	19	15	4	-6.73345219658315
chr9	134850278	135122735	0.0410195761963164	100	0.0334465033427799	8.22806865076136	5509	5.3615088827888	19	19	0	-6.73766850858617
chr9	135124129	135129355	0.0648960019878402	9	0.195399448424105	9.09995198605655	106	5.23438110285439	11	11	0	-6.7333576868511
chr9	135129494	135623498	0.0418698650030973	223	0.0490881886467039	8.57204283434969	8542	5.9796019269671	19	19	0	-6.74053314540958
chr9	135694611	138121810	0.499085018980827	346	0.0767966627567381	0.891596108650917	18962	0.254687536514281	4	2	2	-6.7538042306154
chr9	138122079	138214444	0.345320006065356	41	0.143326903334692	0.934550893754188	246	0.357724550861459	4	3	1	-6.74557229606236
chr10	47476	38998192	0.191069055182419	1298	0.111833045224963	0.741168859575105	52122	0.276437661159607	3	3	0	-6.88781444254036
chr10	41859953	46132127	0.179902824521748	159	0.122397367927188	0.746814594460773	6637	0.286330056887925	3	3	0	-6.73996470661999
chr10	46223927	46656809	0.498753857794741	111	0.117446450759777	0.838201953915182	1494	0.261569184458062	4	2	2	-6.76517020257252
chr10	46684234	133787230	0.182210308009434	2810	0.105279370958453	0.738367535403834	137921	0.257306898021039	3	3	0	-7.2317372917532
chr11	193863	50422246	0.405441557697723	2246	0.094165014845871	0.743472692790278	93452	0.243913698639354	3	2	1	-6.92578786588838
chr11	54592062	100859568	0.39300486579482	1683	0.0932910951705453	0.748015496462196	108989	0.24518696690315	3	2	1	-6.81285547140685
chr11	100891766	134882187	0.498895226850748	1062	0.0903374037975542	0.590315671067658	52202	0.194030429482734	2	1	1	-6.79775531511897
chr12	12867	60104	0.201544387047147	22	0.119708565661112	1.52534156690816	134	0.983407434166194	8	7	1	-6.73784185256973
chr12	125976	34523014	0.489831772655979	1487	0.0972726011214456	0.793270215513425	66230	0.271548007980416	3	2	1	-7.79823304921625
chr12	37418138	133234117	0.452548455822968	3564	0.0914739036428802	0.771172047140342	195884	0.26583284862018	3	2	1	-7.20453702386949
chr13	18177561	105210692	0.379407757247822	1788	0.106649477255926	0.790474025239738	84495	0.291329992224739	3	2	1	-7.66925467701969
chr13	105229958	114299067	0.243598035278086	313	0.0989048466668437	0.621648675764451	10821	0.209882298212187	2	2	0	-6.94262809829649
chr14	16057642	16099351	0.498666749499021	4	0.138020227986094	0.536123224798331	9	0.0671788657242737	2	1	1	-6.79623091235738
chr14	18330620	19891710	0.319495318196301	102	0.125607039311486	0.643403413038219	1672	0.26502783624573	2	2	0	-7.09748092777639
chr14	19932391	106823737	0.498880948984088	2778	0.1002056184329	0.668041147672992	143020	0.229290708227943	2	1	1	-11.6785725716959
chr15	19882428	101931064	0.389149291803834	3098	0.103458374375551	0.742842741959981	163455	0.254242927060631	3	2	1	-7.02911786092598
chr16	34130	34163313	0.405143339035152	2287	0.0996096633443065	0.964496461376771	128484	0.335051153856903	4	3	1	-7.49721878563818
chr16	34268517	36104296	0.498765820841704	53	0.127897401392753	1.38185657406286	1639	0.571098547349567	6	3	3	-6.77162880691128
chr16	46386263	46401607	0.442999482397014	57	0.113821605020416	1.61416958134401	1195	0.350329543051207	7	4	3	-6.734519795266
chr16	46563970	61018710	0.400230055392807	492	0.0972641549787156	0.987806462191356	33596	0.361018772801737	5	3	2	-7.26341154421912
chr16	61034107	75704388	0.305552482876192	833	0.107673251111273	1.28205277785948	59782	0.477552096309338	6	4	2	-6.98161039778259
chr16	75760105	90095778	0.496533228006709	875	0.10016271628655	0.684844507831814	28631	0.245914538805267	3	2	1	-8.49938848272798
chr17	137603	22654773	0.402022485603054	2043	0.102655825512238	0.734458765601004	82149	0.24420500409406	3	2	1	-6.95404007483264
chr17	25920193	30879403	0.498727681334645	180	0.104192746679332	0.751433538220681	15699	0.254269391849366	3	2	1	-7.29148214942733
chr17	30896518	83158687	0.498923090471107	3570	0.0878931393513485	0.89026599782109	196609	0.31046611995035	4	2	2	-7.04718028813369
chr18	48740	168247	0.479852309013931	45	0.142577010911311	1.02653566738494	623	0.608451420425104	4	2	2	-6.7473520974759
chr18	184476	15341512	0.498795557595787	590	0.105961281731084	0.770777826352295	21819	0.278909133307377	3	2	1	-7.30443550642047
chr18	20942964	46753344	0.498794882742313	444	0.101649890091299	0.815045722595369	28021	0.305450526700394	3	2	1	-8.08171154509809
chr18	46756674	80250865	0.498874350653059	870	0.0891600799703713	0.949333006619058	37935	0.35579819180285	4	2	2	-6.89470115608649
chr19	263280	24394204	0.498885961556991	3331	0.0955551917959369	0.744652650410132	144140	0.262797147730259	3	2	1	-7.44928033067856
chr19	27646333	58558166	0.498926594753061	3569	0.089327832885827	0.831559793737523	174953	0.279721420726802	4	2	2	-8.48314757831717
chr20	101505	26081229	0.466413096888063	814	0.0959480424748982	0.787702522182619	39275	0.274258069934221	3	2	1	-7.35114378155869
chr20	28559257	30843163	0.491067330985853	497	0.126081250988329	0.724961434153452	2272	0.271556129717862	3	2	1	-7.10770965585458
chr20	30865421	38796225	0.498880012294714	511	0.10211727308398	0.85679709643128	32480	0.308370860299913	4	2	2	-6.97022838586119
chr20	39725446	43561679	0.217579264209061	151	0.119657959554591	2.12444176426924	11561	1.07228562474005	11	9	2	-6.73777908658727
chr20	43567223	49026042	0.29210947560942	535	0.102691672292657	1.44669863778418	26654	0.574269337138189	8	6	2	-6.79269232708497
chr20	49030723	49925008	0.212374451309002	172	0.0993980064603435	2.05569184948334	7343	0.994409020253569	12	10	2	-6.73691576215989
chr20	49927849	50914391	0.259093200613982	148	0.110658321056851	1.49918500222007	5301	0.691751093923357	9	7	2	-6.75989343943142
chr20	50919973	64302708	0.235037523288014	1096	0.100838153291222	1.78904744169189	56186	0.746023947248661	10	8	2	-6.77733860053064
chr21	5218123	13035101	0.491144215823179	635	0.124379422159566	0.774030035466508	4114	0.304925811246172	3	2	1	-7.10245196335387
chr21	13238671	20683831	0.419493346511268	207	0.107451765023519	1.07853348495809	6473	0.471273620264547	5	3	2	-6.73490311743787
chr21	20875187	33408522	0.189163079225826	249	0.110172550128956	0.739914895472381	12963	0.270600236862917	3	3	0	-6.79540709573992
chr21	33421399	36985547	0.00149958884499868	216	0.096976081478804	1.27395648333492	10419	0.534532494693462	7	7	0	-7.34222385045673
chr21	37024300	46055568	0.194701942852265	471	0.105730486230228	0.736741946313532	19610	0.287176465439865	3	3	0	-6.79554256188068
chr21	46087125	46225756	0.498814709575019	85	0.100254225865654	1.23993979365371	1795	0.317041175897867	6	3	3	-6.73311476141903
chr21	46236750	46661856	0.199445953422946	94	0.0874960384108255	0.715377424296421	2598	0.20398880900713	3	3	0	-6.77972779363245
chr22	10685500	12900711	0.491000747354236	630	0.136385260868759	0.682697634637472	2890	0.529382126830192	2	1	1	-6.82012522748223
chr22	15541395	15636618	0.189685544439048	12	0.137498071611822	0.533006212413555	230	0.170792276434757	2	2	0	-6.809124316049
chr22	15675976	16354735	0.211820881344296	11	0.126564033380161	0.481252232403581	241	0.231076884736988	2	2	0	-7.07944612929295
chr22	16395527	16933495	0.0495991892694308	255	0.0587616292498879	5.8866041310578	5510	3.60172424953662	16	16	0	-6.74643839475127
chr22	16935715	17537871	0.0213863225138485	361	0.048062988802012	10.8925219228663	16933	6.9627335983636	20	20	0	-6.82438458318565
chr22	17538827	18073280	0.225601909567652	97	0.11614651936447	1.70507324504444	4177	0.795561280512452	11	9	2	-6.7499742498616
chr22	18084465	18730682	0.256052864594014	11	0.114956908922826	1.69209143457728	909	0.828785936189012	9	7	2	-6.73812811274579
chr22	18787911	18982537	0.0425290976153251	9	0.101089069636633	3.5804534212992	210	6.5205893442209	18	18	0	-6.73309845804515
chr22	18985958	20700300	0.291731295731843	254	0.0981712171394355	1.46456921298451	13305	0.743851213771065	8	6	2	-6.74128504576821
chr22	20703341	21377835	0.034834253932434	379	0.0563680187170385	10.3268173883508	20792	6.13835262677903	20	20	0	-6.74927248635326
chr22	21406862	23829349	0.218986304304953	512	0.0952193893514219	1.97084877643079	18854	0.886736481965473	11	9	2	-6.73769875432229
chr22	23833396	37742372	0.230002816451307	708	0.118966067007738	0.595427294076832	34675	0.347809264353081	2	2	0	-6.73341409354568
chr22	37750426	38553068	0.202451253183265	149	0.104055597572539	2.06767395196751	10041	1.0153619011794	12	10	2	-6.73682381924755
chr22	38575945	39155984	0.248172235696784	48	0.116587645477616	0.566213303259252	2292	0.204087221202238	2	2	0	-6.77066069485116
chr22	39181115	39295444	0.252479943628867	50	0.111645833979141	1.9338106100782	668	1.08356329180497	10	8	2	-6.73679931732486
chr22	39300882	39650072	0.224696332891101	32	0.10569443461254	0.57824804827116	1376	0.200668750661561	2	2	0	-6.73974324017147
chr22	39934827	41682933	0.212633610901051	293	0.104014700982495	2.0421066602455	17876	1.06697079164766	12	10	2	-6.73979923703348
chr22	41688998	42267488	0.220798646575607	91	0.108096593398097	0.611638457779674	2979	0.365983534812456	2	2	0	-6.73892923154281
chr22	42273022	43782092	0.483352996939587	90	0.0910351100451021	0.877267227869917	5258	0.457863192885246	4	2	2	-6.76239508286099
chr22	43881526	50808384	0.244347394717783	407	0.108111202072924	0.580331520801991	16670	0.195285443535502	2	2	0	-6.82806385520225
chrX	284193	52862710	0.239948918242213	286	0.123723325334194	0.874507789467976	38066	0.310148175005236	4	3	1	-7.72066978583161
chrX	74583034	155985886	0.366976983607408	32	0.119780574755299	0.604270464303102	38273	0.197154359180348	2	1	1	-7.58116574723656
chrY	10785299	11788344	0.457465713159066	88	0.153994550905102	0.747688444629631	710	0.540859596825661	3	2	1	-6.83456332466335
chrY	19413653	56885714	0.389243458640408	191	0.126676828379019	0.45075981559828	1344	0.282490570743899	1	1	0	-7.24129485574658
