chromosome	start.pos	end.pos	Bf	N.BAF	sd.BAF	depth.ratio	N.ratio	sd.ratio	CNt	A	B	LPP
chr1	13273	202259	0.0846739183612794	12	0.130181312953988	0.925499348626537	224	0.35983944607265	2	2	0	-6.97741569304361
chr1	591391	16509026	0.498915767521045	3547	0.0918654908157791	0.99622270055536	118632	0.494357608223499	2	1	1	-6.81116231709352
chr1	16509206	16975429	0.366085020544294	298	0.114326919149362	0.920685386913555	4201	0.374907375234792	3	2	1	-7.14333274606121
chr1	16985387	124514236	0.498939484475822	11472	0.0877662541971572	0.992134034527088	469728	0.53877156522103	2	1	1	-7.08313223032221
chr1	125094469	145855118	0.420435830525007	68	0.139882349756806	1.03886846631762	5450	0.922561132254189	2	1	1	-7.02965361085245
chr1	145862424	248945592	0.498944011201039	12093	0.0876680239886357	0.984855515126344	464459	0.463055100080442	2	1	1	-7.04064012673439
chr2	73819	89244608	0.498931206987866	7808	0.0911923368263927	0.993486280455323	310481	0.530879708649625	2	1	1	-7.05390934344004
chr2	89538544	92075324	0.498657146322479	327	0.140441152056821	0.955552709997339	5026	0.546759102685819	2	1	1	-6.73314006835708
chr2	94190317	97262710	0.498757746365077	288	0.12642236492593	0.95257136938686	18377	0.424009626150822	2	1	1	-6.73308797501635
chr2	97355418	154520099	0.498914384297242	4255	0.0960079697364333	0.981797346598635	157012	0.833301018691004	2	1	1	-6.77839977749636
chr2	154565599	154698653	0.0783788818855559	9	0.184815974538037	1.13684033294453	102	1.02437062707558	2	2	0	-6.84142941815242
chr2	154760959	242063053	0.498941629779246	8452	0.0899535828623479	0.995124482568634	329663	0.533864863128888	2	1	1	-7.06761145854
chr2	242081989	242183396	0.498024956079898	9	0.198263713270987	1.18690516204132	107	0.877391500314737	2	1	1	-6.7369162609395
chr3	10374	90303819	0.498935240555289	8085	0.0929036125235081	0.983381967791744	326085	0.464794609122925	2	1	1	-6.97963489673148
chr3	91357428	130105794	0.498912221259504	3203	0.0917075062311802	0.976535985572338	117081	0.455317594785365	2	1	1	-6.80252388720547
chr3	130106550	130157641	0.243267033603308	22	0.112663810512223	1.21069110951924	194	0.619437542860323	4	3	1	-6.75153526765191
chr3	130157760	198139813	0.498927356453125	6337	0.0897158452789357	0.996006756175626	219334	0.470307453629412	2	1	1	-7.08161178529569
chr4	13970	8950422	0.498894395132475	1809	0.091230063595222	0.900826357389013	50801	0.471505157557368	2	1	1	-6.80696349027075
chr4	8968652	9403797	0.325036458648628	112	0.127473364808187	0.894602059658925	1375	0.357208581021554	3	2	1	-7.15338045616897
chr4	9403882	49082354	0.4726730984784	3039	0.0900668790574154	0.950366970246166	93743	0.447556921871625	2	1	1	-6.78830528912591
chr4	49092094	49634373	0.418899338358002	270	0.14182639264452	1.10987760206211	2925	0.465041226948178	2	1	1	-6.95809622570649
chr4	49634491	49711905	0.30721504261307	38	0.118888034994548	1.45605770541614	443	0.940924043576154	3	2	1	-6.76186759194345
chr4	51819050	54636336	-0.000141081174733965	159	0.109207664145555	0.93766300516516	7727	0.458935263558333	2	2	0	-6.73498270620526
chr4	54648963	54855039	0.201587112360919	34	0.105110077263058	2.11305997881783	1222	0.933595368989005	5	4	1	-6.73518780793703
chr4	54867256	190179679	0.498927575016226	8207	0.0905441292044271	0.947627614424082	318888	0.558892753846465	2	1	1	-6.73967495776297
chr5	44595	488195	0.247699626347631	27	0.0907119670642246	1.2799111286603	3872	0.652211046019018	4	3	1	-6.83072931038425
chr5	491711	796322	0.373214873783244	54	0.154142015707234	0.301088845991183	928	0.0956107082080211	1	1	0	-11.6878190785704
chr5	796859	1225561	0.0193417717582125	94	0.0910211446644338	0.254981936350893	1587	0.116128005125515	1	1	0	-10.5017460353594
chr5	1253629	1377819	0.155386896788478	38	0.0871835305221697	1.60732508619906	1732	0.980676679744888	6	5	1	-6.76858850553363
chr5	1387106	1466698	-0.00298151111405176	15	0	0.269961316040275	308	0.213833800415796	1	1	0	-Inf
chr5	1489591	3392516	0.21805459993703	160	0.116050621782211	1.1192889560707	3266	1.28888285828963	4	3	1	-6.96641401831038
chr5	3524580	4095539	0.00418979777597162	19	0.0142237754999748	0.251556450576632	327	0.119343959449246	1	1	0	-11.1361238776572
chr5	4202431	9300375	0.238213007907025	449	0.110115778064844	1.26942297572522	11749	0.872739479358653	3	2	1	-7.20585389871488
chr5	9324236	10793268	0.163758302911688	187	0.097963944343579	1.85319186230109	6892	1.10348111039132	5	4	1	-6.85916616142066
chr5	10803476	12439481	0.232251478579711	115	0.0982761547550581	1.30719673333711	3005	0.794522027565366	4	3	1	-6.96523070550063
chr5	12439592	13641052	0.131233661377449	97	0.0754404093932145	2.89583383753337	2645	1.9184190515994	7	6	1	-6.75111584488016
chr5	13650357	16185545	0.269260980268308	312	0.109180399448021	1.33095018425972	10809	0.656945966606891	3	2	1	-6.95047693517972
chr5	16197538	17735091	0.122148364054411	427	0.0782299105993442	2.68066465225555	12988	1.7916206475617	8	7	1	-6.76912007568211
chr5	17736184	28833754	0.263614368322854	682	0.111342720040798	1.33589796186735	17391	0.782269354131982	3	2	1	-7.00809858788587
chr5	28894819	30510170	0.49867868802648	86	0.101757142954541	1.23234033381666	1790	0.700234613527339	2	1	1	-6.86159058477941
chr5	30514345	34531491	0.25028132246543	795	0.10530401915908	1.89091501424784	24557	1.08625777137876	4	3	1	-6.73314344632745
chr5	34544046	37284624	0.322286336969414	321	0.115991769601402	1.52426383096635	16800	0.833092079349771	3	2	1	-6.74840318115441
chr5	37286074	37600376	0.498796448191132	104	0.104708425045833	1.04626044924511	2307	0.474516740151701	2	1	1	-6.74049848286292
chr5	37656989	44407588	0.261437356289374	727	0.11427933700858	1.9223785250826	31274	1.12275208339549	4	3	1	-6.73930453529392
chr5	44415290	45816754	0.279381231459111	40	0.127024689705867	1.38054333794684	2212	0.777244550031273	3	2	1	-6.84099339315599
chr5	49599598	50490009	0.478382168187893	116	0.139233944781114	1.13099663917578	1392	0.445573052649	2	1	1	-6.82590879392508
chr5	50540370	181288546	0.498930558404606	9644	0.090240999794328	0.942641251153513	403824	0.503542987771764	2	1	1	-6.76577734358471
chr6	160049	33190412	0.360499690694993	6676	0.107145898057017	1.34610780477096	200500	0.685130674876942	3	2	1	-6.91712963400328
chr6	33190685	58414703	0.354608906735591	4013	0.101665794509818	1.36191303522808	159939	0.655360003344218	3	2	1	-6.83866886960167
chr6	60281479	60964235	-0.00055792922142972	21	0	0.510014840685483	531	0.272805488232876	1	1	0	-Inf
chr6	61133505	92351323	0.000322836711769248	1275	0.013853288814677	0.490280305594876	41680	0.216196855333888	1	1	0	-7.0555939406744
chr6	92362196	92503064	0.497766860390917	9	0.209196677793888	0.600864426662981	81	0.252155924962764	2	1	1	-7.00265603567921
chr6	92512757	170736935	0.000712550654679178	3632	0.0374852103454296	0.490335016299028	134076	0.224728262022344	1	1	0	-7.43844159823091
chr7	37991	413634	0.49881952270608	94	0.0987754722308937	1.62936428692821	1780	1.00185654922036	4	2	2	-6.73858846399221
chr7	414570	718647	0.23349417052545	212	0.123595772330012	3.32752705572099	4206	3.10111533591277	9	7	2	-6.73923092780589
chr7	719171	1773126	0.301549445755213	565	0.126280947967695	2.66153007707231	19066	1.56945165539785	7	5	2	-6.7554293072962
chr7	1776476	2451339	0.498872930472407	211	0.0974928061856633	1.87558570142518	7173	1.03225582592995	4	2	2	-6.73320072956738
chr7	2452506	2538800	0.284018434613505	53	0.117177095450063	2.85908441663092	1811	1.6647658996789	7	5	2	-6.73359552421565
chr7	2539056	3136481	0.466424112262757	230	0.123158583234236	1.87572429091657	8173	1.12948705597775	4	2	2	-6.77736209285866
chr7	3145831	3286621	0.284045624860371	78	0.125282105242951	3.16716649899475	1704	1.7998235103255	7	5	2	-6.73320441276042
chr7	3289130	3447782	0.4990968778795	60	0.0805578642438181	2.02213536137769	546	1.21557343728641	4	2	2	-6.73333529582967
chr7	3464412	5231042	0.000216522575122946	363	0.0332904418658899	0.87492489381783	9847	0.407818406414863	2	2	0	-6.77859293805114
chr7	5235906	5367749	0.498835672820044	100	0.11170763608454	1.90274109540105	2512	0.922553115641587	4	2	2	-6.73309501560008
chr7	5377790	5748531	0.000397531312524679	124	0	0.944793681783252	3749	0.562877993348134	1	1	0	-Inf
chr7	5771669	5840988	0.498679904609662	54	0.118940578802249	2.56121003527389	1293	1.35246691064576	6	3	3	-6.73337558542831
chr7	5841223	5897517	0.246155675453046	112	0.0907731692700589	3.85128677146102	1666	2.17582040832805	8	6	2	-6.73410653397678
chr7	5902231	5977453	0.0891063412258448	34	0.100785316567696	2.77636661272932	1086	2.78410198718695	11	10	1	-6.73556743820707
chr7	5979709	5992566	0.498878476904079	12	0.140338200808121	1.815065177985	320	0.753086433968785	4	2	2	-6.73309972063144
chr7	5993348	6082735	0.282887068434147	96	0.12404077171739	3.25781366999317	3317	1.67133053811087	7	5	2	-6.73335151415279
chr7	6083016	6267166	0.216149928953693	120	0.0950165487576513	4.04481510093998	5020	2.3354698427493	9	7	2	-6.73554709325611
chr7	6267907	6295555	0.498590196760471	32	0.108502638588401	2.70428280328913	525	1.35368100864768	6	3	3	-6.73315841031406
chr7	6296610	6337402	0.000385487675081841	23	0	0.949550862412795	540	0.422007874440932	1	1	0	-Inf
chr7	6339547	6631431	0.498847659138301	213	0.1180108275029	1.97700757908386	6758	1.1849919862265	4	2	2	-6.73325955412196
chr7	6632276	6795738	0.262303361236084	86	0.116267762569248	2.99902364657473	3293	2.13941800773766	8	6	2	-6.74096702620658
chr7	6800548	6823843	0.00834923571074409	25	0.191597172908858	1.27823896114924	543	0.755317476175894	3	3	0	-6.73447189448015
chr7	6824929	8078014	0.00025715673266502	156	0.0711049504499836	0.86231088675632	3651	0.559120987825691	2	2	0	-6.75669357535618
chr7	8086564	9358952	0.42664301231499	117	0.115989412303789	1.91988741854723	2685	1.14390806025531	5	3	2	-6.79143429447113
chr7	9381895	9979951	0.265541924793808	71	0.125405775188802	3.05827577475601	1410	2.1781602896755	8	6	2	-6.74587891954288
chr7	10008755	11736422	0.498801876104481	153	0.0942622281036197	1.77719123598141	4883	1.09941495555694	4	2	2	-6.73724798213523
chr7	11769292	19617082	0.00228200180902638	530	0.0355224969620634	0.904230165697189	13327	0.480637180639166	2	2	0	-6.78992153258547
chr7	19668321	19954799	0.498692702516698	13	0.154254202452831	1.71677912216436	698	0.866502156076524	4	2	2	-6.73554460511614
chr7	19962665	20161772	-0.00319841251747544	9	0	0.77272484562764	343	0.335579661006215	1	1	0	-Inf
chr7	20263641	25595781	0.498893687607121	926	0.12645198098653	1.85261951741252	30218	1.08255757352028	4	2	2	-6.73518165839037
chr7	25603104	26464739	0.000986735166855102	73	0	0.924838723183348	2572	0.496385511987322	1	1	0	-Inf
chr7	26464794	26543114	0.00108724235938817	9	0.220442988346446	1.48652831394658	227	0.691206090015776	3	3	0	-6.73319968704666
chr7	26571966	51348465	-0.000286006739099592	2151	0.0633028408557367	0.873521211800252	76012	0.446011186666426	2	2	0	-7.24529699196767
chr7	51359693	56338472	0.498879144684091	802	0.116551055418437	1.83937670495376	22697	1.04888139595707	4	2	2	-6.73640086413318
chr7	56339633	56460730	0.498112528689996	21	0.192756359909898	1.90469608513057	1223	0.993181752467603	4	2	2	-6.73308725342423
chr7	56523940	58091618	0.411542834250232	461	0.143123560630211	1.96642415490748	8952	1.21694236149606	5	3	2	-6.76008528517413
chr7	60958177	101071810	0.341831633675699	6718	0.111073677690455	1.34199836249047	234085	0.754224973857913	3	2	1	-6.89761452401766
chr7	101072136	159316177	0.363382574019112	8157	0.109131118329693	1.3355746950178	284822	0.684039179918672	3	2	1	-7.09903741640501
chr8	213654	12611600	0.49888230923781	1640	0.0994655683275747	0.953302292595225	32725	0.471565808058804	2	1	1	-6.73313525896053
chr8	12611639	43691483	0.498917503424271	3853	0.0901048678020352	0.97332305911881	122423	0.464886657635372	2	1	1	-6.77357588415913
chr8	45952307	145003393	0.498923748575666	6722	0.0919145724944189	0.974816761248926	270800	0.519480758210977	2	1	1	-6.84996482198311
chr9	10368	33677434	-0.00023565451178359	1910	0.0306007893920317	0.494868863369414	47860	0.220698944773246	1	1	0	-7.29098361194818
chr9	33733932	38829902	0.498871898149927	801	0.0878413070526566	0.910425130743826	37063	0.406325148015708	2	1	1	-6.7705250952507
chr9	38829909	43253957	0.466404749281402	638	0.120634834504042	0.931162414452109	6391	0.45252755443795	2	1	1	-6.78579255171399
chr9	60521830	68327746	0.315575994729367	296	0.131530008385226	0.926838453885669	4924	0.469606745211818	2	1	1	-7.7435249794503
chr9	68337625	96727038	0.498896120723061	2595	0.0916250364048558	0.925107690395681	95871	0.441069189645855	2	1	1	-6.8062530180843
chr9	96734675	98430157	0.221055531660366	358	0.0983423047449847	1.86309879864394	16442	1.01920566444474	4	3	1	-6.78504043751922
chr9	98441699	138176464	0.498918836811214	5261	0.0918583790437821	0.916127369643032	210515	0.417355405317555	2	1	1	-6.93272535028302
chr10	47588	38459115	0.498916517006216	4705	0.0880821326402987	0.930562697378225	139034	0.453126988628315	2	1	1	-6.79293148506165
chr10	38489169	39131354	0.468657406738067	128	0.121740787447133	0.96933084628196	828	0.554659470915707	2	1	1	-6.7729265145554
chr10	41850744	42272906	0.471481140117416	104	0.151586363802336	1.22780526429483	1590	0.56194008550958	2	1	1	-6.80549956662024
chr10	42273157	75467672	0.498908980540572	3327	0.0931357959666134	0.919768493860054	114157	0.446664938549386	2	1	1	-6.85208098990121
chr10	75471228	133787231	0.316659163572536	6978	0.108576763163869	1.35933079036549	293188	0.698538579369126	3	2	1	-6.91927647076896
chr11	198665	3465033	0.498901038128379	1046	0.0820674527944188	0.952937502194622	33276	0.387577289187271	2	1	1	-6.73314141426985
chr11	3465891	3522621	0.185587324237314	11	0.131184117663964	1.13281015403012	177	0.651805733217075	5	4	1	-6.78414846928217
chr11	3533832	4328347	0.498779327698429	183	0.0972758441941689	0.99123631505449	5380	0.548158469831135	2	1	1	-6.73565701670872
chr11	4330354	7851046	0.498938768992732	725	0.0670146886933514	0.913601765561196	22043	0.302131445992083	2	1	1	-6.77295091305373
chr11	7878925	50553118	0.498917405958382	3835	0.0894922091823801	0.97177856962575	142489	0.467251349272797	2	1	1	-6.78031146582458
chr11	54591430	124250452	0.498937914962354	6734	0.0899922606404555	0.967958568310247	331094	0.453157400816165	2	1	1	-6.78606237715925
chr11	124258279	124274783	0.00201723472078708	13	0	0.494866828544733	102	0.148210502128481	1	1	0	-Inf
chr11	124309939	135028117	0.498869094617211	730	0.0965343744386372	0.930894859770887	33472	0.419034398490078	2	1	1	-6.752161056947
chr12	16965	34523014	0.355161594473887	6018	0.107785881277136	1.41061162941168	196027	0.72927701951492	3	2	1	-6.76378428603678
chr12	37323776	133224747	0.344002099465219	12380	0.111695270566685	1.43730027960102	598559	0.780550125171629	3	2	1	-6.74197438561467
chr13	18177561	19560333	0.488794435217796	303	0.124823414798129	0.858806008272503	4671	0.522801795113136	2	1	1	-6.77016921095448
chr13	19560681	114325598	0.498914479815359	6771	0.0918015296749017	0.932214181548925	229616	0.447501863239609	2	1	1	-6.86070570342661
chr14	16057734	16402272	0.498218361095246	7	0.153207298097957	1.14419711277216	49	0.420499698690308	2	1	1	-6.77220875282931
chr14	18289828	19936577	0.299296983362648	193	0.111431550015902	0.81710164064641	3492	0.415874388916101	3	2	1	-8.18797550654485
chr14	19975490	105553442	0.498927593321866	8215	0.0902741289250639	0.927080134115888	341369	0.441539449118246	2	1	1	-6.91853431988047
chr14	105587403	105768379	0.270504379914223	80	0.10332166804987	0.833821280782085	1296	0.373655580743814	3	2	1	-7.16447597016626
chr14	105769148	106878743	0.498986025297319	389	0.0936657303129706	0.836719399565528	7012	0.234672675058722	2	1	1	-6.92927875921876
chr15	19841981	22584399	0.498716605942097	434	0.12424370115006	0.877402661397016	6131	0.404236448010357	2	1	1	-6.80008572802594
chr15	22608045	101980762	0.498929899155203	7983	0.0926969461184557	0.991137908904322	379860	0.47002720138035	2	1	1	-7.05750148776239
chr16	11641	32406772	0.498929047595651	6938	0.0919639499122068	0.996996670039594	244180	0.470128800840058	2	1	1	-6.91182044019265
chr16	32419461	32461409	0.0978760460280866	11	0.126613154565752	1.40159643705887	51	0.768496840413472	9	8	1	-6.79235055408248
chr16	32462110	36104316	0.498646384211839	141	0.121920448427164	0.995664619374369	5385	0.461523413254134	2	1	1	-6.75328086391607
chr16	46386263	69930471	0.498918416317495	2361	0.0950812008651904	1.00777055532197	119272	0.485724412424832	2	1	1	-6.91845120784587
chr16	69932071	70684630	0.287211282183663	104	0.138073033988221	0.971697391084948	9605	0.445654895845317	3	2	1	-7.119258009754
chr16	70692892	74359841	-8.22634332383054e-05	257	0.0420526207097764	0.494502874794658	12262	0.21718356324705	1	1	0	-6.7986454448834
chr16	74360527	74423310	0.498615698358755	44	0.197743019591186	0.57909837408889	573	0.217052357817189	2	1	1	-6.92471941714824
chr16	74424457	90083937	0.00112829080455776	2338	0.0345241565338919	0.500650761832052	49731	0.221843180423945	1	1	0	-7.17769758027065
chr16	90093934	90106232	0.485234190965659	9	0.145230946350211	0.593781307537706	91	0.266740709043082	2	1	1	-6.76228765747761
chr17	138189	23016487	0.498917732411171	4987	0.0980022681207451	0.956694684201232	179554	0.431664797679797	2	1	1	-6.73459146026849
chr17	24421408	27008609	0.461649282406515	57	0.148849718581543	1.11589608592324	579	0.586342147995128	2	1	1	-6.88383331677374
chr17	27021866	83135542	0.498938542724629	11553	0.0917656363670169	1.00229491437382	435872	0.469981967277	2	1	1	-7.10628305254001
chr18	47492	15379023	0.498899230014739	2196	0.0910246036443863	0.976130420049482	56648	0.479520029702655	2	1	1	-6.75724506110736
chr18	20941007	80250865	0.498914733383023	4325	0.092826038072908	0.986424181116967	151423	0.514562481292848	2	1	1	-6.89426755817732
chr19	107329	24394239	0.498935440958755	7914	0.0893347673976364	0.969969145872723	310919	0.487624561772072	2	1	1	-6.75351448097063
chr19	27392054	58599150	0.498942562311187	8963	0.0886893010726019	0.962794820524118	338434	0.597030952967601	2	1	1	-6.73929461641802
chr20	87623	26271811	0.498906256261983	2952	0.0950216766924949	0.992549246137683	92814	0.475357600653298	2	1	1	-6.84934949800394
chr20	28513612	30917877	0.498753895135108	1028	0.132493615723846	1.01367845370033	5489	4.33765691119577	2	1	1	-6.73338085894221
chr20	30918143	31244855	0.196805962743681	87	0.147439634664795	1.32368772274537	950	0.531956694129361	4	3	1	-6.90051777942835
chr20	31247355	64272182	0.49892806015632	5602	0.0926529701536888	1.03970368422179	204708	0.544483242534638	2	1	1	-7.20762182618861
chr20	64273189	64327831	0.498380568427313	9	0.183010321506132	1.15355085377342	107	1.02198899301877	2	1	1	-6.73422895110705
chr21	5034010	13113074	0.390548112501502	1029	0.137717122799613	0.774097977935289	7207	0.528038492673917	2	1	1	-7.75697319640803
chr21	13202136	23453144	0.00150331944768012	411	0.072683626330323	0.431979500307009	8947	0.202440700370382	1	1	0	-7.89968192911241
chr21	23556204	36487362	0.498876762495449	1257	0.0910527028161027	0.913059962445321	43286	0.451685895880294	2	1	1	-6.80005097808591
chr21	36488487	36497187	0.0992694958635236	9	0.171003005171774	4.60293360938717	70	7.79380498670627	10	9	1	-6.73304077226518
chr21	36503473	46661749	0.498910485540035	1630	0.0920143887567126	0.880140416864243	48582	0.397672171742266	2	1	1	-6.96396746683556
chr22	10662913	12900597	0.498759948787882	920	0.12766584599889	0.856587018370786	4778	1.47701162947785	2	1	1	-6.73999765898042
chr22	15237470	50808263	0.498930701195648	7593	0.0914928357797397	1.01661063741003	257268	0.472436154491673	2	1	1	-7.11477408817039
chrX	255859	57946559	0.001328524645585	3004	0.0508984595916189	0.505969111209839	125197	0.227605623275982	1	1	0	-8.52805385367688
chrX	63299790	136866005	0.00115447007885605	2180	0.0246296591534669	0.497463977035356	114402	0.234891984808785	1	1	0	-7.96834817781483
chrX	136874059	136984502	0.00147987095086477	9	0.193758727402005	0.565596219546044	573	0.300035343998624	1	1	0	-6.75477304267032
chrX	137030797	155978588	0.00273897653983057	705	0.0655707671121638	0.487097020686893	32573	0.232545636549068	1	1	0	-6.83977719135303
chrX	155985236	155996516	0.353279003180812	15	0.133420102718907	0.514470983703385	73	0.1781883430992	3	2	1	-6.96089721892701
chrY	10796639	11747664	0.371443278690391	120	0.155421825035865	1.19069753015785	932	0.47405033001395	3	2	1	-6.8519829944607
chrY	19413675	56886905	0.344084987325179	238	0.114831694763186	0.956258090246472	869	0.3342207426107	2	1	1	-7.67791316357267
