chromosome	start.pos	end.pos	Bf	N.BAF	sd.BAF	depth.ratio	N.ratio	sd.ratio	CNt	A	B	LPP
chr1	76854	16507625	0.498881572711298	1499	0.0975554914827343	0.844709936424627	59806	0.301969620597367	2	1	1	-6.76691101541386
chr1	16507983	16948577	0.354692031070609	204	0.11059605593392	0.88812284684765	2348	0.291838781542084	3	2	1	-6.96020434516237
chr1	16954508	121448734	0.498914708673849	4320	0.0943555079558602	0.828847246043079	225821	0.318309105148	2	1	1	-6.7340382125452
chr1	125067377	181791200	0.34963288210559	2211	0.0978600831879617	1.16875483674549	133537	0.420918889921336	3	2	1	-6.73483834683466
chr1	181920749	190444914	0.290242092024343	370	0.101951560047926	1.39214986160899	18364	0.562865594394302	4	3	1	-6.85223554116997
chr1	190846978	226405570	0.225248232817131	2729	0.100703140856088	1.86160345717139	127050	0.843458243867439	5	4	1	-6.73414744634782
chr1	226408688	248875152	0.193604501428678	2344	0.0985230178353607	2.18580723093695	104578	1.11857475946713	6	5	1	-6.73418236505018
chr2	171440	91960535	0.348279138277035	3188	0.105741321615094	1.17984424281891	193852	0.478067206372045	3	2	1	-6.75168143254038
chr2	94244051	242019768	0.350892779692409	5519	0.102711980324442	1.18655442191437	318721	0.471772730242468	3	2	1	-6.81044066270561
chr3	10374	90261565	0.498910593445705	3576	0.0939206959044617	0.839573309553422	159573	0.310475201952683	2	1	1	-6.80817757495405
chr3	93470433	195596530	0.498912264780048	3858	0.0933951710675691	0.833922222662865	152307	0.313181191134564	2	1	1	-6.74794488232956
chr3	195617886	198160512	0.456593070228468	379	0.108854045180997	0.812219198136816	10689	0.293768373810324	2	1	1	-6.83510465837034
chr4	13968	733669	0.369541593037884	45	0.127875167979786	1.24285583572649	3847	0.403809861367709	3	2	1	-6.75081814364825
chr4	739352	1705186	0.122278623461159	297	0.0696117236160122	3.57734582857842	12565	2.36133125943	10	9	1	-6.73671888279241
chr4	1733660	4000095	0.145947029147836	382	0.0902380665720902	2.98925392680805	24425	1.58620853412685	8	7	1	-6.73405759977029
chr4	4021375	5126999	0.498779270913473	72	0.0963980361685434	0.880311701452515	1927	0.37396987082868	2	1	1	-6.74960047951145
chr4	5154246	5543012	0.125556205247552	43	0.0880905164697985	3.35023491496678	1206	1.884505374397	9	8	1	-6.73417291908025
chr4	5544812	19656647	0.498865176392001	643	0.104786671469871	0.898504672555196	20277	0.493583517739076	2	1	1	-6.94493753793222
chr4	19700744	24147964	0.250317026560794	154	0.100890418467237	1.81017556657749	6191	1.02425330385424	5	4	1	-6.77416328101728
chr4	24213444	32150992	0.290906225046301	358	0.1122595175064	1.42151293316609	11766	0.64524223326655	4	3	1	-6.78721503532416
chr4	32190888	35771488	0.438884616174962	68	0.0995482983090357	0.966939583165664	1099	0.506422578165473	2	1	1	-7.14070535597448
chr4	35824907	40022394	0.125763586961608	615	0.0792159420672959	3.10228121894211	26589	1.81702446412769	9	8	1	-6.73507222136734
chr4	40024526	40933109	0.188085103988029	146	0.1072109802416	2.03505043097566	5947	1.01614897606177	6	5	1	-6.73599049577402
chr4	40945122	49061855	0.137609986806212	763	0.0839455396711552	3.06856169063973	29756	1.81919840779338	9	8	1	-6.7420990655272
chr4	49092775	49634491	0.258357918126144	193	0.14355116345226	1.31314136321068	1649	1.15516730458792	4	3	1	-6.74558446066184
chr4	49635230	49711661	0.483072486725924	9	0.163841217172128	0.655800382469061	120	0.246331388461106	2	1	1	-6.78101837995792
chr4	51848345	190179679	0.498910587240359	3575	0.0930509793318621	0.835286520249784	158894	0.331362502018344	2	1	1	-6.76501121737789
chr5	44922	46206800	0.498883818885496	1470	0.0963993278593218	0.8527040464351	54284	0.328115635697237	2	1	1	-6.91700948901422
chr5	49601562	50387241	0.291986089121904	68	0.125556065185354	0.884935543992016	585	0.339069402224155	3	2	1	-7.18270592783731
chr5	50402346	78228370	0.49887682587648	947	0.0971916447427032	0.821603817891775	36797	0.324836765038948	2	1	1	-6.74890015921282
chr5	78233478	147911304	0.395788261311108	2065	0.0971915309560695	1.05553639652688	114790	0.421687791721741	3	2	1	-8.65534378705758
chr5	148101536	175920074	0.134631532093457	803	0.11347782009393	0.496007837769702	31638	0.188958927487469	1	1	0	-6.82548361037321
chr5	175920146	181281936	0.496602053963024	556	0.0978041620567674	0.827891045553104	22420	0.298313643520081	2	1	1	-6.73395857820685
chr6	188381	39596087	0.271273778496767	4433	0.101188310159252	1.51613017692779	160301	0.631345896361593	4	3	1	-6.73459258157796
chr6	39597931	48149949	0.368753054249409	685	0.0960095546274349	1.16945228404057	31237	0.424399641733104	3	2	1	-6.74603055695194
chr6	48317778	58292421	0.274782136269784	576	0.101768327350364	1.53167189653565	22234	0.644754729381283	4	3	1	-6.73585730230952
chr6	58371695	60855642	0.498852909494559	19	0.120816810727589	0.870099985100582	378	0.388876155354905	2	1	1	-6.75509573945316
chr6	61133400	137116579	0.498871438571195	1150	0.0920022001485791	0.830069607624476	86110	0.327184242833421	2	1	1	-6.73314624884824
chr6	137198101	161136743	0.142113682337141	854	0.114168560583861	0.485147970819063	29814	0.186356867724017	1	1	0	-6.77264415751111
chr6	161161561	170718564	0.498865338484332	358	0.098527119724101	0.861967407483928	11789	0.335470306435446	2	1	1	-6.80563115776161
chr7	50462	58100284	0.498901413588559	2403	0.0940585349791139	0.841135205517184	96384	0.323335454223763	2	1	1	-6.79314417547639
chr7	60958181	95985084	0.498852820925805	1116	0.105423658640952	0.823877506081018	58175	0.331512820671243	2	1	1	-6.74310630494567
chr7	96386769	100903506	0.135956055802264	326	0.109367064380089	0.467103702704457	15290	0.173971050998254	1	1	0	-6.93895748001271
chr7	100951933	100969846	0.410374518159063	153	0.0944011432737612	0.507600900486506	785	0.0879486779687672	2	1	1	-7.54853677114869
chr7	100995424	106491556	0.158742384110583	172	0.112825588060038	0.480833278028439	12106	0.179144060944291	1	1	0	-6.76834654305583
chr7	106867612	116680832	0.398673741246952	208	0.100497315966829	1.03571624358557	12382	0.419131034189408	3	2	1	-7.30771111986824
chr7	116699228	130387792	0.49885061908017	412	0.100272644500207	0.826193978141628	21390	0.290784742260436	2	1	1	-6.73501566621218
chr7	130475269	159177989	0.398686963258913	1489	0.101393104366717	1.07761676638269	71793	0.41097434496301	3	2	1	-7.46647715968484
chr8	246121	31167138	0.498891574244102	1621	0.103185623996001	0.820877715990788	50650	0.310264232676274	2	1	1	-6.7558563897608
chr8	51817881	85225688	0.00224083414548903	235	0.0625195057396241	2.73392081498722	99328	1.69628416289923	8	8	0	-6.83524196718667
chr8	85262094	85774388	0.498378755496151	17	0.170331834439512	2.61721386425861	1474	1.48277219604293	8	4	4	-6.73428429684671
chr8	86348182	100989767	0.11764624170759	1094	0.0754072291704579	3.16323288352447	61788	1.95109869590178	9	8	1	-6.74761047990215
chr8	101057190	102812697	0.00934120807143257	30	0.0292118697336089	3.33395636805397	9863	2.08200137609559	13	13	0	-6.79136883928089
chr8	102816534	103183258	0.183357687334242	93	0.0942146445728418	3.63440441552627	2664	2.08931488319749	12	10	2	-6.73583868524011
chr8	103192209	118348623	0.0686321982214779	872	0.0617675299552292	2.77203435447492	34380	1.75492602869827	7	7	0	-6.98889962614144
chr8	118379552	120990997	0.103914702423455	123	0.0822833781003715	1.60508978673434	6737	0.682681469112348	4	4	0	-6.99743607463042
chr8	121116021	134761364	0.068200723180059	1223	0.0557989914472249	2.60470054640084	46763	1.59360018069226	7	7	0	-7.01114040999096
chr8	134768978	137979262	0.0475907349784447	132	0.0551826122220516	3.4575350126704	5589	1.96940916245766	8	8	0	-6.84049863801067
chr8	137986280	143099503	0.0679552774481427	520	0.0663408139956144	2.62315926661069	23045	1.46735318944019	7	7	0	-6.92988785706183
chr8	143158243	145055416	0.111585389578024	287	0.0703389431316962	1.6270136065299	24237	0.548170193531522	4	4	0	-7.1889965553447
chr9	103776	42877039	0.498833027302254	1289	0.114206568121506	0.815684895640785	60266	0.309395782012076	2	1	1	-6.81167494375351
chr9	61165843	65991112	0.401575644280628	188	0.128222578730156	0.812127310051106	2530	0.339564779086519	2	1	1	-7.07893078165248
chr9	66086115	138214529	0.498907800951643	3158	0.0939312934648568	0.841085584050257	163666	0.306206404040076	2	1	1	-6.81525140161406
chr10	48005	28440000	0.498885168052613	1353	0.099321565175595	0.844079914119671	48559	0.338971931686905	2	1	1	-6.77557865936539
chr10	28474119	39475690	0.385977944349587	574	0.109476194489967	1.07023105261368	19865	0.464409411183831	3	2	1	-7.01613582646988
chr10	41859763	42280157	0.469699541477103	44	0.14713217655712	1.01249232924704	400	0.547527270604066	2	1	1	-6.79147523439136
chr10	42280230	86876022	0.498892299486543	1667	0.0947763650300982	0.841829538713411	70727	0.323564692171838	2	1	1	-6.78504135593772
chr10	86893564	133689483	0.498900282673467	2293	0.0912969272103068	0.847632702806119	99546	0.324074099727841	2	1	1	-6.85077647684414
chr11	197557	50512765	0.498914876514623	2992	0.0922606862289502	0.838844302606273	105537	0.286241983905621	2	1	1	-6.77550069991008
chr11	54591430	134796351	0.498920003088657	3705	0.0904983571896335	0.828014582150604	188623	0.289805534700454	2	1	1	-6.73596461088767
chr12	12233	34265748	0.498890171236244	1769	0.0954782231152577	0.823907293104191	73752	0.304189326882489	2	1	1	-6.74461348231036
chr12	37560912	50578754	0.498886628804689	616	0.0909074523939025	0.847757187787037	30837	0.296402863286397	2	1	1	-6.77330939593084
chr12	50593244	53570030	0.140302533003284	229	0.0943105461948616	0.482723234605172	12997	0.161506955258448	1	1	0	-6.75686511576738
chr12	53577471	133227343	0.498907496014321	3116	0.0906726908109515	0.857232134858661	176526	0.324583193430651	2	1	1	-7.17628869710118
chr13	18177561	114353954	0.498898750126686	2804	0.0963347194332665	0.849294632741961	114617	0.337321862198481	2	1	1	-6.99317144603981
chr14	16098225	16402034	0.498102636187044	5	0.175139373071848	1.0492293309537	27	0.222095235084622	2	1	1	-6.92981069172203
chr14	18330620	106874951	0.498914002546041	4180	0.0932121796089467	0.839059843393811	182360	0.314165568692817	2	1	1	-6.79778435654976
chr15	19964897	101931064	0.498907167308884	4115	0.0976355574616831	0.814090454916186	186749	0.301469608803365	2	1	1	-6.92603579523059
chr16	11651	33770149	0.498903625245056	2637	0.0972091130047334	0.831611708964706	118412	0.304873921670934	2	1	1	-6.7340708626983
chr16	34062781	34099274	0.0604507333627877	13	0.0806709842031674	1.35512352942523	35	0.543791989395846	3	3	0	-6.7356774375598
chr16	34120433	35335655	0.349603457034317	53	0.0977508792680546	0.73564251376117	941	0.292013717453398	2	1	1	-8.01751902426883
chr16	46386256	46401482	0.498706897071593	45	0.126431512182396	0.639220157193831	717	0.135678400029248	2	1	1	-6.76671282734664
chr16	46401545	90094421	0.498895416077062	2470	0.0950944122120759	0.833436737029535	110232	0.312511073971299	2	1	1	-6.7380617295306
chr17	139090	9305288	0.498800327212321	288	0.110888054167288	0.806024764583658	51886	0.294888945211972	2	1	1	-6.7863532588005
chr17	10164964	13169066	0.00288547460151234	44	0.106453503036152	2.49261524338345	18643	1.75732054725287	7	7	0	-6.7704602005482
chr17	13961901	17172850	0.493669910314447	114	0.118197117599845	0.946725025145974	8803	0.361563344261275	2	1	1	-6.98022690093458
chr17	17329265	17512816	0.186147592136367	22	0.0896763420325914	2.78337154018576	1346	1.34820347962861	6	5	1	-6.73728579559509
chr17	17522317	18906451	0.498797602458893	256	0.0988476137056131	0.989580151170658	8668	0.342750388051454	2	1	1	-6.94451769239748
chr17	18908533	20451523	0.498527061370082	90	0.134604003294372	1.07691069130794	6149	0.862366424396562	2	1	1	-6.8164695440498
chr17	20479727	21266514	0.161454395552915	129	0.101344875517239	2.70663110245488	5943	1.46196619637459	7	6	1	-6.73438201068998
chr17	21267571	21910294	0.286417936415427	446	0.126533325813566	2.49736975732076	3495	1.31051925015181	7	5	2	-6.73841034477173
chr17	21966106	22654773	0.458473648456077	75	0.132351940053918	0.879081978367352	668	0.607567294075855	2	1	1	-6.79523551827645
chr17	25389878	83135891	0.498913628251604	4108	0.0922934364460715	0.825683379189384	211449	0.29859478853581	2	1	1	-6.74300669622708
chr18	69241	129123	0.414318103582112	31	0.149096158622981	0.931744688187841	448	0.397176324719721	5	3	2	-6.83945769419574
chr18	147353	15357277	0.498863355504424	813	0.0988440907472776	0.82752315674663	25947	0.341487860903021	2	1	1	-6.73373320552135
chr18	20959507	80232482	0.498874753328769	882	0.100193038808207	0.842458779675346	68877	0.33292905612642	2	1	1	-6.80503939285349
chr19	285562	727226	0.485011501713342	109	0.0729738757662118	0.868904918195784	2815	0.319717753491011	2	1	1	-6.76370993024679
chr19	727237	968851	0.362142065949086	100	0.108009974754486	1.16754914392962	2855	0.487746342086188	3	2	1	-6.73594905509489
chr19	971933	24394204	0.498917236806758	3804	0.0920309076063999	0.811301718700624	152288	0.285904906108706	2	1	1	-6.8198250852873
chr19	27646364	33597854	0.24019638296364	516	0.102896369126459	1.8009746427899	19440	0.932819503980665	5	4	1	-6.75049823670388
chr19	33615544	41806878	0.339540708357485	1039	0.101101372119222	1.14424100684941	63505	0.48184737941334	3	2	1	-6.75688928698091
chr19	41809765	47538676	0.498890480224782	712	0.0846357624183792	0.81269165350446	35850	0.277947059761326	2	1	1	-6.75252313141458
chr19	47540986	48067815	0.158894049309589	85	0.107412885685119	0.457258911770954	1976	0.192882490545733	1	1	0	-6.77459262354961
chr19	48095566	54931106	0.498891558204584	1620	0.0984235511747359	0.814575307494334	53199	0.276751595506501	2	1	1	-6.75156334102012
chr19	54931281	56621965	0.367014325495689	437	0.100531228851057	1.17745462464652	15426	0.400500930157715	3	2	1	-6.74239843811387
chr19	56622889	58586610	0.49886414573101	285	0.0824855749607163	0.810571588334757	12193	0.263360571405575	2	1	1	-6.74252745179687
chr20	101505	26081229	0.498856173105824	486	0.100174445442682	0.840649162428981	43373	0.316058703896808	2	1	1	-6.75901593058381
chr20	28559245	43175691	0.407363039215871	598	0.130488072726	0.836307935858762	41038	0.321063865323002	2	1	1	-7.02622561289374
chr20	43225788	50619941	0.498852564086787	556	0.0979978417689893	0.832608444038708	24048	0.3232061215584	2	1	1	-6.73357504475129
chr20	50641149	51138196	0.263989489970805	48	0.12639322856447	1.35516486231404	2394	0.835466762523989	4	3	1	-6.74237356348694
chr20	51167749	64302708	0.498864784409576	635	0.0919365432853368	0.859405293992944	30104	0.309586307880695	2	1	1	-6.83208044105031
chr21	5218123	13035101	0.498750853143814	727	0.12491142718912	1.01611760369921	4814	0.394007172333885	2	1	1	-7.77000878464951
chr21	13227652	46660984	0.387062774061088	1387	0.110198495189574	0.673155264397099	48747	0.250072118237083	2	1	1	-12.5176735700352
chr22	10684424	12801469	0.369516572532493	643	0.117293221358485	1.04006964929209	3613	0.390739886653326	3	2	1	-6.85600483746139
chr22	15541395	50808384	0.49890422854249	2625	0.091023127270082	0.838811291307363	123944	0.300894880680021	2	1	1	-6.75987757266569
chrX	255859	57985860	0.143850863534521	1278	0.115144856577732	0.499216184138126	68627	0.197251001656345	1	1	0	-7.05440945221632
chrX	63087639	155985886	0.146627324280974	1177	0.116399665165009	0.497908557282487	86114	0.18652023475852	1	1	0	-7.15520457542564
chrY	10785283	11722100	0.305588281688356	58	0.138089868771135	1.08641788200907	381	0.399102276252334	3	2	1	-6.8270779680056
chrY	56826657	56884113	0.490592270483816	177	0.125582349434429	1.14505556078689	578	0.417184184247944	4	2	2	-6.75154269472828
