chromosome	start.pos	end.pos	Bf	N.BAF	sd.BAF	depth.ratio	N.ratio	sd.ratio	CNt	A	B	LPP
chr1	133160	121564715	0.384745721059371	5544	0.0974688202201057	0.864549148370764	304444	0.286158174924411	3	2	1	-7.12818054699933
chr1	125094663	145694663	0.293211836262521	38	0.138571856151283	0.813148163521235	2005	0.32932377842419	3	2	1	-7.16403559820299
chr1	145853720	241180074	0.383973111854756	4413	0.098920197412276	0.852452145118762	225901	0.27234114733612	3	2	1	-6.77859996728472
chr1	241186819	242114828	0.298928996594962	59	0.139276054667905	0.467888279681746	1491	0.172141551808368	1	1	0	-6.73981377677874
chr1	242183643	248945592	0.38567850163197	340	0.105245186245418	0.82413012957871	14331	0.278717816194845	3	2	1	-6.76839615095116
chr2	41366	92007009	0.374446198192753	3929	0.0989210773963863	0.867109136449166	155540	0.303228127845241	3	2	1	-7.08787163361255
chr2	94199373	242183443	0.392897272620767	4471	0.100910736730142	0.857238802310397	256648	0.278770934515433	3	2	1	-6.93111858283381
chr3	27782	90613961	0.428096448713876	4485	0.0943736703918771	1.24828365827705	225892	0.440916325012041	5	3	2	-6.78763694856808
chr3	91396126	130083204	0.417700853447723	1879	0.0889496538737925	1.23383651129527	81714	0.432209271349135	5	3	2	-6.73479147953861
chr3	130083211	130158539	0.250507509117389	37	0.133297590930023	1.38126752062284	189	0.52466061694606	5	4	1	-6.74252939110925
chr3	130178104	198111126	0.434361326073675	3524	0.0960109669017283	1.24114190088959	145296	0.461620387708245	5	3	2	-6.75541504064328
chr4	14018	48609132	0.49890351764627	2625	0.0907876277197519	1.05206103143046	87994	0.363860803269026	4	2	2	-6.76931280959765
chr4	48609912	49711699	0.375593009960017	175	0.137869381319489	0.92758143082483	2274	0.366647992314487	3	2	1	-6.77798856158078
chr4	51995997	190179679	0.498920674245059	4498	0.0899445786936491	1.03134160709392	188964	0.377073028992144	4	2	2	-6.76181134629698
chr5	44922	1309789	0.314710078136561	296	0.105083086414462	1.52213760443229	8933	0.489032433806214	7	5	2	-6.74683601505453
chr5	1320607	30365610	0.210644195436336	519	0.115172759370792	0.666061116933078	19188	0.322946884369431	2	2	0	-6.79713961641823
chr5	30403102	36855411	0.181402843614558	538	0.109567109049987	2.52490343750813	29068	1.27077857676527	12	10	2	-6.75380961289998
chr5	36857488	40252996	0.313690113456028	121	0.107656097827522	1.59997530041217	10755	0.731652131582004	7	5	2	-6.73636988022906
chr5	40279593	40806733	0.127962759536262	40	0.123917981042466	3.60057469755676	2060	1.79495669960937	19	17	2	-6.73446957467264
chr5	40808844	46206800	0.49878498211147	115	0.12321407514673	1.18713564790706	7585	0.683923771120822	4	2	2	-6.85428956210808
chr5	49599598	49661790	0.495490590353406	52	0.145419967052314	0.831765228416454	516	0.351176223929855	4	2	2	-6.7484948904992
chr5	49661820	132691304	0.498901989815691	2443	0.0907870255999234	1.04120963816981	111842	0.377364867458886	4	2	2	-6.73528723285513
chr5	132699880	181286981	0.498916545559593	2158	0.0842261115260727	1.05064305099848	131547	0.352959519345317	4	2	2	-6.76397145728692
chr6	175346	10895820	0.268697515877305	828	0.11224410363957	1.87095561421897	34724	0.843411877192312	8	6	2	-6.75904360827137
chr6	10906023	26895459	0.356849268108669	961	0.103545785200369	1.46639046975973	44751	0.611950092514177	6	4	2	-6.75840227902084
chr6	26903605	31104523	0.328277101453516	844	0.094672214874941	1.58407928569354	29602	0.511678982071354	7	5	2	-6.74037120527429
chr6	31104876	31869473	0.288259223541088	349	0.095787594179152	1.71420427191343	12581	0.547650049785678	8	6	2	-6.73759915517683
chr6	31869500	32660710	0.348373788818465	229	0.110153914557595	1.46714675059792	10147	0.391491140814452	6	4	2	-6.74890324588761
chr6	32660818	33772548	0.365166140593327	442	0.0878349614545367	1.45639508418538	13192	0.407120102435099	6	4	2	-6.73508145450377
chr6	33772605	35762345	0.325893499098347	126	0.129857055476947	1.78197111623256	14400	0.761323216562917	7	5	2	-6.75325486554645
chr6	35762425	60874771	0.358460937478478	1355	0.10572294618327	1.47675832406941	83506	0.547566804866427	6	4	2	-6.80083906611415
chr6	61134145	64778699	0.347925086058269	139	0.111222970472252	1.57564234580436	4161	0.675876398623407	7	5	2	-6.77061083224119
chr6	64886866	170594646	0.198101526438558	2545	0.108208311070455	0.651546203730301	115947	0.219373809008148	2	2	0	-6.7441271767368
chr7	31439	4132182	0.20142731096826	405	0.104749612984317	0.681190060562667	11368	0.333683126600055	2	2	0	-6.77232458212658
chr7	4145960	4832392	0.319295785377334	133	0.110378700424515	1.5833286135682	4259	0.744004954223072	7	5	2	-6.7335346037412
chr7	4898063	6621981	0.45287739953751	238	0.107314992206998	1.66248701311547	15459	0.851300088869077	7	4	3	-6.74223668206213
chr7	6631064	10029100	0.196869505442131	256	0.106214248887175	2.47745170165283	10149	1.23508592943997	12	10	2	-6.73626448632004
chr7	10325066	13455437	0.40315423012215	112	0.097992825608084	1.38039697939429	4411	0.539157207954934	6	4	2	-6.83037707399872
chr7	13622653	32224099	0.195595354851846	485	0.102308850019761	0.652856954220538	21190	0.231044574589971	2	2	0	-6.73815997799443
chr7	32238049	34161219	0.351049988878331	88	0.106527535674324	1.47594032340672	4962	0.587830193247052	6	4	2	-6.74711427941037
chr7	34440733	51449696	0.186252209584538	592	0.105230242742969	0.65751902050684	24084	0.210092191474295	2	2	0	-6.76194793361567
chr7	51494210	58091518	0.206891474469059	300	0.128688452011668	0.668434923938947	7011	0.251058474774163	2	2	0	-6.76627152721745
chr7	60981598	128731361	0.395548419023289	3270	0.107075373885952	0.860615227833929	129448	0.296335853127584	3	2	1	-6.8719641267219
chr7	128798230	128917352	0.193327214209941	41	0.101638359380506	0.654388676662853	1736	0.150233158850791	2	2	0	-6.74094322577852
chr7	128942604	159260906	0.399482254987749	1803	0.0988876982225464	0.852672035624464	69123	0.277498245906075	3	2	1	-6.75889334659368
chr8	311290	43164676	0.364206673657797	2997	0.103813857270483	1.42419710759212	116586	0.578810313305508	6	4	2	-6.73304333936646
chr8	46579642	145037262	0.366625324014059	3933	0.0997652530302243	1.42452496341608	206679	0.556482906273018	6	4	2	-6.73328217735617
chr9	146873	34835276	0.385564053085235	1238	0.103473243927652	0.852907585074815	43608	0.293698204434471	3	2	1	-6.74933255929659
chr9	34840457	35753901	0.203462272715416	48	0.0894819209918806	0.723782826476975	5348	0.21539138840616	2	2	0	-6.85500426843991
chr9	35792426	42405487	0.410845825580064	410	0.116818080813756	0.856174540066983	10699	0.299438955350945	3	2	1	-6.7662512337335
chr9	60521830	138214444	0.391919352216248	3421	0.101871933841694	0.863688268271965	174735	0.282649514256773	3	2	1	-6.97709201280877
chr10	139936	39131435	0.197694170542492	1719	0.112176067063163	0.652534635983537	52824	0.227794787314305	2	2	0	-6.73607003118058
chr10	41859953	133787147	0.200166042164653	3376	0.110224751048197	0.655318987856205	145137	0.218275128998791	2	2	0	-6.74607817437071
chr11	192997	50553108	0.498923818735719	3090	0.0820256409328796	1.04043738574803	129812	0.331055224499573	4	2	2	-6.73397617150495
chr11	54591798	135055593	0.387870771452916	3140	0.0947301182314167	0.854949827999986	200175	0.264769815942984	3	2	1	-6.80990212879719
chr12	13488	34523014	0.386049392883232	2316	0.100585359441044	0.856369818118548	76878	0.286920143911392	3	2	1	-6.77070886410091
chr12	37540858	50788339	0.381001472942686	722	0.088385620501364	0.85495971258108	33192	0.264134215856877	3	2	1	-6.74787229415161
chr12	50794551	52790707	0.499070946597742	353	0.0737593196990534	1.05457615368286	12272	0.339754692178161	4	2	2	-6.73553587365762
chr12	52804897	133234117	0.390010014231011	3395	0.10010675279527	0.858631830830923	187322	0.286448613882283	3	2	1	-6.86202222453988
chr13	18177561	114325855	0.387200683770147	3078	0.0995453285042861	0.857103221677223	116317	0.30673552176253	3	2	1	-6.83705226428062
chr14	16098225	16401976	0.498265351598327	5	0.175199029677678	0.705991880724947	18	0.261219763237551	2	1	1	-6.74916628662488
chr14	18330620	19680240	0.363602771243908	87	0.1273455865858	0.689288103769643	1357	0.316216590756543	3	2	1	-7.07336986313672
chr14	19680255	106289571	0.195386489327503	3508	0.103550150553731	0.660138433857327	153365	0.215553881580785	2	2	0	-6.85984968344851
chr14	106324083	106874951	0.245567126605847	177	0.107243608858459	0.620701648908445	2291	0.161955579714451	2	2	0	-6.85035524529338
chr15	17081956	17081962	0.077	1	NA	1.576	1	NA	NA	NA	NA	NA
chr15	19848288	22608113	0.399631691208077	287	0.115698363758648	0.998292837540725	4014	0.32648523725709	4	3	1	-7.06596615408739
chr15	22609095	93548367	0.498929861075483	5055	0.0885910126632471	1.04787333363414	215735	0.351818074815731	4	2	2	-6.76005376366344
chr15	93548475	101829176	0.450438981582489	393	0.098993634734889	0.845429101642571	10579	0.288409754193838	3	2	1	-6.97635416965951
chr16	11641	2500474	0.498909959908424	658	0.0705535378814327	1.06929748380552	29197	0.296958271370877	4	2	2	-6.74748796603495
chr16	2501103	4541207	0.213639391298114	297	0.0988051287950351	0.671947432843268	11461	0.207359976742698	2	2	0	-6.76027348519439
chr16	4545268	33938454	0.498900866354822	2349	0.0954947974091256	1.05110316430403	102986	0.366977335150567	4	2	2	-6.75174544992472
chr16	33979048	35447707	0.190760938723458	62	0.14010165248898	0.912249273546651	1444	0.334833333048584	3	3	0	-6.80952458819185
chr16	46386441	63308087	0.387144718021823	670	0.0995212635790937	0.861857865208492	35235	0.290278525120684	3	2	1	-6.77478769617777
chr16	63346838	90023683	0.498921888009672	2802	0.08550576291549	1.06406245349804	97669	0.352591389255215	4	2	2	-6.8076044832707
chr16	90027561	90167920	0.356348900376854	42	0.0789527453901748	1.38669005702966	912	0.49404490678678	6	4	2	-6.73994467691429
chr17	138189	14917417	0.191236812071971	1579	0.103037882147106	0.674951451951925	59662	0.242667347083382	2	2	0	-6.90081650396924
chr17	15115318	15817600	0.26966388184178	114	0.107193259908099	1.91616503375561	4144	0.771419680630189	9	7	2	-6.73991003894442
chr17	15900065	21285176	0.200023555206393	477	0.118246571788317	0.711739273191756	19757	0.406977876719078	2	2	0	-6.8743630035424
chr17	21290766	21415896	0.498758220791405	171	0.112586306610478	0.633035921393907	623	0.158463174047228	2	1	1	-6.73604662663539
chr17	21416370	21508947	0.255646101212573	24	0.105513641881931	1.83485260227301	193	1.18303755589008	9	7	2	-6.73408310126745
chr17	21617960	22481997	0.341795762027062	183	0.126956643903869	0.67102005051028	1124	0.271454676756089	3	2	1	-7.16075093451955
chr17	25389878	30792631	0.415301639123952	315	0.100037292409438	0.873528708988057	18751	0.28295414613124	3	2	1	-6.82519920504724
chr17	30834485	31755537	0.235564672343728	48	0.103995036621196	0.481658533586293	2410	0.159857203914279	1	1	0	-6.94081855433838
chr17	31795965	46134136	0.498904215318347	1629	0.0839709502275009	1.07626871967209	83562	0.361134901393316	4	2	2	-6.81562432440767
chr17	46134536	46704913	0.377885508457491	256	0.11847715481575	1.10114699245173	1981	0.434159037721236	5	3	2	-6.83675100365778
chr17	46718103	82134253	0.498925882087197	3438	0.0866532722801264	1.08215294850116	153516	0.364027201272077	4	2	2	-6.99197714673446
chr17	82150208	82151419	0.258890365500683	22	0.0834040911720907	0.810227980155778	60	0.21939326388312	5	4	1	-6.73916142222512
chr17	82151473	83094142	0.498887272569725	174	0.0892436658716614	1.11925928646197	6181	0.351200581194006	4	2	2	-6.75865364317848
chr17	83114486	83135891	0.277237529575909	12	0.10459282523629	0.665040400493076	53	0.276749436065992	1	1	0	-6.76563262088166
chr18	47948	15357277	0.498882579616397	1160	0.0861665998412844	1.02628087375482	31505	0.363463242893396	4	2	2	-6.74304494703738
chr18	20946229	80257347	0.498898596555142	2140	0.0892933669114225	1.00665071056264	81647	0.365092843859295	4	2	2	-6.98334028603077
chr19	261438	21767600	0.498927464076014	3737	0.0845286298763909	1.02415091897138	187654	0.336062122683428	4	2	2	-6.75552731210315
chr19	21818912	24312267	0.403296492494176	245	0.0971684568142638	0.817830321862313	7071	0.269667361855119	3	2	1	-6.77513111548269
chr19	27392054	58580350	0.498930761667818	4467	0.0868206267184278	1.01215437329342	217269	0.320168134081744	4	2	2	-6.85233936001361
chr20	178604	26274736	0.498893974735762	1390	0.0900390616523288	1.03362262640825	53612	0.354993588101469	4	2	2	-6.73600845360819
chr20	28559257	30838579	0.496234306201813	641	0.123667789353715	0.998494037840754	3144	0.347054839949144	4	2	2	-6.75115983341923
chr20	30838594	64239656	0.498920455643961	2609	0.0871918153345818	1.05832675167504	119028	0.369765901513205	4	2	2	-6.78446765777069
chr21	5034682	13099377	0.493596613519767	733	0.137153195250745	0.966675169886516	5324	0.495267716330601	4	2	2	-6.83430752596678
chr21	13227652	39263083	0.199532783311794	1867	0.106847445167189	1.72254043633997	65348	0.808171495908041	8	7	1	-6.80935269273786
chr21	39270230	39360288	0.342604727892461	30	0.101619534957888	2.38206184934858	962	1.06946622477028	12	8	4	-6.73707385430214
chr21	39361865	44763727	0.207031156023623	696	0.0904307968838925	1.56721160032127	24444	0.582279511773757	7	6	1	-6.7441035978983
chr21	44771259	46645223	0.193238063796323	371	0.0800185017215432	1.75027205636729	14351	0.612349605785571	8	7	1	-6.75149329558028
chr22	10684424	11279338	0.495987651836868	411	0.139147946765147	1.0690500235377	2024	0.453321221159309	4	2	2	-6.73497675691412
chr22	11285026	12813658	0.493149414962391	215	0.144635826848579	0.753710874854897	1437	0.338529697102073	2	1	1	-6.89393075350762
chr22	15563583	19184768	0.197241803194301	232	0.129957283320838	0.657994476916352	7417	0.222649491308582	2	2	0	-6.73749114391064
chr22	19188899	26555249	0.492241468328716	1046	0.0903058486015015	1.05636843956119	37796	0.355274523421566	4	2	2	-6.74749253628819
chr22	26578922	27276494	0.221042182128879	57	0.103206696393457	1.78345720274009	1680	0.967258806538083	7	6	1	-6.75764974333734
chr22	27295768	34958335	0.489860891683731	589	0.0876332493139341	1.05897334757043	30423	0.380936661882176	4	2	2	-6.75296053927833
chr22	34961618	36408855	0.36176807501213	222	0.09986858267846	1.43194697028087	7756	0.512491235071956	6	4	2	-6.73364129780759
chr22	36428955	36919717	0.499270665690214	65	0.0695986191562846	1.2103653309826	2048	0.455064214078658	4	2	2	-6.76621105655328
chr22	36922384	39193347	0.333198683153979	482	0.101842883550301	1.54060647598088	22741	0.578856470064442	7	5	2	-6.75077110342839
chr22	39196875	40253336	0.198430076994605	60	0.133532640585345	0.660255579060967	3099	0.209724432888756	2	2	0	-6.73613547101693
chr22	40262762	41758426	0.286564880154073	316	0.113558808923779	1.88827704750998	17324	0.864855599075895	8	6	2	-6.73522123840374
chr22	41761036	42141186	0.498781240731921	75	0.119427767758222	1.35117401217252	3678	0.443656299528251	6	3	3	-6.73628561228505
chr22	42141394	42755441	0.331680689156282	177	0.118487862346188	1.64662030942969	5032	0.768676633703854	7	5	2	-6.73791906274051
chr22	42758527	43720640	0.40138589363411	170	0.0907385539464552	1.26898229611956	4733	0.456988548674215	5	3	2	-6.76560892325818
chr22	43733978	45161922	0.324374345367439	284	0.103151371209846	1.60046441415039	7021	0.649127518058214	7	5	2	-6.73380115813422
chr22	45179105	50032087	0.214602828091182	306	0.109969281237148	0.657727949115928	8954	0.227494948310102	2	2	0	-6.74026170342933
chr22	50041427	50125984	0.350606604087127	13	0.0713664253460033	1.67161898690566	1091	0.5050199988347	9	6	3	-6.74246643900874
chr22	50147099	50808396	0.197063804389437	154	0.0880319495442724	0.662763787694309	6545	0.173634088622502	2	2	0	-6.74066982506031
chrX	257225	57876210	0.498901091106311	2371	0.0942790376877379	1.00520973973996	113057	0.360393900606674	4	2	2	-7.00495982543799
chrX	63552698	90133932	0.498882299483923	526	0.088778984586957	0.998932328578121	36444	0.331686259481614	4	2	2	-6.94547833318665
chrX	90234603	100266982	0.41537142625557	125	0.106619204830601	0.807716592382129	4711	0.32262075926563	3	2	1	-6.89894926127873
chrX	100350565	156010162	0.498900395055688	1583	0.0932866676892277	1.00138596784536	96547	0.342210050700196	4	2	2	-7.09096606318839
chrY	10796678	11722122	0.348798185453343	45	0.146350444226359	0.869764251063587	266	0.391185937476162	3	2	1	-6.774560371959
chrY	56830432	56885653	0.390067188629728	126	0.126582679925584	0.832829089829096	419	0.301043338000434	3	2	1	-6.73370781569386
