chromosome	start.pos	end.pos	Bf	N.BAF	sd.BAF	depth.ratio	N.ratio	sd.ratio	CNt	A	B	LPP
chr1	183697	2590953	0.498880168089468	479	0.0842041687243291	0.852247086551338	13459	0.252569018009983	2	1	1	-6.78186763655728
chr1	2652252	2654210	0.176320267059643	10	0.115814986556624	1.52433732327861	81	0.26189161302972	9	8	1	-6.7361793768476
chr1	2812156	121174642	0.498925808877409	6417	0.0886369279626465	0.868913362261647	271999	0.32511602100404	2	1	1	-8.77337273262533
chr1	125091680	143534508	0.492397228773103	20	0.13404629011926	1.6390802231029	667	0.516025594269972	6	3	3	-6.73521930824826
chr1	143542957	204746554	0.421071952449497	3433	0.088226141325941	0.975041773313457	160963	0.34030781647523	3	2	1	-7.37670621423427
chr1	204816222	232515121	0.271356540584303	1076	0.107417919868837	0.570363007618052	42637	0.192436866311717	1	1	0	-8.21553688045861
chr1	232745636	248916508	0.42243795788701	1179	0.0964206534207531	0.95853559709586	35511	0.372671208488839	3	2	1	-7.0354639901859
chr2	119437	8995804	0.498819976948468	242	0.100843495149874	0.850077549766207	7746	0.356920902349357	2	1	1	-6.81309405886044
chr2	9062328	16196625	0.274746539352266	246	0.119498124568314	0.65418389559265	9179	0.31004573412791	1	1	0	-7.10328341549778
chr2	16255892	17911343	0.309279657259569	71	0.122795480290926	1.58378204021631	2358	0.862933886772404	5	4	1	-6.77261129407258
chr2	18086230	22646546	0.27817952546634	97	0.106602209839251	0.688486081597259	4151	0.33021858396102	1	1	0	-7.24852407131338
chr2	22865146	27230340	0.452831515922762	232	0.0992319226549706	0.928509418000672	15661	0.547438923547413	3	2	1	-6.98590808651618
chr2	27232858	33919000	0.262244748250444	380	0.109102940368261	0.641707760171177	15519	0.211187206613314	1	1	0	-7.2295842365606
chr2	33927393	41116973	0.498826480946751	328	0.0938744942770207	1.10234553447544	12304	0.499175267305657	4	2	2	-6.92927844382625
chr2	41306979	44406736	0.261446898467481	130	0.100403844357856	0.665793815194104	5567	0.266698293446564	1	1	0	-7.21483447340049
chr2	44408315	45976657	0.316649044316013	75	0.0992373621881096	1.31056392782183	2005	0.643775548791437	4	3	1	-6.75529257455143
chr2	45984519	49606154	0.498778254793867	179	0.0981416543567484	0.890845731124383	6629	0.333531366064154	2	1	1	-6.89025397143064
chr2	49733674	54642769	0.260314492052473	92	0.102873153980241	0.672675645572032	3712	0.284331286004831	1	1	0	-7.36076230435452
chr2	54650009	65222725	0.426930482451066	383	0.100080858045737	0.95443546147092	17048	0.415659331177894	3	2	1	-6.94327948447978
chr2	65251237	79002458	0.49886705219777	683	0.0878400058940473	1.03053498379929	28324	0.381532728312934	3	2	1	-7.43517889597207
chr2	79025902	91987791	0.427401623834823	509	0.0961100394473139	0.840069233733025	16376	0.311101182642597	2	1	1	-7.13934067805161
chr2	94199564	235777034	0.498911580987011	5010	0.0941767214930102	0.83137917809101	226246	0.327050335852653	2	1	1	-7.08834246444722
chr2	235799237	236787661	0.263759838031301	40	0.112439339771297	0.64374523675276	1129	0.245219275040248	1	1	0	-6.96344136407364
chr2	237015109	242183383	0.498857823668988	511	0.0862558751986955	0.83617293662211	16306	0.264457802631748	2	1	1	-6.76657833981464
chr3	39491	90208408	0.40640551704065	3310	0.0966152668040029	0.784442903233201	148312	0.268293885473448	2	1	1	-8.10573783383679
chr3	91373993	198139918	0.402349288725782	3953	0.0969811717314267	0.782473259185597	151235	0.273441246619484	2	1	1	-8.36141964329974
chr4	46210	3130521	0.49881521178679	408	0.0939067659930964	0.836003125352762	14030	0.285873527256923	2	1	1	-6.75000085025944
chr4	3131151	8635288	0.498871841811703	586	0.0880597818537437	0.922988502448212	14275	0.326231526408878	2	1	1	-7.19142990758206
chr4	8635477	9755290	0.351199776718393	118	0.114509032011822	0.908053440142763	1422	0.402744510981257	3	2	1	-6.88960129234482
chr4	9757629	48681122	0.498881324536168	1109	0.0922778353547662	0.940220493698049	44747	0.374512896692819	3	2	1	-8.32907355168863
chr4	49092094	49635230	0.267219490958098	154	0.130187670196461	1.04890986172422	1534	0.714416678903084	2	2	0	-6.79143717388374
chr4	52019155	79408189	0.498902441598617	1149	0.0883175482317485	0.92395133366193	38173	0.350317546686585	2	1	1	-8.36718594382166
chr4	79907586	110312157	0.402898033725562	885	0.0972736890588736	0.788077978722157	35754	0.280736111871574	2	1	1	-7.50222370164223
chr4	110312255	117734777	0.268734190273491	162	0.102450743755704	0.621383074046108	5578	0.222039837159356	1	1	0	-6.98890990227318
chr4	117834430	120816233	0.498828498957652	114	0.0901725480284744	0.996189171529431	4494	0.379170075818711	2	1	1	-7.204998673541
chr4	120816684	144808676	0.498832019467787	624	0.0983126012964343	0.832856509196988	22460	0.325446791234649	2	1	1	-6.80766382988482
chr4	144808804	165694301	0.354550853100274	764	0.106301162378529	1.13161153184685	30776	0.500518551298133	4	3	1	-7.08086236300039
chr4	165701412	174304301	0.244137006892699	246	0.119252037990098	0.847077366782417	7764	0.331654800723368	2	2	0	-6.80905218272804
chr4	174316257	190179679	0.371577890746426	881	0.112388208079603	1.09452684049304	23615	0.460913047982727	3	2	1	-6.97684357206638
chr5	74968	292404	0.105419870144683	176	0.070760006864249	3.27560276178594	2552	1.70053868068231	17	16	1	-6.73489004715526
chr5	299753	696840	0.0578059109454115	163	0.0506698117872424	4.91498175376035	5303	2.41781647977159	15	15	0	-6.73789178808763
chr5	696888	733957	0.0855791041310692	18	0.183563100226341	3.11838249034892	649	1.51584921293575	10	10	0	-6.73399311354257
chr5	739045	1297833	0.149837887319773	168	0.0841092441332942	3.18740517809143	6646	1.50272718429055	11	10	1	-6.73779189055301
chr5	1302029	1344343	0.301465950978047	10	0.0775162348586841	0.97796107526588	319	0.255717883515422	5	4	1	-6.82255538664817
chr5	1362933	1569065	0.102762434752676	33	0.0603619292269556	2.96867747924711	1440	1.69432635526865	17	16	1	-6.7365101321631
chr5	1590787	5606762	0.325003024459831	137	0.112074309826753	1.20043143804426	3730	1.08627056702091	4	3	1	-6.73589701679021
chr5	5707652	6457367	0.130217377449854	52	0.0916067073887735	2.69677288493796	1244	2.21333028485979	13	12	1	-6.73487385530845
chr5	6500455	9830167	0.292353678515842	117	0.116809744904131	1.73531373950756	4164	1.32186805722446	8	6	2	-6.76772908651328
chr5	9914354	11714632	0.0974592414272312	278	0.0730992539975072	2.98998467525642	7416	1.75589636161737	17	16	1	-6.76312201524412
chr5	11728201	45421138	0.333463243036161	1111	0.106894943896991	1.03017580731272	44382	0.412893674692351	3	2	1	-6.95640651967783
chr5	49601562	49666628	0.407330507208551	59	0.14597423373351	1.01397396086147	658	0.375893649770127	3	2	1	-6.73528414567854
chr5	50633096	55573116	0.498982928095371	183	0.086053848357584	0.951851026425795	6062	0.364551618827142	2	1	1	-7.23857741297396
chr5	55612704	137966231	0.252070944928372	2122	0.112499625028302	0.650012035061233	79613	0.241183167297314	1	1	0	-9.61430935768995
chr5	137984963	181281936	0.400774073257369	2147	0.0946038877053713	0.795414345647031	92026	0.277626394226485	2	1	1	-7.49460434959742
chr6	159973	6463674	0.358752547884592	402	0.0967749944055245	1.27394617151256	12238	0.552960496786707	4	3	1	-6.79794030212656
chr6	6517655	40461212	0.28172781101415	3078	0.0992965330358392	1.13844480203186	114879	0.437656462473839	4	3	1	-7.43650271948073
chr6	40577008	40790759	0.143574799646953	29	0.123316805354171	5.30002096386311	457	3.660310810821	19	17	2	-6.73357901136028
chr6	40876732	41481641	0.165577819341437	52	0.0853175153844306	0.991521978829154	1666	0.309780245787093	3	3	0	-6.80781188123186
chr6	41587255	46194591	0.375526582361353	511	0.127985153170599	2.08244567977909	36860	1.13115907282713	8	5	3	-6.75380450604736
chr6	46231596	47113391	0.236041977929643	98	0.122102418613147	3.11875106945644	5201	1.71574475990083	15	12	3	-6.73569679818192
chr6	47113598	47786802	0.498776977403575	94	0.118146641101123	1.77477556393345	2168	0.913476919223413	6	3	3	-6.73596541571972
chr6	47806861	58380586	0.38028942136565	310	0.110789152721687	1.290775297015	20405	0.683340308387804	4	3	1	-6.88214700360615
chr6	60291702	63486026	0.367484188418121	45	0.0978225201809147	1.19623073306551	1778	0.54967773421707	4	3	1	-6.81923395030158
chr6	64590092	123378422	0.255751622541917	1325	0.113081031581718	0.616876132840478	51906	0.222877655705484	1	1	0	-7.18952237750477
chr6	123437269	156567928	0.498886651516645	1346	0.0881395592156433	0.91314703243876	51134	0.340755936195809	2	1	1	-8.43351989738051
chr6	156852174	170594710	0.272089012825181	655	0.113746722647068	0.627308157743272	18344	0.211300492717234	1	1	0	-7.09118406611936
chr7	31443	58100446	0.374149845931957	3990	0.0985611696716095	1.24049149399801	130393	0.514874064572557	4	3	1	-6.85798191962922
chr7	60958088	116301422	0.342188779156202	3963	0.105724639905232	1.32906529462947	160593	0.572384064703452	4	3	1	-7.31127154817598
chr7	116498612	117620860	0.21862640691239	41	0.104428899840759	0.643292943176741	1852	0.283173508827072	2	2	0	-7.20121945459748
chr7	117717855	155134192	0.330669487969547	2964	0.104311905090939	1.35097121512707	108713	0.564859516806811	5	4	1	-7.10430662151713
chr7	155157760	159232184	0.261525666631074	226	0.0986576932258455	0.617708527259671	5533	0.207394137718228	1	1	0	-7.02089522581594
chr8	232794	43438973	0.498905903021282	2271	0.0886850286252621	0.899813440085147	74152	0.328635526195187	2	1	1	-8.52047373126896
chr8	45952307	145066250	0.498915856744089	3562	0.0883233182956852	0.915654861119385	133760	0.349114577158453	2	1	1	-10.2946907904032
chr9	103776	15793848	0.473166548102782	646	0.104441611992527	0.817607424572944	17958	0.303644585697592	2	1	1	-6.77501783152332
chr9	15831268	38068535	0.259396570809517	735	0.109010717206711	0.630425720572933	30152	0.210265712806641	1	1	0	-7.40404731463727
chr9	38076782	42975009	0.447181129018929	321	0.125408059960735	0.755984461110187	3486	0.318639140019726	2	1	1	-6.98914133599515
chr9	43111221	66636022	0.429628331366662	131	0.13495129457844	0.77385198946248	1759	0.331870606290374	2	1	1	-7.19531685020292
chr9	66636108	138198484	0.259454722653022	3024	0.108613107435127	0.640560182560982	131765	0.214497411718538	1	1	0	-8.98034911083313
chr10	47485	38637486	0.415725843231697	1731	0.102677873700008	0.786509741414781	57068	0.300552230027146	2	1	1	-7.38988272115775
chr10	38646502	39199370	0.288820157175615	59	0.0974173539637685	0.932149390361054	275	0.47805361031281	2	2	0	-6.87884514387953
chr10	41859953	42273277	0.317545615989727	43	0.126429833380216	1.05564139421347	271	0.755038103896342	4	3	1	-6.74991235592278
chr10	42279754	133538664	0.422524076710133	3944	0.0983431949142134	0.783325096303168	156118	0.274034998908174	2	1	1	-7.97614524352867
chr10	133538764	133787106	0.275846680983865	50	0.111976836161479	0.785977230903714	500	2.14685716488751	5	4	1	-6.74739039948432
chr11	194331	36833838	0.498879279972968	2184	0.0892426100138405	0.819975630810049	80685	0.28121217582644	2	1	1	-6.75077433323858
chr11	36948206	50553108	0.498837539491713	538	0.0966964716960792	0.794330431314921	22489	0.286097819616156	2	1	1	-6.78905894068199
chr11	54591798	68074902	0.498910730480147	1280	0.0825106536133955	0.983104811434546	75216	0.305384755003179	3	2	1	-7.63351173944881
chr11	68110690	68257345	0.0455363293076767	55	0.057999030527135	6.43129310319417	3065	4.13850403957065	19	19	0	-6.73385120897539
chr11	68262547	68602039	0.157935023574134	38	0.125379730473692	2.42940182539924	3153	2.09402991003572	10	9	1	-6.73467574611168
chr11	68607810	69072692	0.249016394851687	41	0.110577337465575	0.825596993569789	1761	0.649369548211706	2	2	0	-6.73396631345301
chr11	69078630	69294067	0.254624454352249	23	0.117983166884027	2.13100054210985	636	2.0908988220444	10	8	2	-6.73537795597016
chr11	69299620	69577504	0.0995765148687714	55	0.094054794546075	4.0677730639285	1081	3.46083825018608	18	17	1	-6.7331230819074
chr11	69578406	69962985	0.056946365758595	158	0.0513563672518678	6.78111515802573	5263	4.33517799106531	15	15	0	-6.73835543530851
chr11	69981378	70102930	0.220292982649966	18	0.0873742046257757	2.18768607394573	298	1.06481147938669	7	6	1	-6.73485074433399
chr11	70103221	70613688	0.0839839358686859	135	0.0593789006457816	4.69437866557612	8721	3.44864543968383	20	19	1	-6.73812743180984
chr11	70729649	71258010	0.157467504127111	88	0.0718233339586825	2.56574682640742	2605	2.20016575901518	11	10	1	-6.73696109318288
chr11	71259788	71444928	0.0603345068468077	95	0.045627053329365	7.05033086789696	2121	4.51209862764425	14	14	0	-6.73616599292487
chr11	71454501	71672173	0.155670823738664	113	0.0840686510222622	2.70764320128837	2294	1.37079437985145	11	10	1	-6.73434494187223
chr11	71677338	72159587	0.246857673588806	102	0.115659506032418	1.86180502004322	3687	0.77821510789372	6	5	1	-6.7404948578668
chr11	72167899	73107418	0.153422683061968	195	0.0870656404488121	3.0947248499681	10659	2.14571248340625	11	10	1	-6.7357815814718
chr11	73129061	75587752	0.249907256092136	336	0.100464240766095	1.91663547747056	15994	1.06475892630217	6	5	1	-6.76404331017713
chr11	75629174	78480138	0.0555158540636566	1078	0.0459199783424135	7.13911762405796	46135	4.91789363696055	16	16	0	-6.76402817864342
chr11	78518835	79805959	0.2951348938298	32	0.115573949061252	0.620809377326732	974	0.197394184926961	1	1	0	-6.79517696725437
chr11	79960369	80349299	0.117825064223727	15	0.104111067066447	3.27009568911898	511	2.75909578738285	15	14	1	-6.73339397961764
chr11	80386704	86556672	0.286994852532386	131	0.114570437734102	0.683072229838114	5320	0.594639062218032	1	1	0	-6.95841307607138
chr11	86782110	87017517	0.0344857059156376	28	0.0947068436987858	5.72232998760571	1952	4.57739506270067	20	20	0	-6.73921894678982
chr11	87021998	88113895	0.196686480882567	98	0.0971806416381071	2.47056130045181	2039	2.08373376694979	8	7	1	-6.73811759688502
chr11	88147570	89320107	0.129993411985356	73	0.0943498944753995	3.83329286020781	2956	4.08381556563669	13	12	1	-6.73509308094012
chr11	89324180	90038944	0.271859668159473	78	0.0898265802466871	1.96905724761028	2378	1.0770641448442	9	7	2	-6.74033428516994
chr11	90057985	92234932	0.07107043428989	302	0.0616233166811588	5.65973489210805	6592	4.74383959563213	12	12	0	-6.75986344278822
chr11	92315633	92974533	0.125976015672801	76	0.101805666267701	3.61350637113192	3899	2.04259756165037	14	13	1	-6.73425781166435
chr11	92998768	93637026	0.269526603634925	33	0.113598108712383	1.88932974822229	1233	1.08771529531971	9	7	2	-6.74379562614645
chr11	93654329	93704438	0.111371743272988	30	0.0692790127614085	4.13384296549663	1406	1.80570156653491	16	15	1	-6.73361508621474
chr11	93720230	93909711	0.238495956670408	66	0.0893429890756387	1.85955281655445	1784	1.36372163421565	6	5	1	-6.74008632373906
chr11	93930993	95089774	0.0651543962382777	242	0.056339317863768	6.50001339368342	11549	5.12433435530288	13	13	0	-6.74768074728558
chr11	95111501	95886122	0.201332300156662	30	0.123216569456002	2.01946700983889	1504	0.986108512535752	8	7	1	-6.73374300479598
chr11	95923443	98177117	0.07116806448628	174	0.0735896420671649	5.67545325703584	5218	5.38934237268725	12	12	0	-6.75472234403198
chr11	98201895	99437502	0.28398013768957	52	0.118146014614251	1.61769949775007	993	0.897868568797445	5	4	1	-6.74611362651882
chr11	99447753	100559130	0.498255289272826	80	0.0930089615595172	4.2491564653294	2871	3.88533371299437	18	9	9	-6.73327515546401
chr11	100626548	102047781	0.309934148262064	49	0.121987875080545	1.50756179166125	2738	1.31437085661253	5	4	1	-6.7627011517514
chr11	102105132	103459700	0.0989306912435836	340	0.072303853029669	4.27754488251071	12673	3.04386010131366	18	17	1	-6.7331636303943
chr11	103459711	104952153	0.0640992911288365	103	0.0664810603975731	4.85946307718227	4495	5.56779728253049	13	13	0	-6.73891262027349
chr11	104995734	105184802	0.166582929023162	47	0.072778312024961	2.55609983657555	1676	0.881134970344754	10	9	1	-6.73369358504924
chr11	105258818	105597313	0.0737225201254377	28	0.0591642297732007	6.22985081320129	976	4.67211213639443	11	11	0	-6.73970939115253
chr11	105611194	106065736	0.138650999686085	28	0.0743302013718437	2.41201619204658	1261	1.39207676425137	12	11	1	-6.73810999933793
chr11	106090844	108437448	0.0669007725821202	526	0.0717910358356981	5.70524336826243	20884	3.83858829105985	14	14	0	-6.76644945672797
chr11	108460754	108675850	0.241691147646696	29	0.121178632950466	2.20034777895862	1654	1.50691193397968	10	8	2	-6.73561878648465
chr11	108852124	120475651	0.439901487944847	595	0.0923307458229676	0.769719197450092	27160	0.269388045624293	2	1	1	-7.25710746271201
chr11	120484521	134773602	0.499000289679813	762	0.0822269985756082	0.913264318746111	26714	0.312526748257396	2	1	1	-7.72509039521464
chr12	12183	34309801	0.419326201630883	2056	0.0938936114042248	0.801970150513135	70580	0.279937556277619	2	1	1	-7.1988295226697
chr12	37420670	112678195	0.413445222759226	3251	0.0943903246272785	0.77749902323066	152795	0.267039127324019	2	1	1	-8.27544721862636
chr12	112679715	115533151	0.300307754617799	182	0.0973633380906425	1.07564393357721	7698	0.431734768726144	4	3	1	-6.95015147038157
chr12	115551594	133231689	0.203571251581021	2306	0.0975689399666577	1.53077334743	86268	0.694142206507134	6	5	1	-6.96095584847976
chr13	18177561	18475574	0.477522176688037	55	0.134690796918018	0.599613102659748	544	0.244971714567505	2	1	1	-7.01481909192621
chr13	18475587	78909040	0.498880331754569	1696	0.0949591883509627	0.648316711864902	60416	0.24068642115778	1	1	0	-10.2217648450488
chr13	78909356	91503492	0.369579565508859	116	0.132329252659589	0.472744478615788	3357	0.204567861848977	0	0	0	-10.3026195593667
chr13	91567892	92072610	0.113721235276134	41	0.0814453430371499	2.26924042044543	808	1.63065004057715	7	7	0	-6.74104805295265
chr13	92115227	114354010	0.355600775040763	736	0.112114210176757	0.487802936429704	21409	0.267111146539028	1	1	0	-10.8773090931254
chr14	16099298	16401976	0.417	1	NA	0.626164136177011	10	0.184674759148798	1	1	0	-5.77009479094309
chr14	18283692	26727094	0.498829806444182	765	0.0963448961836299	0.821624254051298	30955	0.273389055929285	2	1	1	-6.73987300214683
chr14	26733540	32735619	0.298937418808423	130	0.10709285868644	1.07055961490538	8186	0.443064208268972	4	3	1	-7.11481321506123
chr14	32751026	106872503	0.41124071718861	3551	0.0961195439805042	0.791252131032914	134369	0.279827590990694	2	1	1	-7.61173246861098
chr15	19964897	23166310	0.28365637433684	487	0.121328954831147	1.04010863643256	7540	0.459451241955274	3	3	0	-7.03914910085598
chr15	23167005	23373868	0.203103291285506	31	0.124189042510078	2.06400220361897	568	1.24299406272918	8	7	1	-6.73419624203021
chr15	23440086	65222573	0.26028969012588	1912	0.107893880610481	0.640863283698674	81236	0.213851622019946	1	1	0	-8.32088385850635
chr15	65229982	101931064	0.498905984310331	2279	0.0869602282146343	0.970255730691592	89762	0.352093145120381	3	2	1	-7.87097164142857
chr16	11651	33938516	0.496771721100612	3104	0.0880872931593721	0.943906628409699	127643	0.341111391538447	3	2	1	-8.32007573273661
chr16	34071624	35908045	0.306398337153061	50	0.13130864714986	1.0313591280096	1511	0.837067681853595	4	3	1	-6.80188535978195
chr16	46386441	46401545	0.483950249042532	47	0.116230882068175	1.428063064463	965	0.342796329844194	6	3	3	-6.7459665142959
chr16	46543225	84977874	0.256471787421857	1856	0.108993327592175	0.637151153031249	72682	0.21611321458602	1	1	0	-8.02344383561734
chr16	84996794	87534161	0.194983832766853	154	0.0989078377929577	0.803500196787209	4135	0.301339770187562	2	2	0	-6.88520778881305
chr16	87567842	90095122	0.243395617973875	416	0.108474258188417	0.652658190741671	11824	0.202626892413575	1	1	0	-7.28048739089346
chr17	84633	2726694	0.156265947772985	521	0.0967012825949819	1.08197025105484	15631	0.428599762668279	3	3	0	-6.85783970176313
chr17	2748047	18275670	0.263035116387886	1441	0.103593398525106	0.648938125129834	55126	0.215445760028493	1	1	0	-7.7832648308546
chr17	18278480	21225933	0.200562301479126	318	0.111457251204668	0.95623256410196	11536	0.372763789588777	3	3	0	-6.78840405824089
chr17	21231051	25074523	0.498756097014345	390	0.112064532902424	1.17235477256733	3076	0.567689355217346	4	2	2	-6.7486257103373
chr17	25920144	27008762	0.498473839694775	26	0.146510493192073	2.26415646393807	397	1.07110640223273	10	5	5	-6.73751996288891
chr17	27025282	34039528	0.421700059714722	613	0.10066853487877	1.3613838970585	37509	0.710243207215649	5	3	2	-6.75871443488648
chr17	34049264	36322118	0.324990407256851	167	0.113702197608489	1.0179913241545	8026	0.339981237417255	3	2	1	-6.97338855850009
chr17	36340045	83170297	0.410088884374048	4944	0.0928687748629518	1.20134534768158	234650	0.463202723718243	4	3	1	-7.20206711844049
chr18	47718	108548	0.498360758002732	28	0.137888052707133	1.33238212438768	327	0.521819941394838	4	2	2	-6.73400075857311
chr18	110425	15350708	0.462597496105111	981	0.0985610030301704	1.09637412394469	31284	0.459189232302176	3	2	1	-7.19024366706036
chr18	20955320	73205176	0.431157158875217	1868	0.0939883179898477	1.07725470401369	73633	0.433888890793028	3	2	1	-7.25107921176406
chr18	73357728	78581418	0.211362038195854	163	0.0991966813713646	0.788143467638791	4698	0.285842716393077	2	2	0	-6.83934003193152
chr18	78881601	80258035	0.498918340084743	118	0.0839939620354308	1.07794112187756	3528	0.404849411374848	4	2	2	-6.81785858365706
chr19	261438	24394204	0.498931130985148	4559	0.0850131125570374	0.918718671400335	168417	0.321934721523777	2	1	1	-8.30654253437979
chr19	27963443	41026010	0.498894413786799	1244	0.0885530788665528	0.908650857987215	57111	0.490961085234513	2	1	1	-7.10703539982733
chr19	41026221	41027351	0.137298245356187	9	0.0993148752425559	0.638158119326831	20	0.215282898335631	5	5	0	-6.74277176860347
chr19	41047774	58571468	0.498915933706789	3575	0.0907331093066561	0.891593859342134	125693	0.293760270573424	2	1	1	-7.61477696692601
chr20	87894	26091457	0.395539524490569	1122	0.0990331120118253	0.764377591858558	39443	0.264549002618026	2	1	1	-8.0945829487461
chr20	28559278	30976309	0.430571324298189	543	0.125791443325801	0.883727761661299	2787	1.20140406836738	3	2	1	-6.79284839080255
chr20	31054753	31074257	0.334794585541141	92	0.135178917379059	1.7482789840571	538	0.564771149106353	7	5	2	-6.73342964061917
chr20	31074275	64316422	0.498920158624729	2571	0.0856743086847726	0.954458729290563	101734	0.348079092162618	3	2	1	-8.12820592782446
chr21	5218123	10739746	0.366681834127751	677	0.132470491251506	0.703122256507529	4027	0.314327187291778	1	1	0	-7.44337974352005
chr21	13000259	46664370	0.428024712882677	1789	0.0949324166144038	0.789734628002879	52878	0.281227460066471	2	1	1	-7.27527934205177
chr22	10673872	12801219	0.360836159624687	634	0.126984236853899	0.753625989029042	3003	0.281245277658229	2	2	0	-7.28759875402973
chr22	15509365	16694664	0.32875255829934	77	0.121635985856841	0.677464368331608	1241	0.261536652083194	1	1	0	-6.85943455158753
chr22	16694891	25688007	0.498888177309047	1113	0.0905163781708871	0.944279932558465	36672	0.322721870603356	3	2	1	-7.69373603661494
chr22	25695339	27622834	0.281714462471309	86	0.0849710564707565	0.634587359285028	2807	0.212049314364191	1	1	0	-6.96632453092725
chr22	27661133	50808396	0.498917034845617	2209	0.0856411591618118	0.960461801813549	90373	0.338908680283966	3	2	1	-7.88242817800884
chrX	16692	4484106	0.498791541774068	576	0.103354001892165	0.791509857121829	9204	0.499745749167724	2	1	1	-6.74113075775296
chrX	4520997	8569370	0.111401436686498	284	0.0863589500291479	2.72348290323567	10619	1.87336463441916	14	13	1	-6.76973991708514
chrX	8585506	10475005	0.498860257028443	77	0.098381561520948	0.695328691341592	2915	0.250916436522714	2	1	1	-7.14660322441119
chrX	11179168	38655915	0.368450766902072	439	0.111970524619759	0.504650900951299	23993	0.185686193717174	1	1	0	-12.3481464895172
chrX	38666371	40808560	0.491660808187921	63	0.0979240042026384	1.14065903660339	3459	0.541933363725416	4	2	2	-6.76127545525601
chrX	40834823	52669305	0.33731283242799	230	0.111994584072584	0.541004981279417	18962	0.244162885184157	1	1	0	-7.97558916552135
chrX	52796156	58042596	0.216377514596394	132	0.10623358917228	0.88795752356703	11198	0.397369644966655	2	2	0	-6.92557614437671
chrX	62780088	82999140	0.234434535920924	290	0.101272241160813	0.744788239253202	24453	0.250971782007973	2	2	0	-7.95469928647299
chrX	83016383	85135552	0.205033393011168	56	0.107599377200921	2.67529532825989	3962	1.61601200366398	12	10	2	-6.73889788060076
chrX	85304171	156028131	0.233720024288166	1424	0.107864119743819	0.734357514813788	79167	0.264970920388686	2	2	0	-10.1418525204516
chrY	10796701	56885732	0.38847857043963	236	0.119808411488497	0.869361364623073	925	0.393353903473441	2	1	1	-7.91333492082867
