chromosome	start.pos	end.pos	Bf	N.BAF	sd.BAF	depth.ratio	N.ratio	sd.ratio	CNt	A	B	LPP
chr1	101895	121497112	0.498927379186444	8122	0.0935207898702883	0.908611756883587	326464	0.305861273924122	2	1	1	-7.10281020920171
chr1	125015362	125179850	0.398680543082309	9	0.15354396764445	2.87292601898774	190	3.05927454675723	10	6	4	-6.73512562993476
chr1	125179952	143264771	0.121401441480725	41	0.172066790775573	3.27020302104531	1295	1.57567370562972	9	8	1	-6.74444140475813
chr1	143281112	248945478	0.361219767852318	6125	0.0999456835818558	1.24966198371435	335922	0.43114685138765	3	2	1	-6.95280861255466
chr2	37923	90315865	0.498904690912665	3697	0.0976290020779969	0.910142719780591	169840	0.315959057896708	2	1	1	-6.95903991074481
chr2	90381645	90401169	0.116780356328464	21	0.142607152695789	2.45590824394869	318	1.66602509678506	11	10	1	-6.73454057066402
chr2	91467353	92012900	0.364161803061699	93	0.116199896077954	0.882078469044967	1147	0.318368298301509	3	2	1	-7.15437984412319
chr2	94190317	242183317	0.498921667147964	5870	0.0940167706438603	0.929793709371815	285167	0.311953716503456	2	1	1	-6.73340004471367
chr3	10374	90202519	0.498913816374311	4144	0.0922935318767176	0.915803686940008	181874	0.305841784807342	2	1	1	-6.8538937027846
chr3	91404436	198120733	0.498914125594854	4204	0.0932366210489379	0.922222157133969	187131	0.319445822293625	2	1	1	-6.76924437000828
chr4	14018	2376042	0.363458113738872	311	0.10077457407811	1.26373937418197	14701	0.401928732533679	3	2	1	-6.73498884777779
chr4	2403956	39423059	0.2001058091585	1211	0.118005774080855	0.594697821980297	38679	0.234206995992151	1	1	0	-7.11627017637873
chr4	39481299	40792443	0.424505205206913	128	0.116876537423043	1.14153461477553	6066	0.501946407089745	3	2	1	-6.94022901304538
chr4	40807628	48960240	0.195216944497427	198	0.113323985517114	0.598827064911427	8914	0.224322975497594	1	1	0	-6.87468668292983
chr4	49092775	49711888	0.44242688301713	209	0.143220915641597	1.27388208611248	2348	0.676206291144049	4	2	2	-6.87875683672447
chr4	51837444	81683582	0.498872065369563	868	0.0944534741718575	0.962251847996417	44800	0.351056535253303	2	1	1	-6.90487121123248
chr4	81763735	83906218	0.230076420677215	89	0.141333335039766	0.567038479763242	3830	0.222371817863765	1	1	0	-6.77943667355047
chr4	83924913	89090208	0.196506634974216	149	0.129233687910922	0.785976434693799	9450	0.316979990387399	2	2	0	-7.69638481720421
chr4	89112983	102834462	0.206119617626815	289	0.122712413818612	0.614314574842922	11020	0.238729023993325	1	1	0	-7.28160621242304
chr4	103589609	160541571	0.498886470421838	1337	0.0948170435966677	0.93399054873616	72768	0.333466223441837	2	1	1	-6.74099704974856
chr4	160667850	178450020	0.168305152151228	391	0.121436034166652	0.58012730961066	13501	0.240911521795689	1	1	0	-6.76754847440124
chr4	178636792	190179679	0.498831652913884	618	0.102895780533445	0.932163896303936	18229	0.354156629721599	2	1	1	-6.73364145387284
chr5	163654	1036406	0.388958295524334	106	0.0845386661455854	1.26768530550674	4699	0.356020530465971	3	2	1	-6.79257403314387
chr5	1036785	1293971	0.189174361848946	61	0.0852757693052434	2.40675659930038	2747	1.24355309367326	6	5	1	-6.74013813262684
chr5	1309789	2788292	0.356296963903186	77	0.127422635448365	1.04515476202599	2580	0.50571288044638	3	2	1	-6.87611529326987
chr5	2862267	5955241	0.127665382101727	85	0.0835381008026534	0.903359234743282	2523	0.330645939644922	2	2	0	-6.75161976195562
chr5	6009843	6966443	0.498765584276268	82	0.119550712165521	1.61761005557639	2151	0.75784714488306	4	2	2	-6.73321475117055
chr5	7044908	7948790	0.294930554326436	74	0.1269650001185	2.10005432660159	2657	1.4857092077142	7	5	2	-6.75097117632478
chr5	8012597	10583289	0.152964873154593	34	0.105555237670347	0.580501025978876	1939	0.208031705480771	1	1	0	-6.82245727837115
chr5	10616316	13042854	0.363019127936315	70	0.109626024361879	1.4360423129801	2548	0.746776562739106	3	2	1	-6.76630278999209
chr5	13628334	13927976	0.134613131862209	58	0.0733516338601783	0.965415508234552	1460	0.28131621840388	2	2	0	-6.76005540117394
chr5	14001678	19473743	0.274897643826822	213	0.119325288572327	1.68452324931853	12535	0.708779141880579	4	3	1	-6.74228138970612
chr5	19630308	20569605	0.119864012769255	24	0.107221699080098	3.44786854042345	1880	2.30824307174183	10	9	1	-6.73458925479204
chr5	21067501	23441628	0.498494715722712	65	0.132367909485413	1.55112098855308	2857	0.815898389150653	4	2	2	-6.73910721721166
chr5	23569416	28676572	0.155963976324271	245	0.0953073745872758	2.92578057142708	8054	1.9536920052641	8	7	1	-6.7351946203187
chr5	28682664	31127688	0.296589792077677	61	0.105613808295754	1.60126748790856	1901	0.927773993784442	4	3	1	-6.74218437231124
chr5	31132906	31766417	0.192011890918924	84	0.092050311768781	2.64132297272389	3770	1.41059464643269	6	5	1	-6.73869641246079
chr5	31766596	32491732	0.247558415949801	155	0.105164479070399	1.76728532619403	5278	0.733884429486971	5	4	1	-6.75474154248295
chr5	32497113	32983060	0.49795026033852	49	0.0684222148851959	1.0363022941083	899	0.423124861760146	2	1	1	-6.75286073543042
chr5	33169155	35753613	0.228293004733926	213	0.108351476365967	1.82046563679653	8143	0.767266149193448	5	4	1	-6.75498664854554
chr5	35760137	39154884	0.498957813549601	178	0.0981876234633666	1.2163585028626	10121	0.5026869569971	2	1	1	-7.26688210748642
chr5	39172152	40427281	0.224509452695197	50	0.10681277917889	2.09538986873068	2406	0.919109021363951	5	4	1	-6.73985210264726
chr5	40445852	46206931	0.35678553003809	161	0.109477307697171	1.30098220638616	9405	0.693103848861979	3	2	1	-6.73605245949365
chr5	49599709	49666671	0.468913459641123	68	0.125427385258496	1.18426667767607	749	0.484884080384913	2	1	1	-6.7796922003272
chr5	50429075	59879223	0.498838336502443	358	0.089425466054136	0.916922589962528	13160	0.344592446421443	2	1	1	-6.74166040853474
chr5	60157881	63483867	0.188467241403976	81	0.112388588179968	0.567956412845223	2936	0.198879746275	1	1	0	-6.74458005107193
chr5	63784419	181281750	0.498918688438236	4916	0.0909446940255453	0.921237537838972	213319	0.313955557249488	2	1	1	-6.78651949272273
chr6	231351	1624277	0.185203164207212	78	0.145833585176511	0.620303664536515	1777	0.214832987354602	1	1	0	-6.83215554095691
chr6	1639566	44354197	0.258789090344255	4038	0.103446271768184	1.72512308723273	224276	0.655762162747756	4	3	1	-6.93367255174708
chr6	44360248	46459132	0.172447170889148	162	0.0906927570158717	2.65471601932561	6150	1.22017913940857	7	6	1	-6.73322050553269
chr6	46461904	48411042	0.269296149229683	164	0.101270251178489	1.81165544577376	6605	0.586936373899882	4	3	1	-6.78111644711426
chr6	48480539	51193844	0.170668218091022	164	0.0795267998592623	2.68602463019624	6486	1.3457062103479	7	6	1	-6.73332851403003
chr6	51280796	55056701	0.118134509410092	622	0.0705866889590813	3.83611148759136	23932	2.01249634429884	10	9	1	-6.73710170998376
chr6	55126485	60964235	0.246519667278884	152	0.0958875889930494	0.933309497185398	6742	0.295286064603943	2	2	0	-7.63008375975997
chr6	61133505	170597974	0.498912156841859	3839	0.0933808223491955	0.920937766611983	162542	0.321072346855248	2	1	1	-6.78433688753546
chr7	31439	58091557	0.49890644278425	2976	0.0987488179275305	0.922570641206501	110685	0.327220787722198	2	1	1	-6.75007931713001
chr7	60958050	87462869	0.202068473396605	892	0.127335849228089	0.551497973667374	37422	0.211669407427502	1	1	0	-7.34744780010618
chr7	87498524	152231395	0.49890924922971	3367	0.0927424528851948	0.904727780470512	153154	0.308705728679228	2	1	1	-7.0116944760035
chr7	152241498	152665780	0.327450334811047	129	0.120223984478133	0.849885698522607	1748	0.328689794329912	3	2	1	-7.15748062180899
chr7	152666907	159232749	0.498855456619068	421	0.101710247176605	0.93766723413225	11339	0.328571503767539	2	1	1	-6.73605835241651
chr8	281648	12664413	0.498868366968566	839	0.106317164905605	0.936026555117829	17829	0.325451784447859	2	1	1	-6.7367785891143
chr8	12767175	43510803	0.498896364292161	1344	0.0885761724958824	0.904099580811251	64372	0.321256188996857	2	1	1	-6.86493900120314
chr8	47157274	145066250	0.498911061102558	3233	0.0913027533116803	0.923137467902594	147752	0.326876858478624	2	1	1	-6.75710963005816
chr9	10416	39055125	0.198553187759423	1152	0.12180125284845	0.566785790723328	47370	0.201001767325184	1	1	0	-6.88572536848188
chr9	39062186	43242683	0.498635956389042	254	0.140913816062557	0.671639374061987	2324	0.323033854988096	2	1	1	-8.56990909083703
chr9	60521830	66782977	0.290513954296456	145	0.137526081817511	0.65744077469131	1632	0.269312846630662	1	1	0	-7.80631817718928
chr9	66793021	121622200	0.194189685353194	1696	0.113687776079424	0.576270883864973	74916	0.200139982649458	1	1	0	-6.73308713826045
chr9	121644222	136474610	0.325765568327431	2177	0.0971116985399587	1.40954820706644	93783	0.479915516908658	3	2	1	-7.14371652658778
chr9	136476890	138176517	0.498858369678669	238	0.0974318033240445	0.921714544079947	14520	0.268156080526771	2	1	1	-6.73405672425957
chr10	47663	39967657	0.498893427695574	2065	0.093374551919906	0.90899158148959	74575	0.330849836824985	2	1	1	-6.83776995982086
chr10	41859758	42279703	0.397903869521103	94	0.13568258214557	1.37615069195376	836	1.00780953210261	5	3	2	-6.77223628022112
chr10	42279754	133689420	0.498917149404322	4034	0.0954218017569019	0.916800863049271	191996	0.311989577080144	2	1	1	-6.83418704977776
chr11	198062	9556626	0.49890674228898	1275	0.0849496013359546	0.927199861679519	45547	0.257128814583206	2	1	1	-6.73355083663512
chr11	9560808	9712980	0.498354473511213	15	0.163693296252764	0.808323087362001	514	0.292588449364637	2	1	1	-6.75375478878847
chr11	9713398	50512765	0.498889943300589	1523	0.0869760519760572	0.92335782207803	72809	0.313662619998802	2	1	1	-6.74324081911377
chr11	54592419	134773395	0.498929508507088	4171	0.0881236258469162	0.909158183602102	213280	0.287885054983473	2	1	1	-6.99885036773858
chr12	12867	487825	0.225595563764088	91	0.114033904518487	0.576244447738508	1752	0.20376733208223	1	1	0	-6.78004694885073
chr12	503943	8125585	0.260395363837235	1194	0.0970811088308864	1.7240933912869	49803	0.619281384449642	4	3	1	-6.80155473254038
chr12	8138363	18255058	0.250368847179912	863	0.105926742390818	1.91122431925439	40190	0.827026951137221	5	4	1	-6.76190632798884
chr12	18265695	20974995	0.131529040912366	201	0.0943148593094808	3.08494891508692	11558	1.94653415695439	9	8	1	-6.73885348723104
chr12	21164857	23584632	0.16924903136613	212	0.0964903470978964	2.48118687935996	8981	1.45427570538606	7	6	1	-6.73835701465824
chr12	23604230	25182978	0.498767093509883	81	0.115844029615388	1.14869890443275	2501	0.620097522902355	2	1	1	-6.84180840375413
chr12	25190582	26725833	0.187919421335387	176	0.102524950241772	2.56347010293207	5967	1.34066167897202	6	5	1	-6.74349918632522
chr12	26748398	28484182	0.49871308276554	90	0.109081197923036	1.00175702466777	3885	0.439824725256285	2	1	1	-6.76333571428165
chr12	28535758	32039053	0.159397621484286	676	0.0809280224865342	2.93246904070454	21063	1.48869164958032	8	7	1	-6.7388783372922
chr12	32039222	34252502	0.12439652557664	560	0.0812408030337094	3.46924544873105	13319	2.32980418619713	10	9	1	-6.73459083197872
chr12	37555474	133224617	0.49892072897192	4803	0.0920701437790774	0.901281752681289	249299	0.305998100171697	2	1	1	-7.25771089882476
chr13	18177561	114353804	0.498900837152662	3121	0.0968316389051649	0.932019194062792	133425	0.334979461599856	2	1	1	-6.73759659863599
chr14	16098225	16402213	0.497788131127786	5	0.235418138638466	0.883626690070926	22	0.299063245276521	2	1	1	-6.73825077387536
chr14	18289828	19936608	0.33125627990414	172	0.116486835086794	0.936312210937184	3047	0.301790234001815	3	2	1	-7.69289122624449
chr14	20033961	106802973	0.498923214611323	4351	0.0934715181850853	0.913777446118304	202396	0.304539986407139	2	1	1	-6.887690075182
chr15	19865988	23462694	0.498737076706839	521	0.125894288838703	0.888537221435297	8712	0.308800221212478	2	1	1	-6.77821284334334
chr15	23478602	34043029	0.498869991527704	769	0.0982130174179532	0.944890173803831	22373	0.317967609593458	2	1	1	-6.75048319076571
chr15	34089684	52295683	0.19042865459488	720	0.110556063188372	0.566217886199599	44220	0.187163525777695	1	1	0	-6.82628290848306
chr15	52751548	101951325	0.318623832463011	3689	0.102861733768125	1.41516046381256	176412	0.513885564249326	3	2	1	-7.76547384838959
chr16	19823	34266408	0.498902255332351	2489	0.0964825497054377	0.893372872813958	132108	0.296314798140325	2	1	1	-7.07592448299899
chr16	34571745	36162586	0.456477048647582	71	0.124220879733524	1.70100947022905	2139	0.956549669097461	4	2	2	-6.80740245358116
chr16	46386256	46401545	0.478057635564222	61	0.114176454847442	2.37008116737026	1745	0.652947550782784	15	8	7	-6.75300907650622
chr16	46844055	90166424	0.494560960061093	3100	0.0933275074072104	0.903942060197109	122739	0.303626518489558	2	1	1	-6.9429808522928
chr17	137603	6830353	0.498897419291957	985	0.0959309557269351	0.881654909287485	37307	0.292092274554797	2	1	1	-6.86057001152473
chr17	6838562	13763094	0.207825134877887	539	0.114462912705396	0.560984914922709	25578	0.182365076299222	1	1	0	-6.82990431047814
chr17	13799057	23016487	0.498853389575321	1135	0.0985160188263554	0.915579031911149	30956	0.310442382433289	2	1	1	-6.74572370655857
chr17	24421438	26620008	0.334929255381066	14	0.090513462055027	1.62430589867707	204	0.33365942005541	4	3	1	-6.91713973983503
chr17	26755991	46091542	0.498892341387639	1478	0.09328848497548	0.885620957060964	95848	0.284418532073704	2	1	1	-7.04792606204416
chr17	46134589	49398873	0.188665170861505	173	0.10972762015593	0.555459646635543	9381	0.195977447520894	1	1	0	-6.80163789350461
chr17	49405591	78707968	0.454208047702142	1913	0.0985185588778152	1.00642595625263	111509	0.347893655694376	2	1	1	-7.66558229648405
chr17	78727479	83170297	0.199799407823077	739	0.110998358027733	0.577388476443475	19527	0.180557627520831	1	1	0	-6.73531121008066
chr18	48121	110627	0.493987050980542	17	0.145387641071965	1.66459095147224	598	0.587716724506096	4	2	2	-6.73408956260524
chr18	125247	15365250	0.498874747277213	1008	0.0960204700665712	0.901286145939762	29569	0.32163557588437	2	1	1	-6.81462434551311
chr18	20944336	80250991	0.498890289721211	1777	0.0940649460977434	0.912479608137268	80143	0.324597594787199	2	1	1	-6.84332433541022
chr19	107400	24394203	0.498912128912403	3720	0.0933977868930742	0.873851944254315	174277	0.276359370232595	2	1	1	-7.3795190163772
chr19	27918985	58455601	0.498916307234784	4554	0.0904398185745869	0.883351553808327	194195	0.26858441107145	2	1	1	-7.32327604021879
chr20	101574	26271007	0.498888534051709	1444	0.0926254116239285	0.920416436577827	50125	0.317888179721228	2	1	1	-6.74731714709674
chr20	28559257	31065268	0.493764619921418	699	0.124432709965216	0.913741158947835	3503	0.339354647728648	2	1	1	-6.73824085011536
chr20	31067015	31237410	0.223584997375646	38	0.110504561802814	1.11081540919918	230	0.433408119977144	5	4	1	-6.91712377225781
chr20	31237425	64328010	0.498903430339337	2043	0.0903904190070763	0.913095182627826	106699	0.303371234658673	2	1	1	-6.79889323650122
chr21	5034010	13036549	0.442176322092706	895	0.121471595345878	0.907927450410465	5779	0.318057535236434	2	1	1	-6.89151100256383
chr21	13238671	46697396	0.498894040803438	1784	0.0908936548136966	0.929264892200708	64247	0.321862919081629	2	1	1	-6.73311855571331
chr22	10685603	12900597	0.498776740612351	850	0.12019619424304	0.904194925141326	3746	0.32837324943625	2	1	1	-6.74229892352937
chr22	15541395	16533811	0.386237695593762	91	0.131145810788693	0.946299748136384	1109	0.356251472693331	2	1	1	-7.155149979742
chr22	16553149	50808384	0.498921583641375	3394	0.0918848118291157	0.903645167873841	137230	0.29661506528875	2	1	1	-6.91040730568104
chrX	256862	52862789	0.498792869929238	530	0.105826867342624	0.910059544098031	45540	0.298946380038737	2	1	1	-6.88337152140139
chrX	65683396	156028163	0.339135695449249	54	0.131234529553125	0.9273975545973	61684	0.285305780109518	2	1	1	-7.52399335603063
chrY	3066285	11788375	0.478999943807158	192	0.146168228937556	0.9682255032939	2876	0.440434238564315	2	1	1	-6.79054659746998
chrY	19413600	56886992	0.490711410251251	285	0.123957397210503	0.924221026607042	2466	0.311016157368379	2	1	1	-6.74328377984864
