chromosome	start.pos	end.pos	Bf	N.BAF	sd.BAF	depth.ratio	N.ratio	sd.ratio	CNt	A	B	LPP
chr1	13273	124250861	0.498927602466666	8219	0.0964501948369241	0.895009150628992	375265	0.480918744357927	2	1	1	-7.00217134941024
chr1	125015362	248860762	0.335483877975966	7714	0.103491907219969	1.34796725092806	403943	0.713854167824192	3	2	1	-6.84175331436836
chr2	46145	89085291	0.498916101454238	4613	0.0959791473250629	0.917699079040539	195087	0.580137056514703	2	1	1	-6.73634468151442
chr2	89573992	92075691	0.495710755331535	148	0.139226479666015	0.941219872767639	3252	0.400755137918358	2	1	1	-6.73763569791332
chr2	94194584	242183396	0.498924454503422	6970	0.0965469459598667	0.925770071960925	325123	0.461486682215212	2	1	1	-6.74058432714057
chr3	10374	9024835	0.499024606237645	366	0.0907562871263916	1.02199826051242	11855	0.394908785604522	2	1	1	-7.08097390653632
chr3	9024903	90613961	0.49891009670164	3497	0.0985468537219151	0.9641672815831	204260	0.500686525252767	2	1	1	-7.10265864665929
chr3	91404517	198150648	0.498917757368656	4993	0.0949833954035835	0.943092361672134	216931	0.436630853280313	2	1	1	-6.90251581738636
chr4	46210	49093016	0.498902738188772	2540	0.09656910414439	0.906613102875127	93893	0.418946731414589	2	1	1	-6.77935132844873
chr4	49093019	49711644	0.462315407184194	173	0.136381944120477	1.06593249379894	1728	0.443606013850026	2	1	1	-6.81800878055882
chr4	51838815	190179756	0.498913870950617	5566	0.0942142426175126	1.02262211512016	226647	0.42028035857742	2	1	1	-9.69691542945844
chr5	36646	98764	0.205015187740499	10	0.112094206411889	2.6582870876334	138	1.36507903500804	10	8	2	-6.73789576475023
chr5	140417	184744	0.0878261790275821	19	0.0470577597058977	0.503007703088502	288	0.122702138919704	1	1	0	-7.19338312321635
chr5	195203	498640	0.189194064534033	175	0.0900330718291257	2.38380708577343	3472	0.894872984383236	6	5	1	-6.73464303815849
chr5	498730	1188923	0.227814018140965	141	0.104396165503498	1.55651325566126	4084	0.520388127518565	4	3	1	-6.8433983105241
chr5	1200770	1297739	0.086432402869124	47	0.052673509588748	4.24167150208154	2781	1.56153644027554	13	12	1	-6.7346846961527
chr5	1309789	1543810	0.277082040895172	39	0.0917759843806746	1.55635518117385	1603	0.529954439407799	4	3	1	-6.74051340934419
chr5	1543890	3244281	0.496883780893911	90	0.0983524332367812	0.89899907205958	1606	0.459821661024906	2	1	1	-6.73667177057709
chr5	3270631	7306394	0.0853069187346178	131	0.0927704894408673	0.796511220043983	3297	1.76063785970404	2	2	0	-6.75706495271391
chr5	7460123	7927671	0.112065555421088	26	0.0690547163208556	3.96211066438542	3198	1.76226280275727	10	9	1	-6.73338988631061
chr5	8037493	9823727	0.0859180745564784	26	0.103939960480151	0.559438478628768	956	0.240441806430512	1	1	0	-6.89456080063031
chr5	10046474	10292300	0.15075152909591	79	0.0989983033698412	3.46643188194023	1985	3.56551511318122	14	12	2	-6.73579229949765
chr5	10308317	11229479	0.0767128775909305	42	0.0948159198274709	0.493181350115452	1361	0.199703916933989	1	1	0	-6.99095438608478
chr5	11262386	15013343	0.194672160647738	311	0.091672724256321	2.42289231244255	12464	1.56174682213656	6	5	1	-6.74011735587637
chr5	15018608	17520411	0.13218825264064	361	0.0877567028145935	3.19906162424653	12425	2.22515988690899	8	7	1	-6.73901915208724
chr5	17530356	18535504	0.0667434284729415	19	0.0955789682999694	1.3423018478007	481	1.54257959653943	3	3	0	-6.74619893998446
chr5	18547254	19360648	0.120187296309789	61	0.086022382396816	4.10723321833323	1568	3.48084474360008	9	8	1	-6.73609464885735
chr5	19372855	20734430	0.0524811995239991	161	0.061843882162018	8.66960562324846	6701	5.83667947908918	20	19	1	-6.73763792579436
chr5	20757924	21026295	0.137933656337415	10	0.0865325243927263	3.48169144695176	283	2.71134397941291	8	7	1	-6.73379288043246
chr5	21035777	22580571	0.498713313622037	9	0.146461693892218	0.578796198175711	942	0.269654872059421	2	1	1	-8.69077417780509
chr5	22666549	36802242	0.0907584732718107	371	0.103077928071348	0.551783948233345	13720	0.572182361246841	1	1	0	-6.86211580355011
chr5	36829625	37360794	0.188891268436668	87	0.100226545044026	2.6999366710558	6836	1.29663736710419	6	5	1	-6.73510402909854
chr5	37364957	37712270	0.0688854104679842	20	0.129059869827921	0.561225767474766	483	1.81414429131295	2	2	0	-6.74992973320113
chr5	37759641	39761681	0.116523345955941	208	0.0770268475434047	3.7496323607365	12021	1.96579063239308	10	9	1	-6.73579123956978
chr5	39762402	43731590	0.150727821654385	370	0.0884943665520469	3.02258480675879	18793	1.65993813295963	7	6	1	-6.74160394668718
chr5	43938254	46381517	0.498727943252878	15	0.157689055090194	1.50583914042756	1590	2.0694060261914	4	2	2	-6.7383673449238
chr5	49599621	181281936	0.498921521102208	6006	0.0932306277122347	0.93736974793087	268560	0.446513523468328	2	1	1	-6.8415187307675
chr6	142899	60964235	0.498919655560542	4663	0.0951275181673653	0.908450984841273	182021	0.618477917021519	2	1	1	-6.75350369158766
chr6	61133400	170561964	0.498916463359249	4693	0.095900068810181	0.949670441791325	189543	0.436258635521864	2	1	1	-7.02345736545501
chr7	50462	58100284	0.362206475431847	4904	0.102426803836247	1.35697769690154	171652	0.776495045179164	3	2	1	-6.80060239401601
chr7	60958050	97169280	0.34755025124201	2943	0.105619423501306	1.3544978754661	110151	0.638464818918267	3	2	1	-6.78320737272947
chr7	97221832	159034723	0.355571603380798	4308	0.107832039824398	1.30597068400054	225227	0.715968759729941	3	2	1	-6.73664802182618
chr8	213366	43672929	0.353374772382347	3599	0.103081380327069	1.30141022701293	126773	0.861765952193727	3	2	1	-6.73645366172369
chr8	46595663	145072669	0.344831655717129	4139	0.103592568917276	1.31489009003011	222685	0.654874215510587	3	2	1	-6.73519654841113
chr9	12704	42920382	0.498873195680034	2124	0.103189450524432	0.930094312420474	79872	0.376319952197402	2	1	1	-6.74746138105951
chr9	60521830	68333969	0.412104069399055	193	0.120685449228316	0.966554115574681	2869	0.387067500241185	2	1	1	-7.10484773356027
chr9	68387638	138214444	0.498914734219135	4872	0.0965159171675716	0.890221824096876	209862	0.443812039513994	2	1	1	-6.98183028774124
chr10	48143	39967657	0.498878710411126	2567	0.105238122898214	0.92601346544864	88935	0.430915758468244	2	1	1	-6.73571012087842
chr10	41803723	42283185	0.457162454245336	70	0.135793214489713	1.06844499121898	734	0.431169384317144	2	1	1	-6.8256640859857
chr10	42286923	133787106	0.498919382348214	5403	0.0947774156795022	0.90290328505726	221588	0.451711158786362	2	1	1	-6.84701270264973
chr11	198062	1013987	0.127041320373567	157	0.11248879342445	0.48082775039299	6606	0.358586461325606	1	1	0	-6.76954702685305
chr11	1016665	1018483	0.337938257565892	32	0.0675490786331949	0.428211942388258	131	0.0467124120781714	3	2	1	-7.3252750452958
chr11	1021410	1196917	0.175448679773144	109	0.112308820454521	0.447477606083046	2251	0.803785147709489	1	1	0	-6.83257262921699
chr11	1197482	50422246	0.141462410479523	2317	0.109916356061475	0.530346116443324	87150	0.273447211477499	1	1	0	-6.73917292268291
chr11	54591430	56700357	0.162776206414176	87	0.0883210635388588	0.586324336420887	3467	0.177480075099749	1	1	0	-7.19561159282616
chr11	56700405	56730608	0.498690211541755	27	0.126971832127626	0.601206509350703	86	0.110097455274873	2	1	1	-6.99452344876675
chr11	56740556	135010135	0.139060387409257	3214	0.106665633576007	0.524315372630458	169797	0.27140344859998	1	1	0	-6.81187913485052
chr12	12906	60057	0.294095122728518	27	0.120631505478296	0.827299641632371	122	0.25747265643523	3	2	1	-6.95299075066644
chr12	60104	33424055	0.498899773100938	2474	0.0964911470672033	0.920047820908656	97329	0.743551335969449	2	1	1	-6.73324709820329
chr12	38723677	133239285	0.498919344496037	5393	0.0946612552390577	0.908680822308058	288298	0.605825264000997	2	1	1	-6.76494961634651
chr13	18177561	79101289	0.498900208432567	2594	0.0988599267499672	0.947744089619188	104753	0.711396782475642	2	1	1	-6.78800717779378
chr13	79192053	79533197	0.0519087543704039	10	0.0685114751134598	0.554481007586153	443	0.224232824789738	1	1	0	-7.44113129276134
chr13	79770616	114320569	0.498863212764587	1422	0.0960820698702966	0.932599339030891	48302	0.382495429745207	2	1	1	-6.75208065945228
chr14	16037128	16402213	0.202935448439181	8	0.133231002398091	1.08696679958844	63	0.29132066551951	2	2	0	-7.31004111570861
chr14	18289867	19486787	0.498516535258127	54	0.127461635614247	1.00113893277478	891	0.414252674388544	2	1	1	-6.76146424448445
chr14	19488180	106872974	0.498919844844481	5527	0.0955294357203358	0.908814657997494	236763	0.462574247930578	2	1	1	-6.7824305166483
chr15	17081956	17081995	0.167	1	NA	0.524832034148352	2	0.0494974746830584	1	1	0	-5.76441107530163
chr15	19871260	24590558	0.354276597152812	479	0.12224350096573	0.90915978864289	9976	1.28206287742468	3	2	1	-6.95820745399506
chr15	24675968	101980715	0.498920237631719	5635	0.0952306752386397	0.899361284176589	241000	0.517806285971077	2	1	1	-6.83685538817943
chr16	11641	36162586	0.49889683476327	3223	0.0977236407756293	0.873763296441001	152051	0.348908096188169	2	1	1	-7.20537620192085
chr16	46386256	58718938	0.498877260187506	699	0.093966727271968	0.889638611280504	40491	0.361899907046053	2	1	1	-6.80376833413261
chr16	58729798	64982382	0.498763255697659	152	0.104031487168126	1.02444757088263	4684	0.425455587686009	2	1	1	-6.95544042379496
chr16	64991755	90099701	0.498902822190905	2549	0.0958936775050209	0.8754262259741	96937	0.672933349556502	2	1	1	-6.82065807596293
chr17	132168	23016487	0.498902724512884	3401	0.0991580953230803	0.868540256596063	116443	0.444190672927984	2	1	1	-6.97044063759953
chr17	24421438	30746755	0.498806657689486	333	0.0986707391181987	0.882842166245832	22312	0.320909486592571	2	1	1	-6.80124491499109
chr17	30752027	31756981	0.0771072373861934	47	0.12286200075834	0.45655162362407	3366	0.207426664381356	1	1	0	-7.1411580096877
chr17	31760587	68379987	0.4988971760484	2707	0.0958304449722119	0.884082325033395	172840	0.469747812593931	2	1	1	-6.90252030240878
chr17	68382181	82151395	0.349253262737193	2369	0.100349729027509	1.2319715297466	87031	1.06848907555084	3	2	1	-6.76285451903158
chr17	82151397	83194874	0.498824041400091	200	0.113013751553521	0.844954794303628	5739	0.339409785053338	2	1	1	-6.77404887246193
chr18	47858	110425	0.401483967252515	34	0.0996604440077494	0.656102909094659	317	0.255463885020827	3	2	1	-7.14905387949478
chr18	118580	350423	0.0972590654307161	24	0.0837490103770214	0.513558990447583	865	0.185735932508817	1	1	0	-6.82976844800398
chr18	480564	15378682	0.498849959879916	1026	0.0993118435858622	0.933879778169889	34382	0.491891178722392	2	1	1	-6.73930909180952
chr18	20989930	80257347	0.498898469787412	2129	0.0968404846485007	0.947296385578757	94906	0.481760550105602	2	1	1	-6.84457015938205
chr19	336102	24394098	0.498924564286303	4475	0.0971491320090072	0.876198581036563	195550	0.507968514060291	2	1	1	-6.87407498407212
chr19	27392072	58571238	0.49892140289675	5124	0.0956742219157733	0.877245158358921	219725	0.691761908915252	2	1	1	-6.82777636663481
chr20	96321	26149429	0.498888732764299	1488	0.095056831429212	0.903591129210763	57652	0.489274745980551	2	1	1	-6.75914565811508
chr20	28559278	31284993	0.429524338560091	766	0.122282378668256	0.99395742300406	4175	0.413003971232284	2	1	1	-6.97987376814496
chr20	31285278	33492309	0.498867264652338	315	0.0922643790445763	0.90227289898602	13423	0.45010420894948	2	1	1	-6.73613178920271
chr20	33493697	35585317	0.258681328871335	249	0.0994759187658117	1.72787429021977	20729	1.19690627248615	4	3	1	-6.7413117704467
chr20	35687167	41388197	0.498827945877527	221	0.0997361106767902	0.88423682383303	20241	0.399361756147108	2	1	1	-6.77011111342335
chr20	41399096	44842470	0.239947908738804	363	0.105848458151381	1.81266752612165	15743	0.772625558381497	4	3	1	-6.79471185610328
chr20	44843762	44960161	0.499065302365466	22	0.0899272914576979	0.916334482753357	748	0.288543761886239	2	1	1	-6.73312480278035
chr20	45075310	47794999	0.175214863781494	631	0.0962080118338165	2.56339860451073	29846	1.81893450778241	6	5	1	-6.73989442081419
chr20	47850669	48953521	0.224156188136286	92	0.105869143575431	1.48547866518782	3069	0.639197240834628	4	3	1	-6.87548041061417
chr20	48962069	49754197	0.120589992724817	247	0.0729801132883797	3.32560407056161	12243	1.7556281873126	9	8	1	-6.7375205094871
chr20	49755160	50610757	0.239382968032904	159	0.0931369584751086	2.15300332561564	7114	1.27857537541541	5	4	1	-6.75970822199845
chr20	50635430	50831224	0.0871381327024173	100	0.0631237449120153	4.81157914977448	3734	2.49434302435709	13	12	1	-6.73330290319767
chr20	50858977	51010434	0.184381873183454	32	0.0848512693082773	2.51116453379286	2047	1.10673901103949	6	5	1	-6.73308932831098
chr20	51016203	52126205	0.498914819193818	135	0.0949504557899875	0.924978604612644	4041	0.422748284427967	2	1	1	-6.73315074500202
chr20	52128272	52429495	0.141920325077567	76	0.0851361953248204	3.20744029171051	2020	1.1665981863357	8	7	1	-6.73317911718818
chr20	52447744	53352706	0.074782562618064	102	0.0692004900540708	4.83997317549672	4179	2.86899718716683	15	14	1	-6.7365716605083
chr20	53367692	54066165	0.115006407773487	254	0.0805000060408755	3.57187469626171	7182	2.08245520519595	10	9	1	-6.73476537552807
chr20	54096075	56315852	0.294136801614966	113	0.106619467308285	1.50909972225445	3467	0.681750495207356	4	3	1	-6.80550573481149
chr20	56360008	56738550	-0.00105855434731034	45	0.12271597329203	0.878448574993406	2175	0.318810435383403	2	2	0	-6.96028447178348
chr20	56801663	56945640	0.0913215015982234	11	0.129186264397926	0.525466808232007	156	0.240163068739628	1	1	0	-6.7876459397527
chr20	56978794	59135469	0.342392658080978	171	0.0983836711513959	1.21719696177639	7483	0.524202289513992	3	2	1	-6.76474603349745
chr20	59275903	59529998	0.160355311516922	16	0.0948788481872189	2.31324574590459	709	1.23939712283208	7	6	1	-6.73781247684854
chr20	59530038	60327092	0.498885653980188	29	0.100481120938337	0.921856897993047	1722	0.469876132093781	2	1	1	-6.73310351704732
chr20	60440779	60956513	0.211038722083411	32	0.0993814539393381	2.22180427558248	753	1.91214341933461	5	4	1	-6.73795003508784
chr20	60956633	61331651	0.0770453037309957	39	0.0991497524671897	5.26578464951327	1317	2.57241828472386	15	14	1	-6.73364214675161
chr20	61331661	61899064	0.156314501219884	52	0.093587690064043	2.40024669325746	1395	1.63515673897448	7	6	1	-6.73819765378472
chr20	61899835	62178948	0.13578782656654	97	0.062932213436145	3.07155204590737	3792	1.07960657204841	8	7	1	-6.73747930235584
chr20	62184030	62855798	0.189855292795178	196	0.0792643452046514	2.2875027788601	8307	0.775218461775191	6	5	1	-6.73988821867974
chr20	62855950	64327831	0.150440598845462	489	0.0788062580315685	2.59049483725734	21987	1.26488100181576	7	6	1	-6.74806645309013
chr21	5034010	13036312	0.348273704981872	892	0.119959124477881	1.00993053061329	5700	0.447091533149138	2	1	1	-7.75943274683286
chr21	13238671	46697396	0.498895410447038	1883	0.0957440381546966	0.907567744782398	72636	0.637042985327863	2	1	1	-6.74515376775658
chr22	10633650	12705574	0.48394693593418	852	0.122861070314708	1.00594993984411	4015	0.640058097757638	2	1	1	-6.76629362586572
chr22	15563285	50808277	0.498909085807846	3849	0.100222399050548	0.865850615070592	157004	0.582162787649157	2	1	1	-6.96870641638458
chrX	256750	52862789	0.477190991386328	546	0.100750438903634	0.926070000769313	51017	0.396705092264292	2	1	1	-6.76779661139514
chrX	72912985	155997942	0.437780999721836	46	0.090295855640742	0.928711107152926	59166	0.483850371606484	2	1	1	-7.01685276527145
chrY	3066285	11788375	0.399704244200209	115	0.133361192932278	1.0757838548204	2675	0.378330438218494	2	1	1	-7.81985620674099
chrY	19413653	56885732	0.49870394855431	221	0.119475036247335	1.02010177719733	2279	0.336660920490628	2	1	1	-8.28614613116971
