chromosome	start.pos	end.pos	Bf	N.BAF	sd.BAF	depth.ratio	N.ratio	sd.ratio	CNt	A	B	LPP
chr1	65898	1627406	0.115077298430279	224	0.101189317355287	0.576791435766828	6534	0.182289117102718	2	2	0	-6.82553270062452
chr1	1640644	1668449	0.499100173028328	16	0.0907885593012688	0.737472567461732	367	0.245667730401583	4	2	2	-6.75204624023553
chr1	1676790	22639997	0.376431485579932	3875	0.0995186312472552	1.27603374206923	132159	0.46451498174975	6	4	2	-7.07285100637505
chr1	22644149	31254642	0.498880993507332	1096	0.0901740479892834	0.982430212578931	47915	0.347386275546481	4	2	2	-6.75872255247039
chr1	31267821	63111424	0.498883176909001	3009	0.0953799113015054	1.06961811306565	141774	0.417890690852577	4	2	2	-7.82192202336391
chr1	63212545	105490314	0.104078942533483	1014	0.100888492458822	0.558400088436188	51881	0.217179430810956	2	2	0	-7.063304947107
chr1	105518599	115879809	0.498851111697304	568	0.0892153181933897	0.965516365844734	33206	0.312597933168508	4	2	2	-6.73637060112217
chr1	115879936	116146925	0.128886960602241	17	0.120790563762728	0.529960474251109	518	0.201651888718292	2	2	0	-6.73923344877217
chr1	116170182	123176084	0.498857250144871	230	0.0956857511703115	1.00418747050832	12788	0.335559998456556	4	2	2	-6.81246700749162
chr1	123783762	145237533	0.369038461595749	46	0.133370473088264	0.810652208130618	2166	0.288504594367083	3	2	1	-7.5082474967533
chr1	145454020	248945592	0.414834270084018	6330	0.0970376532451915	0.826701574661793	295330	0.277647324972872	3	2	1	-10.6023036177723
chr2	41404	1008071	0.116736052933212	32	0.090473218279259	0.522817615973623	710	0.206872869548973	2	2	0	-6.75648065602413
chr2	1083457	13855927	0.498840889122309	793	0.105353640653831	0.857135940372716	21907	0.33373669978096	4	2	2	-7.4907876500539
chr2	13931185	23942754	0.498815240798961	416	0.098096717868305	1.07614242638417	16296	0.442308930257595	4	2	2	-7.11778742712884
chr2	23944398	88861377	0.376799231183501	3212	0.10798219551225	0.742923955234955	146318	0.272914573874822	3	2	1	-6.81453601877955
chr2	88861810	91891976	0.498707670887906	233	0.120446742849099	0.940595607135976	4631	0.292985912154838	4	2	2	-6.74074299242615
chr2	91916428	91987817	0.0837704998268282	18	0.142075477041151	0.803530732661666	146	0.247739487964725	3	3	0	-6.73643679381881
chr2	94216530	226087388	0.498901829390654	5792	0.0960725399687034	0.879838574360087	274370	0.31022491419168	4	2	2	-10.0456201212397
chr2	226126508	242004262	0.401610913774557	1514	0.101681561749368	0.697518131439833	46822	0.232542388658059	3	2	1	-7.67289820471752
chr3	13132	75515375	0.498918245049871	5112	0.0903050661824463	0.978377082045453	220326	0.345333705814519	4	2	2	-6.88676441409814
chr3	75515457	75790825	0.224014793035572	229	0.134290019848022	0.799236651920598	1194	0.321419811287858	4	3	1	-6.90320304906327
chr3	75822513	90613961	0.498811364766496	372	0.0954997033791529	1.16514103043728	11769	0.475421104069955	5	3	2	-7.19960057184802
chr3	91392513	93470778	0.335892521137153	9	0.0781936698205168	0.951063655502109	374	0.616750916706962	3	2	1	-6.97699287895538
chr3	93811022	97187313	0.114508535668061	44	0.11119214413594	0.624812177826554	1709	0.247034672933282	2	2	0	-7.30241804837299
chr3	97448782	98238736	0.49912405060614	75	0.0765448064037488	1.10971108683285	2209	0.284344502770001	4	2	2	-6.85608108729999
chr3	98387687	102489345	0.103303140956801	186	0.0966388267239028	0.608039623645254	7566	0.208627356652655	2	2	0	-7.36748313821205
chr3	102512389	106601586	0.00105575446423407	107	0.100134260954445	1.04214764302972	3024	0.453023902789335	5	5	0	-7.05518516827519
chr3	106681535	112155149	0.132439085209762	137	0.112299527502125	0.488760932900179	6353	0.19517455544941	2	2	0	-7.61231683128516
chr3	112168945	112277574	0.349926866769703	21	0.093012697545883	1.08819888038666	313	0.349402218125658	6	4	2	-6.76171109340261
chr3	112277707	121980701	0.147083121593387	324	0.112693548676544	0.424502631509924	13327	0.152484120975779	1	1	0	-11.8741714839873
chr3	121992499	130001031	0.0878664661225238	481	0.0830715815181411	0.66168281832595	25136	0.217327851074512	3	3	0	-8.05045403961168
chr3	130081130	130089776	0.433656720637905	20	0.140831468896618	0.842900420705256	43	0.238117720311755	5	3	2	-6.75782594854388
chr3	130092230	143415879	0.0853103485616334	577	0.085879219988386	0.668682608300658	28099	0.232368202858908	3	3	0	-8.281370363108
chr3	143456799	148536870	0.0540742810986605	160	0.0611380021476313	1.1176688788822	4494	0.437776652399818	5	5	0	-6.76161655290085
chr3	148628170	150527586	0.0375496747933734	187	0.0517316203381404	1.60320122345256	7568	0.654744154390336	7	7	0	-6.73690129598995
chr3	150540836	153267175	0.102003846768231	117	0.107879882116719	0.603938792288287	4633	0.245600492919281	2	2	0	-7.02575660099275
chr3	153276285	161159825	0.072624048078687	361	0.0758336357081021	0.903532417278451	13134	0.561604990798074	4	4	0	-6.78721223297915
chr3	161246483	176321854	0.177077934917116	299	0.133045836409788	0.386816504281299	10771	0.165280778092508	1	1	0	-10.0725676844075
chr3	176327120	184358170	0.121631903136996	272	0.110315834053373	0.535574837320907	15012	0.208293630872865	2	2	0	-6.76459952085385
chr3	184363583	184546992	0.453790349000557	43	0.0972292845612947	1.08825555015246	1197	0.409316014952938	7	4	3	-6.846421624872
chr3	184575776	193785537	0.106983877383397	343	0.097865078694841	0.526279126138566	13578	0.198320374161899	2	2	0	-6.90523446319613
chr3	193818241	195660951	0.419517377659403	239	0.0969792456492925	1.12880525493642	7093	0.445981222679982	5	3	2	-6.74314635303868
chr3	195665285	198150609	0.498799922455103	574	0.111483654741489	0.926208182424074	14281	0.328503989213318	4	2	2	-6.74942969894829
chr4	60507	49082354	0.498901802182513	3272	0.0944703290486492	0.953324574665554	103955	0.352932544716395	4	2	2	-6.74042212473497
chr4	49091966	49711644	0.342122916517114	135	0.135904529866569	0.714588356946662	1100	0.29924410532113	3	2	1	-6.75685668544511
chr4	51838815	190179539	0.498905977195398	5580	0.0959482851531431	0.85347319025005	208293	0.318011224039032	4	2	2	-11.3723899152071
chr5	109944	17207700	0.498896599809492	1324	0.0913861844165328	0.98981963082238	33276	0.362974934595527	4	2	2	-6.81180645037423
chr5	17230038	46381356	0.498869324870038	1493	0.0886895665752507	1.13493785558229	51992	0.462496993558253	5	3	2	-7.32602472879524
chr5	49599598	50280387	0.489610041890905	86	0.140609801990717	0.83730349896516	637	0.389001632496333	4	2	2	-6.78534247139111
chr5	50387865	116795789	0.498904754525226	2767	0.0870264580407878	1.00456644804738	114176	0.373184470482641	4	2	2	-7.3019413085575
chr5	116797068	181292406	0.379548798793282	3548	0.105051166070824	0.768085775059734	151906	0.2656988560667	3	2	1	-6.99473915952608
chr6	175346	58380586	0.44150499464288	5608	0.0964128394731312	0.853392360171782	181345	0.286382771384781	4	2	2	-10.1608216172313
chr6	61479262	79223539	0.474955976685534	581	0.108167607889433	0.863711267750721	20847	0.31988601932831	4	2	2	-7.72511760445116
chr6	79234638	103735369	0.328519110166813	682	0.117879100340289	0.722910281593081	27988	0.273150125707884	3	2	1	-7.06770566771536
chr6	104018338	122701351	0.230918345499435	627	0.11901809528305	0.636751448189785	29501	0.236211638673376	2	2	0	-10.1182523894828
chr6	122780228	148304229	0.498842744017106	835	0.094854380894425	0.882035345968256	44530	0.323692940461655	4	2	2	-7.60663433554138
chr6	148307322	161161503	0.498843754389721	859	0.105423292931866	0.629035156835339	30184	0.220849296626641	2	1	1	-8.94836638035162
chr6	161214126	170640200	0.292498027098444	424	0.105871766287259	0.959470588326133	15611	0.360042048834909	4	3	1	-6.73684291606425
chr7	31443	1636400	0.457942310351274	353	0.0873750619193088	1.31271071677523	9812	0.442354581680606	6	3	3	-6.87870308544813
chr7	1637902	10564136	0.363845952497191	2032	0.103183234229605	1.80072521105209	56487	0.78115443718722	8	5	3	-6.75671114211984
chr7	10691205	12393764	0.103835647528867	59	0.0895315198407964	0.623401916345369	1879	0.200767525355454	2	2	0	-7.18202026011447
chr7	12457857	13704234	0.290906185923977	108	0.122430783067155	1.88636157220619	2668	0.86751234149794	8	6	2	-6.75636372110041
chr7	13729972	14877256	0.106574472465192	38	0.0999148748638618	0.655191463706424	941	0.255818750568934	3	3	0	-6.9482605048687
chr7	14915134	16958179	0.295899672630342	142	0.0973365088979419	1.80736430405201	5051	0.737277437504539	7	5	2	-6.7772792927224
chr7	16958265	53102843	0.105546442258062	1526	0.101603295241946	0.579050217839386	56401	0.243111159664092	2	2	0	-7.87593994310692
chr7	53181265	54420343	0.499095240907016	45	0.0743355278925946	1.4151819942532	835	0.558852789915292	6	3	3	-6.73533873118399
chr7	54656634	58100473	0.0959683712381062	333	0.110503752462185	0.542746001472345	6961	0.219363071653293	2	2	0	-6.76181977260363
chr7	60958090	80097262	0.420086770900612	2134	0.10731582248339	1.16305117098515	75404	0.478751249519114	5	3	2	-6.7373729179962
chr7	80221905	96234796	0.404502691565135	627	0.0914124804301188	1.36171924116913	34302	0.510121707393896	6	4	2	-6.94725887527709
chr7	96267624	127592210	0.421487638205295	1627	0.0978213997076632	1.14462849466724	99937	0.415612953509238	5	3	2	-6.77538704239529
chr7	127594067	141743011	0.498875539307513	906	0.0954631962190222	0.955257944383988	48871	0.363456057392055	4	2	2	-6.73391903036964
chr7	141747751	159260906	0.360787741284888	1465	0.106377757732159	0.795847911371073	47742	0.279946025482814	3	2	1	-7.14145567868729
chr8	213553	17628324	0.170431263985514	844	0.134525817801068	0.364498698830422	16501	0.17609972829239	1	1	0	-8.26155139888906
chr8	17657297	20934843	0.0640646499139492	364	0.0629233577781433	1.00715078401531	8142	0.384044833747671	4	4	0	-6.76790463757773
chr8	20936276	25984451	0.0869895714168263	452	0.0735762569568429	0.722714879646658	15411	0.240647516030902	3	3	0	-6.81265464970465
chr8	26044985	34436452	0.166552524798002	379	0.128563350219859	0.341482443195005	12383	0.139248959615052	1	1	0	-6.79132160591951
chr8	34439310	37819600	0.0476502315196463	90	0.0756386780224494	1.10277034743238	4910	0.464957788759528	5	5	0	-6.76915553244308
chr8	37837668	41980985	0.178504858336325	234	0.122527359237781	0.355166717495353	8441	0.147329733606317	1	1	0	-7.01987300387176
chr8	42062172	42658299	0.337353699070362	88	0.108371149456314	0.876027608746722	3247	0.433861606984593	3	2	1	-6.80891736890168
chr8	42672243	43897482	0.333020234642573	120	0.105822103442668	1.39344774987024	5338	0.580128719676375	6	4	2	-6.74753019537005
chr8	45952261	51198572	0.356889285727811	245	0.0993515142599636	1.55923819446698	11863	0.784369989282263	6	4	2	-6.81863688258302
chr8	51218078	53856298	0.127581502629445	408	0.0722610348099459	4.2043183287058	15844	2.47226999204264	18	16	2	-6.73620345737889
chr8	53862679	55316671	0.167880466942219	211	0.101104197800631	2.86489192174541	9489	1.50468141131386	13	11	2	-6.7333552331904
chr8	55350843	56298602	0.189214737522948	607	0.0970771635618422	13.5323660512945	23421	7.92686476912927	17	14	3	-6.74861755294669
chr8	56312719	57131777	0.115436813638954	137	0.0885769121415628	4.62643651095331	4007	3.09556289439495	20	18	2	-6.73413773251634
chr8	57133403	65626921	0.352331921335469	542	0.114500750915237	2.09663825109065	20425	1.10877330669003	9	6	3	-6.74652711383093
chr8	65629577	69929506	0.498863431638624	418	0.109193767181653	2.31950571031985	23942	1.10085464182309	10	5	5	-6.7389914333483
chr8	69938549	70686528	0.31085825270952	183	0.115550175903735	3.25505266271822	7373	1.67484623170694	16	11	5	-6.73697877703219
chr8	70709299	82048604	0.498898969566249	1004	0.106446727090006	2.43785500530969	36100	1.17931182146431	12	6	6	-6.75693618487819
chr8	82051885	91388237	0.457080401617373	774	0.125419767877451	2.81613957189676	26914	1.5631709347907	13	7	6	-6.73452280572429
chr8	91388238	106588323	0.267932596680568	1049	0.103771796218816	1.47840886948516	48626	0.631743834416765	7	5	2	-6.9010050242246
chr8	106590051	109755162	0.336303098519657	324	0.113470864088117	2.66847098452859	12045	1.12722853091422	12	8	4	-6.73499408326278
chr8	109791078	125846387	0.298906496939202	1067	0.110948002408892	1.38930894007706	35322	0.581954480773333	6	4	2	-6.8580428795341
chr8	125850488	140815170	0.260266042327926	1130	0.106699241037456	1.58365225397859	35452	0.660502103374037	7	5	2	-6.8298642518401
chr8	140833204	144498036	0.399357020554714	726	0.0816889440809891	1.68802168316547	33053	0.514767009996978	8	5	3	-6.78035823923363
chr8	144507174	144942258	0.0631344238203679	89	0.073697924430562	1.13675924627646	3685	0.367468716275218	5	5	0	-6.7397459450203
chr9	117713	2303095	0.114774221847944	216	0.0993337624420609	0.562678212916694	3246	0.214526401588625	2	2	0	-6.76463139578149
chr9	2388753	9818644	0.148050390884496	357	0.12219854205805	0.417410742868308	8742	0.158077802292729	1	1	0	-10.7156972135977
chr9	10000548	25647494	0.112755730182902	575	0.109754210337762	0.519312773246607	14955	0.212759523907745	2	2	0	-7.1739544374305
chr9	26116018	28327943	0.285920713257529	141	0.104093356411625	1.34175917645945	4900	0.556675949388032	7	5	2	-6.86192206337407
chr9	28883258	30087560	0.0747179638239439	19	0.111583734587804	0.661452278018782	383	0.303164042604826	3	3	0	-6.86608124196947
chr9	30213719	32126398	0.49850751871015	50	0.13309097855012	0.936605417167128	927	0.444266419000587	4	2	2	-6.73624959887564
chr9	32149095	33394839	0.498739842293788	86	0.135886059637589	0.606141144517407	3850	0.202605996718343	2	1	1	-6.93427513731911
chr9	33417882	38713294	0.341222123964665	774	0.107505175246534	1.0152596821975	31034	0.33673073211728	4	3	1	-6.98872364007816
chr9	38732432	42975009	0.498722797038859	510	0.13185495810944	0.777217011108594	4078	0.325776884162417	3	2	1	-7.34156637448814
chr9	61173464	138130794	0.356589906483922	4780	0.109679175277865	0.755367116857531	202334	0.262321872186424	3	2	1	-6.75080600305512
chr9	138141483	138177303	0.135273389686364	28	0.146979225937351	0.690853000985226	147	0.226052188921715	2	2	0	-6.76317554745915
chr10	47876	6277739	0.114367782532827	339	0.100132244859988	0.548044441833593	9824	0.368601296529464	2	2	0	-6.7359667613502
chr10	6278566	6753165	0.0719480991239587	25	0.10330779254248	0.978026365881134	1048	0.374551315419286	4	4	0	-6.73463998280326
chr10	6802796	9708045	0.105623245803441	106	0.113582755372721	0.49685758705596	3708	0.203607665286243	2	2	0	-7.0782958444282
chr10	9722421	10322566	0.431752897828393	18	0.110014511817567	1.07544823048557	495	0.484885442770056	5	3	2	-6.76378164067139
chr10	10479447	29711915	0.116364501981985	975	0.11309789074543	0.506582352940395	35755	0.194800653501385	2	2	0	-8.01557620267802
chr10	29720069	38455661	0.0879726320919864	491	0.0955018957679156	0.569833606656997	14183	0.236575601014619	2	2	0	-6.98471941831882
chr10	38527549	39131435	0.498359443643253	65	0.174876938874169	0.567708244550451	333	0.224637538811126	2	1	1	-6.74536301230074
chr10	39967657	53528357	0.311718437557456	784	0.11488154317212	0.678048665334378	21003	0.239322670079646	3	2	1	-8.06978904606775
chr10	53574980	125881862	0.107183255577519	3325	0.0975723878551932	0.541033308661788	138811	0.199071775623154	2	2	0	-6.79252264181866
chr10	125896668	125917965	0.490357677920952	15	0.145898627559719	0.609540030244938	72	0.217215412002159	2	1	1	-6.73907462592545
chr10	125918008	133689420	0.0942272745576059	517	0.0991957883040161	0.640273443598583	13922	0.210912789049343	3	3	0	-8.66010304898579
chr11	262189	629962	0.426360033024493	174	0.0766951450402133	0.914443916505031	4312	0.252199795777644	5	3	2	-6.95402827614083
chr11	631966	20586682	0.43353455288874	2091	0.0916641305646063	0.792527283656731	71580	0.245567034941738	3	2	1	-7.58529017826914
chr11	20586748	49385956	0.43497274837185	1352	0.0978976603765382	0.814125660427802	52659	0.308779365217037	3	2	1	-8.02342953211426
chr11	49388651	50083882	0.323516852968408	97	0.104373315983287	1.81025838995278	2017	0.709881309340527	9	6	3	-6.76433052177152
chr11	50090417	50512765	0.499052445622971	34	0.0909622407019066	0.842967205497498	548	0.327612594318947	4	2	2	-6.77188654810829
chr11	54592041	55604331	0.407509587607174	46	0.0862422719355133	0.891017038066294	1247	0.276518448068137	3	2	1	-7.11479226078513
chr11	55721744	55889189	0.147236156900186	19	0.0588963804128148	3.21048174146083	1531	0.773953373857177	15	13	2	-6.73318363913314
chr11	55948658	56743218	0.371312016280371	75	0.0934146003982652	1.61740848160987	3525	0.712917275976158	8	5	3	-6.75360105847233
chr11	56744269	58423105	0.161512350754099	244	0.0787129368133153	2.83773110658293	16970	1.13259511045194	14	12	2	-6.73736620518803
chr11	58439208	60092705	0.36722150275934	77	0.0996500695616233	0.763630550746671	5028	0.232377937259057	3	2	1	-6.73905954566983
chr11	60110494	61502177	0.207076201954947	217	0.0923767865111355	2.16281032783171	14040	0.842002667964991	10	8	2	-6.74148952110376
chr11	61502178	62041328	0.158969049489599	141	0.0822637195500219	3.00109951962516	9972	1.38854358386895	14	12	2	-6.73308644460541
chr11	62044663	66987036	0.113988489923521	323	0.0906077402356983	0.579232200262028	34261	0.17724143933171	2	2	0	-7.07294194512331
chr11	67035722	67393178	0.16000414945439	46	0.133203801210794	3.24683844462469	7654	1.49725638855553	14	12	2	-6.73359482261343
chr11	67393462	74554169	0.182240011906631	1382	0.0974796101140557	2.61191185484747	77202	1.16471118359084	12	10	2	-6.73310828966229
chr11	74556142	78508929	0.144334771735234	772	0.0745455924153003	3.21413547922801	44017	1.53923114148996	15	13	2	-6.73464307935412
chr11	78521399	80585678	0.0731126317934692	38	0.0931766550534074	0.583549231291229	1684	0.511552581993396	2	2	0	-6.90363699409317
chr11	80641568	82102543	0.498468331427377	46	0.134619434965875	1.89905600492969	1350	1.39374940286614	8	4	4	-6.73478932275069
chr11	82658127	135010135	0.109112743284871	1694	0.0974364707597049	0.548411107938344	86892	0.190504634268278	2	2	0	-6.78045171555004
chr12	12259	60264	0.257634744150729	34	0.117707256435059	0.939814555356587	174	0.47436404115261	4	3	1	-6.76323889062161
chr12	91441	311455	0.17485108778323	64	0.0940604739933684	3.13236861398739	2943	1.1046962097307	13	11	2	-6.73588403445491
chr12	314315	980194	0.225463159817355	200	0.108206227702327	2.17511893679702	7752	1.04948675301052	10	8	2	-6.73606936866587
chr12	991691	24267267	0.313338659384053	2483	0.103535464394085	1.50450035625148	105054	0.565234701158176	7	5	2	-6.84043521187798
chr12	24286727	27330385	0.416734160449367	257	0.101354634259828	1.26120172665867	9141	0.485406569089065	5	3	2	-6.78255941800864
chr12	27336688	33824537	0.498863880358522	617	0.0958819219186251	0.945192167091495	17480	0.352152313433704	4	2	2	-6.73937905283004
chr12	38082135	62072192	0.498911838019597	1733	0.0891424172049643	0.903193727452856	99713	0.284290186227082	4	2	2	-7.30691222825887
chr12	62079402	125326510	0.498887905799896	4051	0.0984792744157257	0.796711255764695	168135	0.298330151317335	3	2	1	-8.8883113892484
chr12	125348393	133224299	0.422374989085631	601	0.105526254365965	0.86425386782453	19344	0.306102011886849	4	2	2	-7.53944588371731
chr13	18177561	98186625	0.34782546352504	3279	0.111082333315599	0.800738550022542	115737	0.310817328017971	3	2	1	-8.26813376189338
chr13	98219733	102971314	0.125477278670424	281	0.123904702975393	0.468055800495236	9271	0.170539016175379	2	2	0	-8.41507294146407
chr13	103046013	114354016	0.103514470098361	566	0.0938935737562493	0.600747638662924	14724	0.216764480548365	2	2	0	-7.89076358045149
chr14	16099245	16402213	0.18331224275686	2	0.0848528137423857	0.780229785609769	18	0.216029742566163	3	3	0	-7.42677543348034
chr14	18314273	19716953	0.32885861848772	90	0.140931814734979	0.809555100723723	1330	0.28506460132981	3	2	1	-6.82313503600582
chr14	19733813	66013530	0.442922188175563	2766	0.096826834166824	0.827340304117888	113675	0.291266684323893	3	2	1	-9.20768364949013
chr14	66046382	105770121	0.364680075387189	3062	0.108237440506296	0.736508597142629	108611	0.263561057770484	3	2	1	-6.8724378808771
chr14	105770768	106874644	0.498992309284987	237	0.0860364229445225	0.837908740090308	4917	0.200049786488983	4	2	2	-7.01895140399658
chr15	19848395	23090713	0.496189901471227	497	0.121135763132221	0.776640895237378	7364	0.278654773459612	3	2	1	-7.41530796905046
chr15	23091816	28465091	0.498788389689853	475	0.102513880721673	1.15811344616525	15561	0.454057870909075	5	3	2	-7.14239042619513
chr15	28523827	32815104	0.3016331444011	407	0.122620562313497	0.667923663085633	9649	0.252733195058433	3	2	1	-7.39197790095833
chr15	32823386	44828219	0.144258811805305	896	0.112988213153418	0.401487183087361	35183	0.141157752080776	1	1	0	-11.4274584901094
chr15	44831416	61734602	0.443839122800539	1151	0.102426129682337	0.813236670359661	43395	0.284140309492646	3	2	1	-7.78312108648389
chr15	61748028	77052451	0.221090942718526	1044	0.120020832213852	0.636822209671967	51469	0.227530158667214	2	2	0	-9.81204306783195
chr15	77079666	94817637	0.246033838988222	1814	0.110770305193568	0.892221171185128	57176	0.310102605675286	4	3	1	-7.32547394733826
chr15	94848854	96541019	0.0734020831151312	56	0.104698472433317	0.73687315048418	1408	0.351450162573261	3	3	0	-6.74631503768734
chr15	96541108	99122641	0.255318799153986	156	0.106579306205127	0.889963741753881	3589	0.36672981238849	4	3	1	-6.83942700921663
chr15	99126774	101752523	0.0774321996032366	292	0.0758104840200915	0.762373307058977	6832	0.250884463158581	3	3	0	-6.74748773524173
chr15	101752636	101954140	0.48496999058889	25	0.171552780993683	0.588812602153258	507	0.232200649939931	2	1	1	-6.7512080373813
chr16	11730	16454357	0.103732848998783	1964	0.105064601472836	0.548462990964391	60356	0.18658616629321	2	2	0	-6.76088050158448
chr16	16454405	16640006	0.493847123467536	30	0.140455437363804	0.466026028825254	273	0.212659586513395	2	1	1	-6.79349149111792
chr16	16647684	30749091	0.100630908266327	922	0.113921277613763	0.522663618908778	45533	0.189296224147612	2	2	0	-7.1277418322837
chr16	30759629	31506885	0.499190554070557	48	0.0799346780079019	0.968334063175343	9792	0.266695770292847	4	2	2	-6.73372835487033
chr16	32101910	36104257	0.495774041866683	127	0.131524590515467	0.902367079847506	4091	0.325183811970373	4	2	2	-6.81564581597133
chr16	46386256	46401545	0.457958097179821	61	0.107856765977908	0.796349793903877	922	0.176529999451891	4	2	2	-6.83294618217395
chr16	46914184	55760723	0.102334431594232	301	0.0962127792581645	0.525070112590818	14768	0.194564786258011	2	2	0	-6.93612145315317
chr16	55820284	55828989	0.412522078353212	16	0.0417915461945754	0.490835839695671	110	0.0877755382833629	5	3	2	-7.20216494339562
chr16	55848129	74360773	0.106655595032677	862	0.0978590854644429	0.523864254504141	52415	0.185050861198863	2	2	0	-7.20042053173081
chr16	74364020	74414127	0.321605836706736	23	0.149505390070322	0.408424455608788	158	0.205316616485169	3	2	1	-7.03147360466797
chr16	74417986	90173575	0.106400591089913	1697	0.0966998821190197	0.54403563991853	38714	0.196669531166312	2	2	0	-6.74522207321437
chr17	156324	7497496	0.442009430592819	1520	0.101216546018086	0.837710452219557	50139	0.272052743553359	3	2	1	-7.71203718633224
chr17	7509719	10755721	0.141131459424772	339	0.108829813772293	0.415737473394201	16057	0.13754303469014	1	1	0	-9.59743481238407
chr17	10799294	14161873	0.111202340688106	636	0.0704758697864467	2.86460737836404	22119	1.51769101739917	12	11	1	-6.74630568153397
chr17	14166952	16337989	0.142337348645834	392	0.0762106800182144	2.32432769258859	16008	1.0581388584187	9	8	1	-6.76370696222869
chr17	16421475	17224157	0.275710828251904	98	0.126230273918105	0.925622497263249	4235	0.32314906361236	4	3	1	-6.74133560291516
chr17	17226117	18919313	0.186843554773446	373	0.105150766676213	1.25082779969455	14721	0.445823756127956	6	5	1	-6.78408266068206
chr17	18924480	19468687	0.379481486520283	24	0.0677588301107023	0.70264176166777	1981	0.220823824623434	3	2	1	-6.80158499681884
chr17	19469986	21291039	0.172836804828245	107	0.126090632665229	0.312846946934873	4672	0.154087754527924	1	1	0	-7.0068180678091
chr17	21291051	21844964	0.498716649466989	282	0.126367189435035	0.412291382996465	1344	0.174881987828528	2	1	1	-7.47580290599648
chr17	21847190	24421438	0.289999069296201	113	0.12210106549885	0.673513977077536	1001	0.324290841822445	3	2	1	-7.10845129845657
chr17	25389878	26952458	0.411226086772937	15	0.142921490269841	0.596942192956241	168	0.187050279604404	2	1	1	-7.17288013631355
chr17	26952542	35265572	0.104002857215774	333	0.097192643570288	0.547990109558241	28640	0.187191009699041	2	2	0	-6.75444207943453
chr17	35442015	36834695	0.26077919555335	71	0.113758342829791	0.657324758183646	5484	0.225450195469221	3	2	1	-7.45861251460577
chr17	36836644	52944217	0.111548865905723	1133	0.103097684583754	0.552573193676868	73291	0.186317330423042	2	2	0	-6.79405514150741
chr17	53224895	56042014	0.246463597986774	84	0.126994280141883	0.706852787054542	2904	0.281477767386476	3	2	1	-7.27448202728531
chr17	56070985	59319374	0.498824195890603	269	0.105209436209202	0.880739498008074	14280	0.311376957840168	4	2	2	-6.87416078734444
chr17	59395801	61408032	0.498785879285455	270	0.0969583972636972	1.12126566417494	11872	0.422832061101686	4	2	2	-6.89450146278867
chr17	61412461	83158753	0.366759067453926	2806	0.105699570194144	0.823113063055069	104191	0.281157461655323	3	2	1	-7.85626300582146
chr18	49125	108232	0.0895967151847967	18	0.166347105406509	0.682504687231573	147	0.354227560958615	3	3	0	-6.73581295773478
chr18	110425	15341512	0.423331374948774	934	0.104214276080902	0.810503047993769	35535	0.296043276190379	3	2	1	-7.47240956331735
chr18	21006451	25881863	0.498757274489619	233	0.101287652298855	0.787772542429871	14380	0.293149338733107	3	2	1	-7.73588659144821
chr18	26079782	36170351	0.327089144497504	540	0.103817586498654	1.56477224823946	25903	0.637496661441831	7	5	2	-6.76530503595331
chr18	36179233	45943346	0.243239910529765	451	0.105780510227201	2.17981329227856	20682	1.32296377174948	9	7	2	-6.76003847692792
chr18	45946806	48520545	0.139597927739915	332	0.0893580084520509	3.45743579050993	20538	1.77520124477583	16	14	2	-6.73304861212975
chr18	48552014	50123613	0.300895720186216	191	0.102458407237071	1.73707766540707	6819	0.658188696260614	7	5	2	-6.75299864578051
chr18	50157167	54055970	0.498734128191966	142	0.103198384448556	1.01730518718665	6447	0.419429164720401	4	2	2	-6.77965797274042
chr18	54127176	60624246	0.114824664612847	275	0.103684913051157	0.554194944742783	9838	0.205752757189437	2	2	0	-6.76198016414755
chr18	60682962	67842381	0.375802656832783	348	0.107020893731029	0.90101090429308	10117	0.563348014832327	3	2	1	-7.15707170053817
chr18	67906718	80174701	0.11854264350429	458	0.106403804625167	0.552642895318902	11753	0.211797792825934	2	2	0	-6.76745758322161
chr19	93226	1696089	0.0910283247096827	418	0.0869339485857163	0.744335727068483	12481	0.228846435038809	3	3	0	-6.73610910272864
chr19	1709130	12038536	0.184368930361875	2207	0.106343724396631	0.759250819527976	86141	0.257390974326807	3	3	0	-7.20785092508852
chr19	12051026	20863248	0.15549133704194	1735	0.098899234705954	0.871051547289821	74401	0.290544215698539	4	4	0	-7.69373665213253
chr19	20863363	24394203	0.197269553947476	375	0.10934020564463	0.688518027985524	12068	0.233845033105572	3	3	0	-7.57332012811658
chr19	27392054	32376748	0.498720884304425	313	0.115177542453977	1.24559057453711	9620	0.586259074974298	6	3	3	-6.81405168486954
chr19	32408387	33409362	0.499143162465799	319	0.0798044539635458	0.887849796304609	7085	0.303883062457669	4	2	2	-6.77113794849837
chr19	33411903	35532903	0.339896897137771	369	0.102697431040927	1.33559322364873	15905	0.55064876728962	6	4	2	-6.74109102216797
chr19	35538760	39877634	0.101399282221404	601	0.098175564835564	0.530313809479757	27085	0.172846302579322	2	2	0	-6.81616092903208
chr19	39877640	39902512	0.431871241173855	30	0.145917532999916	0.619827400525097	233	0.1761751030594	2	1	1	-6.86907469747721
chr19	39924363	58571238	0.103483467859139	3103	0.0947203022637747	0.539659649821758	119723	0.17562456810361	2	2	0	-6.78223265753619
chr20	87623	25908917	0.498892132676407	2219	0.0964202717301615	1.04378675897383	70604	0.38704425250246	4	2	2	-7.40153981549476
chr20	25908950	26119345	0.498278820031034	28	0.153899317737279	0.932118507143165	321	0.331932155948543	4	2	2	-6.73400696185698
chr20	28559177	31274100	0.268221728212465	890	0.141971985158022	1.20662854238886	4878	0.534303550654735	5	4	1	-6.77522089832655
chr20	31274572	39193249	0.347432945984299	1396	0.0975257025679249	1.30912015272848	64590	0.489817477942752	6	4	2	-6.77731634599455
chr20	39228883	40910878	0.162839144058277	87	0.101699969129446	2.63075524039421	2996	1.57982651248042	13	11	2	-6.7378875564051
chr20	40953076	45220030	0.263204016358323	444	0.106205652921032	1.75778302897317	24639	0.688452306346531	8	6	2	-6.73583181901541
chr20	45291806	45693861	0.395851131606762	58	0.0955806798688225	1.15270171311794	2757	0.349347979246623	5	3	2	-6.74873837471944
chr20	45695999	45803554	0.226188314815123	77	0.0956915863555836	1.94487158112902	1217	0.841416914570012	10	8	2	-6.73900285631474
chr20	45815127	60308674	0.498865188320358	1633	0.0965378250011372	1.07453524027167	55205	0.393360548018231	4	2	2	-7.38805296607091
chr20	60335724	63852688	0.423491252351435	442	0.089287700358576	0.857939354134418	14317	0.242140131039187	4	2	2	-7.5575846660293
chr20	63887336	64327831	0.0921030280455062	57	0.0983471900945764	0.625919335511571	2169	0.188147373558347	2	2	0	-6.921838829557
chr21	5033884	5247778	0.450930833820416	42	0.127268479875429	0.619388753891458	261	0.211038173348045	2	1	1	-6.86814670270521
chr21	5247825	9348099	0.413370440761144	120	0.151401474373855	0.419452968197625	770	0.212982049348542	2	1	1	-9.33461154612053
chr21	9361145	10446340	0.429780676667429	526	0.137903331410268	0.776807953955291	2422	0.319115442406068	3	2	1	-6.88020020587259
chr21	10447600	10737112	0.256568226629747	153	0.12026794453624	1.0083976727008	1602	0.331221290485359	4	3	1	-6.76833864274047
chr21	13000722	23934733	0.498823592000645	502	0.10251691118925	0.839190095414646	10593	0.344917994443313	4	2	2	-7.57863301102487
chr21	23946144	46663614	0.418147642618236	1763	0.104065410268998	0.669378643850695	54211	0.235796733322374	3	2	1	-9.12460937806286
chr22	10662913	10746653	0.492746822540028	81	0.167222991877151	0.52099088216174	314	0.247301322848824	2	1	1	-6.73578304279356
chr22	10747317	12797396	0.293099115510917	657	0.129397658241214	0.621132018959128	3025	0.242666539132731	3	2	1	-7.5774313614398
chr22	15314315	16696923	0.498674209572687	158	0.138970641910691	0.988680683753288	2185	0.442039105205458	4	2	2	-6.73712167548149
chr22	16697016	19533251	0.305346718754751	579	0.110264157182397	1.67027943101598	20116	0.699315750163149	7	5	2	-6.74403280396751
chr22	19536111	20508359	0.143694001099243	286	0.0962179176790526	3.3335120370156	16245	1.43225480927734	15	13	2	-6.73456882826523
chr22	20510055	22899525	0.190927915834123	692	0.0941627512071391	2.3590304055614	27414	1.0594025166608	11	9	2	-6.73806859994553
chr22	22901301	23927818	0.209470641463427	419	0.093027370932969	2.25383479805158	11612	1.04332611512461	10	8	2	-6.73818521995326
chr22	23935395	24059442	0.498617895117292	106	0.126169956612034	2.5040434777314	1225	1.83430899838512	12	6	6	-6.73314293242395
chr22	24060734	26547679	0.221018608527232	634	0.101383607407768	2.05894182037304	23319	0.856906439331437	10	8	2	-6.74260115549639
chr22	26548345	27462082	0.172908394148152	174	0.091325610055576	2.49160483806428	3956	1.45970765910487	13	11	2	-6.7376624470997
chr22	27484246	28228437	0.232146639545348	40	0.110192928131784	1.24797161524857	2608	0.481484063006727	5	4	1	-6.74210150334823
chr22	28297237	31966935	0.110427617584033	411	0.0972906093459386	0.518349953899817	16735	0.18290794084705	2	2	0	-6.89627155573799
chr22	31967838	32754499	0.498778080883506	192	0.0923545054925482	1.06941802315175	4537	0.379806214444165	4	2	2	-6.77200427193753
chr22	32757361	35644706	0.271128055101794	453	0.10024179586657	1.62175093829981	11351	0.731078194930808	8	6	2	-6.76372349627876
chr22	35659868	36129065	0.0959281143724353	141	0.0636640721528245	4.26828940207316	5757	2.24352440819779	13	12	1	-6.74265125107941
chr22	36141452	38286756	0.168844002021467	926	0.0841363973799498	2.91690928891411	36170	1.3229660156924	13	11	2	-6.7339351358334
chr22	38289125	40080114	0.216940833640332	386	0.1047441720509	2.22728753655237	20203	1.00426799966135	10	8	2	-6.73322778830067
chr22	40099891	40596511	0.254922359092254	102	0.0961620445290055	1.95993424503071	4880	0.98565662085509	9	7	2	-6.74670185350392
chr22	40598904	40921079	0.344772427667291	53	0.0989401638528159	1.24997678062584	2365	0.564306213819712	6	4	2	-6.73954661160793
chr22	40937221	41989436	0.271344352036827	390	0.109315409271093	1.70741337535763	14928	0.654312841012352	8	6	2	-6.73652423695117
chr22	41994056	50808390	0.108252031390948	974	0.0989894560771548	0.554898844060329	27518	0.192800741127751	2	2	0	-6.79016736558339
chrX	256959	57431787	0.498795541338027	600	0.108747751177664	0.940260102075013	60759	0.32318842388077	4	2	2	-6.85382570757182
chrX	65956689	155985886	0.325029508951425	55	0.136272582844154	0.954441078831983	71209	0.31497473544376	4	3	1	-6.79720693017699
chrY	3851372	5509868	0.415003395147734	15	0.0863455405967927	0.891722237685035	376	0.25788535618792	4	2	2	-7.34181088717051
chrY	10796678	56884027	0.473626573755942	305	0.155434581216548	0.676876690022121	5065	0.282519874269161	3	2	1	-9.48320767524002
