chromosome	start.pos	end.pos	Bf	N.BAF	sd.BAF	depth.ratio	N.ratio	sd.ratio	CNt	A	B	LPP
chr1	13273	124514261	0.433228852908908	8369	0.102544934204852	1.00702276616749	365306	0.334813559794012	4	3	1	-7.05413265329316
chr1	125015362	248945614	0.423324848300027	7015	0.103592301589197	1.0389944196515	298511	0.330222392501077	4	3	1	-6.7859999621962
chr2	92957	92005918	0.49889599143451	4892	0.102924775134905	0.893129401975629	176180	0.305198886977307	2	1	1	-6.85510896932325
chr2	94190317	242183310	0.498909515220303	6871	0.102452373003747	0.894102784813269	286420	0.293079892114634	2	1	1	-6.97444015180564
chr3	51248	90303845	0.498895084212065	4719	0.102595951118072	0.944889002666226	192963	0.30732952165619	3	2	1	-6.87993826747399
chr3	91344460	198120733	0.498898314979236	5371	0.102017398232424	0.944819282064445	196351	0.318831085688109	3	2	1	-6.88826250530773
chr4	44248	48928889	0.498876727706565	2396	0.100194813986843	0.928408096363102	86355	0.31086844171799	3	2	1	-7.05264906359268
chr4	48959348	49711890	0.47422892104811	197	0.129700227329147	0.874185582901174	1977	0.319657796465251	2	1	1	-6.7568376328804
chr4	51838815	190179926	0.498898153767455	5336	0.103334405840137	0.929061510736707	190428	0.318493331957345	3	2	1	-7.3809889625045
chr5	49766	916991	0.288222625910965	291	0.0993165322344077	1.88318530711686	6608	0.557255757668349	14	12	2	-6.73866023173404
chr5	927510	1880777	0.38476621317157	123	0.114707644307321	1.59169321418178	4883	0.676988885292836	11	8	3	-6.73497414288915
chr5	1917223	3840865	0.242509597218126	118	0.111040152519411	2.15799500434066	2887	1.16371822520895	19	17	2	-6.73354837843429
chr5	3992680	6037316	0.355620424276755	109	0.104285212463542	1.40052347836141	2850	0.674417412124971	9	7	2	-6.73989858787761
chr5	6182993	8280702	0.239448188199914	205	0.101433823571446	2.05880611174945	5272	0.850314996518053	19	17	2	-6.73646022035524
chr5	8361166	29651645	0.498802643797841	806	0.111830864347069	1.20196188625768	24073	0.559617985742294	6	3	3	-6.74749906578532
chr5	29665758	35396070	0.403511956890916	298	0.114801770460225	0.838955129127725	10192	0.293347571668185	2	2	0	-6.82996936464684
chr5	35641517	36334271	0.188218200933444	88	0.0944264958255764	2.38669932039888	4279	0.910625479274494	20	19	1	-6.74138332988247
chr5	36335289	46206800	0.498826954699901	346	0.104218495709503	1.12514191860827	18254	0.468353978459351	6	3	3	-6.7927503256253
chr5	49599598	50377841	0.313612998537561	61	0.116951573276306	0.752847356887457	574	0.301008237196403	3	3	0	-7.21268371573315
chr5	50387855	181292406	0.498924359520935	6936	0.0963001898530936	1.02184249581248	256886	0.34058934498995	4	2	2	-6.77474994066216
chr6	164113	60964236	0.498911900282245	6011	0.0960558824022746	1.2682357250591	208028	0.403170957840317	7	4	3	-6.81319688402918
chr6	61182047	170640200	0.376751532190005	4141	0.114521323731304	0.889098415994955	163421	0.3040783003093	2	2	0	-6.86913243604824
chr7	31430	58091558	0.498893357361723	3714	0.098291382468929	1.07964502255402	130147	0.368013639170993	5	3	2	-6.93175338537641
chr7	60981598	159260906	0.498905199705477	7160	0.100775153122452	1.08270621326986	258564	0.365231281452513	5	3	2	-6.97005625432134
chr8	213553	12532846	0.498863199401565	809	0.103605579443689	0.988349940984361	19190	0.327332384515365	4	2	2	-6.84795015260159
chr8	12538670	12606355	0.368304535211845	54	0.148763002180011	0.962381463289557	478	0.320786599447124	3	3	0	-6.73850208426738
chr8	12626473	43510803	0.498886285054022	1779	0.100043691726275	1.00387975275768	73401	0.341183276901893	4	2	2	-6.83569709505685
chr8	45952307	145072669	0.498911979348679	3808	0.0978551208936379	1.0048693226126	163446	0.342946038439469	4	2	2	-7.02493798431199
chr9	12704	39445236	0.498871772892828	2025	0.105112242273776	0.846588278873399	65117	0.287448002267666	2	1	1	-7.14005384661064
chr9	39454664	43253957	0.425011427658239	312	0.13600447991432	0.848877767444543	2735	0.344256250863312	2	2	0	-6.76153715894892
chr9	61562437	65658031	0.498575626449652	144	0.133799009059017	0.870682049904911	1709	0.319839791223576	2	1	1	-6.73597761985181
chr9	65693752	138199123	0.49890948700808	4559	0.103106075584282	0.862046468524126	188015	0.281866552379468	2	1	1	-6.96363814000224
chr10	47663	39475684	0.420268753435955	2505	0.113149568249897	0.852057555234275	76618	0.305619668462335	2	2	0	-6.99172047091323
chr10	41858434	42279966	0.45561917047244	64	0.136589393623359	0.765622892037718	590	0.330988380573379	1	1	0	-6.73909747106472
chr10	42279990	133787118	0.422126265961822	4384	0.106572961431031	0.860233713291478	192636	0.286512437015311	2	2	0	-7.07084911184483
chr11	192997	50512765	0.465440418203519	3236	0.0971621689628449	0.936195834527894	125151	0.289357537072622	3	2	1	-6.87504028213593
chr11	54591582	70799089	0.498881323760139	1674	0.094081658572288	0.963803299735538	89074	0.291961044951827	3	2	1	-6.83899649516168
chr11	70807446	74100598	0.374368894208631	431	0.103653327294464	1.40548420342609	18637	0.469023851902326	9	7	2	-6.73626129489073
chr11	74113659	81802771	0.421459283490671	594	0.0980766167991112	1.2043426339143	21862	0.400334057119588	6	4	2	-6.75965051773287
chr11	81802851	92815307	0.435693874362833	259	0.116664478145347	0.855627491465176	12736	0.292615181689991	2	2	0	-6.81342602629975
chr11	92957004	94869126	0.337834568964695	123	0.0964999476893039	1.52126481898368	6504	0.525393922611209	11	9	2	-6.73750596099866
chr11	95043361	135028117	0.387415002254681	2229	0.108269132219906	0.845756367713366	80882	0.274487679326146	2	2	0	-7.24223200385277
chr12	13189	34523014	0.498877745350274	2482	0.101418956250467	0.878068792693467	85491	0.286403139238489	2	1	1	-6.73468534507993
chr12	37418138	133231689	0.498903217663977	6580	0.103401126361461	0.882993728177604	257474	0.291431041566898	2	1	1	-6.73955012004487
chr13	16688991	16689134	0.231	1	NA	1.513515853188	5	0.154953864101545	10	10	0	-5.76441205269809
chr13	18177561	114320718	0.498889115035207	3747	0.101085037028945	0.996692343971984	144946	0.349322903506889	4	2	2	-7.20264955719074
chr14	16037128	16402273	0.403108630617672	4	0.0335	1.09136986076595	48	0.360429028607742	5	4	1	-6.74507803071732
chr14	18330642	19935544	0.316956434252472	138	0.113161054038318	1.02731074236638	2419	0.319357575228293	5	5	0	-6.7912811791272
chr14	19935750	106874951	0.498915728193724	6072	0.0974569406825608	1.01981100063516	230287	0.335058052828886	4	2	2	-6.77794016302904
chr15	19685284	25251128	0.498756921940303	497	0.119093772794277	1.02664216778012	11341	0.339600253613893	4	2	2	-6.73338860493752
chr15	25252398	59753795	0.393618124938954	2339	0.114906252087662	0.849047539184949	92989	0.281375651330173	2	2	0	-7.0767095394039
chr15	59790276	101980715	0.498887158277741	3482	0.0976492209931751	1.0825525658333	132171	0.376372852305049	5	3	2	-6.87244061389772
chr16	19823	5073269	0.498907071942142	1401	0.0857965273554276	1.04753910959582	49242	0.304541089842008	4	2	2	-6.74252317883677
chr16	5077720	33742007	0.498878021810071	2506	0.10752751526724	1.01794926437416	104374	0.340864632742237	4	2	2	-6.7532457728238
chr16	33745377	35143453	0.498662248387897	104	0.116639928610354	0.875734658375179	1872	0.326597864306549	2	1	1	-6.73331848915161
chr16	46384562	46981352	0.495946213588404	86	0.108615354402765	0.886286835088465	3941	0.308970749600008	2	1	1	-6.73403942578923
chr16	46994926	90166438	0.498912800566288	3954	0.0922989308924509	1.02159809206018	140015	0.331325754474728	4	2	2	-6.7485892212836
chr17	84658	22715632	0.498880999533341	2783	0.104223826636816	0.915748297337221	109465	0.291585674851203	2	1	1	-6.97261992143777
chr17	24421438	83194874	0.496688663359699	4937	0.0985173329266288	1.0122570377423	270927	0.326552922759312	4	2	2	-6.83102501397465
chr18	47492	15341512	0.498856840329705	1259	0.106749588005935	0.985000522293397	34319	0.350481816116176	4	2	2	-6.87807207048788
chr18	20946254	80224607	0.498873459640126	2143	0.103976263814053	0.992206508766886	88674	0.342282729382399	4	2	2	-7.12829079568128
chr19	273592	24394204	0.498917972170491	5045	0.0930148897568826	1.03112491212636	203940	0.327883541027514	4	2	2	-6.73329615577711
chr19	27392072	29917350	0.498681667172812	126	0.107341351075872	0.975061207651307	3093	0.379105090437602	4	2	2	-6.76453637554419
chr19	29921196	58505902	0.498924469658222	5449	0.0970635062773304	1.01806062877652	219841	0.308592867651049	4	2	2	-6.75714838618612
chr20	101498	25898715	0.498894112144062	1789	0.0983413694923854	1.01174603862374	56648	0.338191240418584	4	2	2	-6.77567910140639
chr20	25898759	26125809	0.303547694087241	28	0.130167230655445	0.972013225316584	237	0.392627885595555	6	6	0	-6.76728726291475
chr20	28559163	61903348	0.498880125030593	2698	0.111674194343014	1.01427430235171	110427	0.342361301157637	4	2	2	-6.77280269762029
chr20	61910571	64327831	0.49888975307502	528	0.0838217106654692	1.05736064462364	16987	0.285254913339625	4	2	2	-6.74543714855101
chr21	5218123	13103739	0.414156101416713	847	0.124698163326263	0.907365011714221	5609	0.315295819607925	2	2	0	-6.77648291530412
chr21	13258774	46697396	0.38830928994921	1770	0.111854392475416	0.859585770576756	64141	0.30038599790414	2	2	0	-6.89015584546797
chr22	10662973	12811277	0.498744632548142	764	0.129831341101264	0.973018521370198	4128	0.346947491108831	4	2	2	-6.76747129824987
chr22	15333106	17016781	0.49865394164766	133	0.118318696606813	1.29132485761335	3168	0.473986783785782	8	4	4	-6.73686433083583
chr22	17096656	19063495	0.309004304859345	361	0.101949348614787	1.67055433581821	10245	0.615608269127032	13	11	2	-6.73677837234123
chr22	19068029	19609767	0.219859495817481	216	0.103770301294076	2.30510297075151	6773	0.927769615924586	17	16	1	-6.74049342313508
chr22	19660938	20441888	0.432724514506795	94	0.106774860586899	0.860466723393963	4457	0.244414428436836	2	2	0	-6.75357596142576
chr22	20445540	20996591	0.245419615675784	184	0.110167081902451	2.04486137226572	7092	0.775785752133243	18	16	2	-6.73346653139779
chr22	21000681	22203913	0.378783246960837	152	0.105022452743885	0.843791448425363	4742	0.285125222706415	2	2	0	-6.81941148733504
chr22	22215058	22522838	0.295244241548541	109	0.0968358584731841	1.7426037483517	2169	0.449045924652282	14	12	2	-6.73543789872378
chr22	22523226	22904902	0.405868301801036	88	0.0954746351452199	0.849920613460315	1851	0.331776880297762	2	2	0	-6.74107347923284
chr22	22906870	23897830	0.200335786885628	174	0.102963072148694	2.37634709066649	9650	0.903103678374933	20	19	1	-6.73651086171462
chr22	23916590	29807930	0.388917954273173	470	0.11646975491832	0.943951034171211	20792	0.434480156676567	3	3	0	-6.73743490900507
chr22	29842085	30622897	0.152948855886897	154	0.0902100323015679	3.04114068647294	10684	1.26030077561341	20	20	0	-6.77056343193932
chr22	30624988	32110117	0.282621436856829	164	0.109482283065582	1.75773314055682	14720	0.711015401498889	14	12	2	-6.7357042528272
chr22	32152465	36875760	0.498714491792185	324	0.124664051823264	0.830380322359298	12345	0.293831497515369	1	1	0	-6.84111299586312
chr22	36877414	38426693	0.226402458828888	343	0.099759634057662	2.42815042893324	21178	0.910498910534617	20	18	2	-6.742797671099
chr22	38467001	40861873	0.388266588620512	230	0.117900783058928	0.844594677024573	11452	0.271952041119434	2	2	0	-6.79679255140712
chr22	40937941	41239421	0.303185717073956	103	0.118004776834655	1.77302519444585	3904	0.63435162426983	13	11	2	-6.73378457752094
chr22	41244655	41340263	0.210075053692015	38	0.0861125871585613	2.84406218501788	1703	1.05226332118834	18	17	1	-6.73839568436471
chr22	41343366	41880738	0.385734830808309	131	0.0912206767209114	0.844866795906612	3817	0.282372244582611	3	3	0	-6.79399135147111
chr22	41905708	43304917	0.242802861685531	420	0.106902411915597	2.14087115826346	14565	0.791672522640899	19	17	2	-6.73372494535349
chr22	43459946	50808396	0.377957377541734	808	0.11172108394892	0.854775320434196	25338	0.276675544829303	2	2	0	-6.84761946398072
chrX	257225	57679344	0.498850761186374	2067	0.106795335984699	0.932953233432633	117997	0.323770634542872	3	2	1	-6.98368574349196
chrX	63644097	156005527	0.44676401248316	1749	0.100899719897249	0.936554742596014	141682	0.303457569147907	3	2	1	-6.96739398271634
chrY	10796683	11743913	0.466344315872624	82	0.139770507585562	0.790487266539122	544	0.262792940784039	1	1	0	-6.7409427695155
chrY	26436900	56885732	0.409530141648213	212	0.119037685922428	0.959958088078178	640	0.31706066349575	3	3	0	-6.76852222041204
