chromosome	start.pos	end.pos	Bf	N.BAF	sd.BAF	depth.ratio	N.ratio	sd.ratio	CNt	A	B	LPP
chr1	61987	124568560	0.334207561807112	11015	0.104007205398682	0.65774235083077	443308	0.410101250633887	5	3	2	-9.05750494956531
chr1	125094469	225361798	0.193711927234685	9246	0.0963853160174891	1.09550139260269	422525	0.651278595793723	8	6	2	-7.17589594471903
chr1	225362296	248922216	0.184794036644155	3849	0.0998934334425103	1.13710281664685	130101	0.761298563704828	8	7	1	-6.94129978641148
chr2	39340	4266436	0.498873566405983	285	0.0958063389533396	0.818700608048497	8890	0.628083807096941	6	3	3	-6.74667691398824
chr2	4386176	4819212	0.498387672693285	16	0.194185778744651	0.733175147501825	308	0.527521127576673	6	3	3	-6.75579945811587
chr2	4823855	5407295	0.0155021568234426	9	0.091	0.521136948182245	284	0.287589817427774	4	4	0	-6.78617673708628
chr2	5517717	92075691	0.498931811550384	7103	0.102781269299472	0.879744518353699	289618	0.546156336413964	6	3	3	-6.84792299723032
chr2	94194584	95951117	0.498761417490658	110	0.105479397290232	0.828953459659624	5567	0.437617064954525	6	3	3	-6.73929640177019
chr2	95951446	96017974	0.191297046887324	17	0.0886573460013326	0.910440364935603	316	0.410085054897581	5	4	1	-6.75273714758256
chr2	96024408	104823808	0.4988777180216	763	0.119360012721818	0.862622933560154	37836	0.384410940204578	6	3	3	-6.73448920872995
chr2	104824516	242183350	0.33552655384207	8357	0.103094945396414	0.651328127082893	343928	0.444030199442506	5	3	2	-9.30899761099178
chr3	10374	65490611	0.34221469033445	5248	0.10676429318184	0.755846886324766	241020	0.44532794275022	5	3	2	-7.47690708504227
chr3	65490781	75139905	0.244127865634615	1464	0.118385425882193	1.99090684119612	46399	1.38560887699061	13	10	3	-6.75517041346203
chr3	75155214	88546447	0.29933932164032	966	0.13639766994839	1.57568086544254	29002	0.998674953525727	11	8	3	-6.75583774013612
chr3	88593986	90220908	0.421861238268055	68	0.0681773303655124	0.965867886739312	1817	0.620344012634934	7	4	3	-6.74191132364629
chr3	91333816	125343850	0.49890162818473	2282	0.103040121790724	0.996128398486982	98485	0.501683252560493	7	4	3	-7.00157185113525
chr3	125380901	141175645	0.444960920652772	1760	0.109204165946794	0.98431914857792	70378	0.567790615303308	7	4	3	-6.75393946066109
chr3	141175972	141204358	0.0519593997747373	9	0.147478058631709	2.40122166987163	45	2.27022057398515	19	18	1	-6.7330918982543
chr3	141260079	198139899	0.448791206070284	5629	0.109270593237921	0.993850352100689	193136	0.576090853919888	7	4	3	-6.75754009418914
chr4	46242	3485708	0.000494152910600787	528	0.0509337978611661	0.426014737501549	17200	0.169477347708087	3	3	0	-6.73574247068057
chr4	3490614	4179364	0.0742688125768087	73	0.177352031707237	0.523247678305426	1245	0.32442880031327	4	4	0	-6.86682177076496
chr4	4189065	5328839	0.00620386812394591	93	0.0828885610789406	0.504328273226755	2067	0.271682050235641	4	4	0	-6.87779380910985
chr4	5370765	49092740	0.250197163685886	2496	0.113189449456037	0.584880262784365	76604	0.339301976425432	4	3	1	-6.85292706427728
chr4	49092775	49150512	0.455156031325423	109	0.151531667466995	0.953922167917246	1918	0.649475111432314	9	5	4	-6.74333926301603
chr4	49150580	49634373	0.477999528064019	132	0.14659508227468	0.699555019311273	922	0.376031965651299	4	2	2	-6.82929721272816
chr4	49634454	49711890	0.48856366500011	41	0.16131913152234	1.09852094892762	578	0.549979534830012	8	4	4	-6.73628532223553
chr4	51848345	52374686	0.459907388764413	30	0.130067926550866	0.879415273503469	1496	0.438057400519511	6	3	3	-6.79057782507503
chr4	52400933	56731383	0.136236455905196	1008	0.0874493161050992	3.05245605311804	42396	1.97480804394649	20	17	3	-6.75075883858421
chr4	56742139	57550889	0.0810682687870767	439	0.0627202850778264	5.25131385531604	14431	3.49621627831132	13	12	1	-6.77822870520411
chr4	57551047	58735746	0.113341712233597	99	0.0854283108192177	2.94119055944067	2751	2.15548203198998	18	16	2	-6.736195079795
chr4	58735779	59267019	0.193037732366851	68	0.0997256585829688	2.68161192553038	887	2.28131214141282	20	16	4	-6.73619967676323
chr4	59377449	62585175	0.0734888381928168	82	0.0639676561696032	0.696676816724812	1912	1.04193767141082	5	5	0	-7.43691162422652
chr4	62615326	62858147	0.183205748541891	43	0.0922933656216037	2.27946789029809	572	1.80419988885321	16	13	3	-6.7343287306884
chr4	62866609	63735549	0.0888036981703448	98	0.063410292049538	4.15181644844195	2430	2.66146766964313	20	18	2	-6.76193485738787
chr4	63764508	64148803	0.013470133995497	73	0.0133530960843563	22.9190091116906	5916	18.2619574721734	20	20	0	-7.29178037635032
chr4	64164612	64419558	0.0962615846786188	44	0.0840695970364874	4.54490733152239	1363	3.52891338736448	20	18	2	-6.73686032253212
chr4	64432429	65221870	0.234887476900397	61	0.115957656677239	1.90526397228897	1399	1.55822502187331	13	10	3	-6.73391310109188
chr4	65241885	68994337	-0.000308789820332833	104	0.00696212279740553	0.431937107354195	4395	0.203777960006518	3	3	0	-6.73744309032491
chr4	68996952	69044070	0.275948964999199	11	0.0884580023616754	1.49854884734456	485	0.688954076198483	11	8	3	-6.73396036138885
chr4	69096892	69290229	0.081980663350002	43	0.0564101516118566	4.79957237570317	2708	2.51840582104108	12	11	1	-6.7526948794381
chr4	69290428	69937741	0.224173358750449	24	0.126070653931074	2.14278346613301	3443	1.46695464943479	14	11	3	-6.7375738302621
chr4	69940894	70480984	0.489814544532304	55	0.0807651414956235	0.966781340357512	1901	0.313047611136878	6	3	3	-6.79001067209932
chr4	70491394	70522032	0.077974384814259	16	0.0558819812939138	3.69828249962163	302	2.19539593027674	13	12	1	-6.73505072328515
chr4	70522662	83206437	0.00218135396775587	704	0.0471252640121152	0.443512678773676	23861	0.199446375613643	3	3	0	-6.94977583374392
chr4	83302422	190179679	0.246275349715486	4554	0.108257704724973	0.582041107755476	167962	0.329866161173287	4	3	1	-6.92494982521084
chr5	36514	413658	0.160413157455835	51	0.137075307769124	2.2194854878389	4081	1.67858230252132	18	15	3	-6.7360198766557
chr5	483152	840391	0.498135503819794	58	0.174570796805762	0.530917929477979	1679	0.170255099128166	4	2	2	-6.77292139989499
chr5	843508	1125581	0.403642284826245	50	0.0707420407291917	1.0091885215125	2310	0.5359700329427	5	3	2	-6.80414429479497
chr5	1127214	1312820	0.165735915213594	84	0.0946715939442377	2.37582883498113	3213	1.37410444517885	18	15	3	-6.73345777887215
chr5	1320607	3098389	0.010343055424318	118	0.0772492972982446	0.419411172626389	2253	0.236718016662776	3	3	0	-6.75272020728292
chr5	3133938	4830577	0.188487081042082	189	0.120787008903097	2.15648254627795	4390	1.78387712059601	16	13	3	-6.73415683000427
chr5	4864112	6693083	0.000665890111533951	88	0.0447646332238945	0.418331621208577	2288	0.250883950595498	3	3	0	-6.74342390869936
chr5	6724956	8547177	0.150312484874048	155	0.0999542408920619	2.61745974871062	6003	1.88331959122489	20	17	3	-6.73540636422929
chr5	8702695	9914358	0.000226334849398602	21	0	0.423751543082613	926	0.153599591292288	1	1	0	-Inf
chr5	10000705	10322431	0.498729418734692	38	0.103501059979042	1.07718285690317	1400	2.6855568504421	8	4	4	-6.73321419831852
chr5	10353752	10962609	-0.00162661296249988	19	0	0.454362194512278	1176	0.184984631877824	1	1	0	-Inf
chr5	11028784	12027179	0.202454906820704	68	0.129559369240643	1.92173335474501	2915	1.27674047503527	15	12	3	-6.73760899234876
chr5	12032688	16704742	0.355645140931221	461	0.117167538530341	1.22019928401523	15513	0.747695253124233	9	6	3	-6.76844429456862
chr5	16711342	16811643	0.170703441227281	54	0.102529893716519	2.27912734491326	1593	2.0295881018766	18	15	3	-6.73417272764201
chr5	16811652	17354512	0.295777602908391	176	0.129316120141966	1.59833193634695	4660	1.02544738816064	10	7	3	-6.73756533364401
chr5	17354556	19105750	-0.00146555095731282	44	0	0.493374649481593	881	0.32446866551398	1	1	0	-Inf
chr5	19143320	19887835	0.268903519209367	56	0.122900444083185	1.34845493336737	1341	0.871138368669137	11	8	3	-6.74738062881163
chr5	19899257	22204254	0.102414883875322	329	0.0958501974007355	3.65304627801911	10742	2.65861744882021	20	18	2	-6.74519363236307
chr5	22247661	23489528	0.344238757478958	88	0.125880023965865	1.60983262874176	1972	1.53568927052179	12	8	4	-6.73878189691704
chr5	23493569	24813165	0.24417427744279	160	0.118784378505947	1.88137036252663	4218	1.38395168676952	12	9	3	-6.73803856216197
chr5	24823242	28311873	-0.000551685500165822	44	0.0125127207999772	0.44259339045902	1582	0.231931858412859	3	3	0	-6.77401561540897
chr5	28370957	29041610	0.113805660576795	86	0.101548072083681	3.04034578530493	1597	2.70591116334968	18	16	2	-6.73499200758619
chr5	29062762	29363941	0.273166536697507	31	0.0890147504992943	1.61494173952857	523	1.30282408615541	11	8	3	-6.73312319037099
chr5	29396541	30124301	0.000101942190818383	33	0	0.475510341163211	362	0.214415971734071	1	1	0	-Inf
chr5	30176633	33408673	0.184168713220177	761	0.100948244787786	2.31935343021116	25055	1.57347833413052	16	13	3	-6.73384799211653
chr5	33410806	33812008	0.222085972731277	93	0.103748483262822	1.94243662749441	2723	1.461062176779	14	11	3	-6.7365162376927
chr5	33855767	34013917	0.00201723472078708	13	0	0.399737321057137	508	0.219260945992859	1	1	0	-Inf
chr5	34175131	34382048	0.498357687751838	10	0.187664002349353	0.817414558039376	337	0.430032921391244	6	3	3	-6.73459360685215
chr5	34414881	35184256	0.00103075625811	58	0	0.450000149649796	2197	0.166729963333225	1	1	0	-Inf
chr5	35221949	37216235	0.253835107143364	279	0.131390262276618	1.70461325748967	13341	0.929181115347022	12	9	3	-6.73358679152959
chr5	37224383	37632567	0.111409742832135	197	0.077693925157781	3.73404565259997	8268	2.07959073817542	18	16	2	-6.74090437908693
chr5	37634159	39993899	0.234514681561449	333	0.11586129977939	1.81784036678511	11757	1.1837319632139	13	10	3	-6.73412320576774
chr5	39997800	41070711	0.207155233022295	187	0.112136636078224	2.06962911953047	7727	1.37673295692607	14	11	3	-6.7358502255343
chr5	41089054	44668563	0.395220247885513	219	0.148792679413148	1.32258547116159	10858	0.787759495944038	10	6	4	-6.75419640397446
chr5	44689109	46381425	0.211275541619979	64	0.129682013414253	1.7144394464974	2915	1.11126157390753	13	10	3	-6.75182116241303
chr5	49599598	50230236	0.474605356520188	111	0.155094544096553	0.843152985431611	1235	0.34530038089982	6	3	3	-6.74994210435675
chr5	50269093	131585592	0.498917272642404	4878	0.0968973941945651	0.846307684648745	178689	0.459653512625909	6	3	3	-6.77081832039187
chr5	131617617	131910225	0.0512945608335819	9	0.168842711157785	0.896731889689264	1304	0.661966424011382	6	6	0	-6.78871496308587
chr5	131947596	132204171	0.499158687896111	9	0.0748748956593597	0.855209651625684	1131	0.893264600140595	6	3	3	-6.73310654561904
chr5	132210587	133089773	-0.00245177416409703	63	0.00302371578407382	0.444136820693171	4242	0.543444042303633	3	3	0	-7.1059087751766
chr5	133098957	140545805	0.498886392057115	751	0.115109510775295	0.894542538553229	38030	0.478368958445412	6	3	3	-6.76832788356911
chr5	140547851	181281814	0.498913618791108	3984	0.0982466950481801	0.793036519896209	155340	0.476292662317847	6	3	3	-7.32364121034983
chr6	142951	60931731	0.449247666408231	6705	0.0919651073363588	0.749214249103463	239510	0.459252274984158	5	3	2	-7.26923510008862
chr6	61133505	103503695	0.458777790908034	1753	0.101092405393838	0.779626983334079	73107	0.477344304548204	5	3	2	-7.67996409171477
chr6	103527726	105041191	0.198862309853458	43	0.0848366876173951	0.544209783624477	1586	0.263919846008241	4	3	1	-6.97449459269268
chr6	105093990	107651583	0.491892972211925	284	0.103967656642013	0.862757048144026	10411	0.506498851823167	6	3	3	-6.73692303176165
chr6	107657703	109614513	0.181405915351831	127	0.108095005359762	0.546109963609202	6687	0.297928859438462	4	3	1	-6.9925636996831
chr6	109640165	112099500	0.49882835414842	295	0.103514457961356	0.877424777095842	11440	0.519061247861804	6	3	3	-6.73607550282303
chr6	112100951	118732987	0.17741202398168	226	0.0939883203689783	0.517492615432646	9464	0.259575869916476	4	3	1	-7.60275568351414
chr6	118843354	119131554	0.423047939665506	34	0.0809220758071688	0.761662214908121	1257	0.451887969380658	5	3	2	-6.78479108886574
chr6	119180453	120748349	0.160658078508163	37	0.125512911650519	0.533330142704436	859	1.13001203485362	5	4	1	-6.85367676903563
chr6	120805952	122901125	0.445412765591876	27	0.071409337255666	0.642420823924616	2952	0.497240424157208	5	3	2	-7.02311095826993
chr6	122901284	170736839	0.183152468152312	2592	0.100833126269679	0.513514475840556	92585	0.24745466943091	4	3	1	-10.0611356597391
chr7	37991	56119654	0.428720782204345	6630	0.108984434767099	1.01432743518335	214128	0.712773960431279	7	4	3	-6.74622096616767
chr7	56120757	58100284	0.431859049446602	238	0.139471111860148	1.0259040794232	7525	0.551662066252634	7	4	3	-6.73589499679187
chr7	60981490	65979747	0.414870074790742	850	0.11283767570579	1.04410797082673	17724	0.668860588822415	7	4	3	-6.75426950648492
chr7	66000519	66981485	0.498321482728134	53	0.154557589982473	1.10506234485119	9147	0.614156548880883	8	4	4	-6.73487506780696
chr7	66995210	74358413	0.454764503371213	1308	0.120355538509402	1.0492530226776	45192	0.664451095840957	7	4	3	-6.78426246404253
chr7	74362593	74497455	0.0234429019507252	9	0.0563138526474614	1.01508148173411	1567	0.570954004267434	7	7	0	-6.83530176721154
chr7	74508025	142025038	0.41565825637515	6994	0.115083055645521	1.02258401768712	293289	0.629480679571503	7	4	3	-6.79069609358845
chr7	142025052	152219241	0.428313869476946	1482	0.104580013499528	0.96471985598834	53485	0.534570760026133	7	4	3	-6.76066940061027
chr7	152231395	152416512	0.498617133188843	160	0.127250637733015	0.956715767046604	1700	0.516920517584851	6	3	3	-6.73810807354376
chr7	152416583	159328915	0.42975755361375	983	0.108350035769906	1.02029857215944	25675	0.716042828376205	7	4	3	-6.73633457149932
chr8	223619	43897525	0.306863179035606	5028	0.110184023738757	0.934855638165713	158875	0.630237456178745	7	5	2	-7.04120635565044
chr8	45952323	145072669	0.445000937880982	8785	0.118364070757521	1.14540229025322	331768	0.74502507674229	8	4	4	-6.86034052697991
chr9	12863	39013755	0.104568213575497	2028	0.087365245002768	0.483524348979345	69437	0.249147977340651	3	3	0	-10.605412765255
chr9	39016147	43253957	0.498704381731261	444	0.133648579601125	0.578856457293602	4274	0.819948976422346	4	2	2	-6.73370731720054
chr9	61180650	138178844	0.295975515974552	6114	0.10563301103979	0.60036843778171	235035	0.362933863259866	4	3	1	-7.59504001127599
chr10	48874	3577634	0.000574485841226047	163	0.0525980875354905	0.426886319069555	5239	0.753497149908008	3	3	0	-6.73316210010044
chr10	3618644	11969158	0.346025625309783	1024	0.123907721690722	1.24407451204941	35145	0.740117470117551	9	6	3	-6.74927539590997
chr10	11970494	15403009	0.292949169142694	1069	0.123020726424709	1.57054017485768	32663	0.977529991276269	11	8	3	-6.74919909390438
chr10	15407004	19729973	0.305528343764993	832	0.121949830712129	1.39567474148327	24739	0.91158480404457	10	7	3	-6.73597043477159
chr10	19765516	22014535	0.301907732401989	152	0.112686989365786	0.64324915865914	5320	0.294400521366743	4	3	1	-7.06803540473402
chr10	22050790	23736701	0.281873203137466	321	0.127152283399379	1.83457463598376	10468	1.22943895332049	14	10	4	-6.73857256605004
chr10	23737502	26350873	-2.94865436196723e-05	122	0.00828090766669397	0.425216662543842	4586	0.1715003638291	3	3	0	-6.73641061258294
chr10	26362695	27330852	0.305248716553044	295	0.11641941981393	1.50900080484045	9341	0.86326860715255	10	7	3	-6.73657824885222
chr10	27334211	27405455	0.305772723998457	18	0.117359956872539	0.660610884019755	232	0.337471558984754	6	4	2	-6.79130847698109
chr10	27413797	28323040	0.216380718505984	50	0.102949286108278	0.568923338592793	1983	0.266592062298071	4	3	1	-6.79649727850985
chr10	28330865	34867768	0.000576568663858801	424	0.039050991879455	0.435251184754732	12180	0.204027073932166	3	3	0	-6.75533018028521
chr10	34873236	35054597	0.0229953711456578	150	0.0303661540363934	20.4980438766791	12597	15.5907494192924	20	20	0	-7.06050039264101
chr10	35056041	35639296	0.0374359953789423	252	0.0321226533466369	9.82191927711079	13856	7.71748824686897	20	19	1	-6.83238525606777
chr10	35653979	35736952	0.102911728955355	9	0.178173916285309	1.46895990648	247	3.00236684672849	10	9	1	-6.73319421975635
chr10	35742995	36315181	0.0240391961946497	130	0.0378340821195265	11.3763067546402	6523	10.0440043543999	20	20	0	-6.97246429562635
chr10	36418343	38117233	-0.00252462764669537	40	0	0.42267618883706	2787	0.185880163436107	1	1	0	-Inf
chr10	38296247	38624675	0.153362234202692	16	0.117896264430501	0.523958738504947	622	0.513669748504431	5	4	1	-6.8963932376736
chr10	38634811	39967657	0.4986401087024	48	0.121646265169907	0.622506730628631	418	0.291036734503162	4	2	2	-6.80136805766354
chr10	41858434	42278982	0.464848127893995	79	0.146683856801469	0.923136263357237	1051	0.530055983818318	6	3	3	-6.77221460750993
chr10	42279038	133787182	0.324275315812888	6735	0.106098462056535	0.644594407024542	259407	0.364402054693512	5	3	2	-9.71892397338396
chr11	195982	3896161	0.496748759246153	966	0.0882620504726225	0.769568281318965	32984	0.588602170850171	6	3	3	-6.80750079870997
chr11	3965817	4347357	0.401640812734177	29	0.11410187954743	0.786889918821279	1521	0.343532952375961	5	3	2	-6.75124059349364
chr11	4363215	50631351	0.498934810657249	3609	0.0904320132086471	0.76723574124736	145582	0.588975949465731	6	3	3	-7.58443225678419
chr11	54568643	56971203	0.328186747140666	289	0.0987071035753365	1.21902675391229	9839	0.538039030810502	9	6	3	-6.74880541047789
chr11	57018744	57910795	0.498829062210376	126	0.0914496988981999	0.754733155566742	6651	0.310791618836983	6	3	3	-6.82165966596245
chr11	57917477	66616617	0.00226799266394762	958	0.0143611814429599	0.394597995457079	49369	0.153610444930704	3	3	0	-7.97261990461845
chr11	66638420	66975689	0.498935370403163	51	0.0892538657371187	0.765272367329285	4116	0.355354886858956	6	3	3	-6.75367794986511
chr11	66978177	67235214	0.124242014604875	122	0.0836466332060923	3.00669594457342	6035	1.80599317574326	16	14	2	-6.73662847428811
chr11	67246189	67365009	0.250674595541588	18	0.0702356444523291	0.759898184385636	1610	0.314812615745547	4	3	1	-6.79093066918408
chr11	67375774	67928951	0.125312144011995	296	0.0871842031793193	2.89747861817684	15186	1.65442159305359	16	14	2	-6.73984451185038
chr11	67929800	68493825	0.0856479565896551	355	0.0578680645854179	4.27278126888962	16884	2.83259454673276	12	11	1	-6.76895588560521
chr11	68493930	68710739	0.458209851802742	34	0.0610792419467649	0.758207309415713	1150	0.318938172384181	7	4	3	-6.96756440963813
chr11	68742819	68774446	0.145168006078216	11	0.149267849549362	2.21529843623927	604	2.02011716912867	14	12	2	-6.73322203613054
chr11	68776128	69731961	0.0824889430752648	472	0.0777923888505278	4.18360160552855	17620	3.02004767042423	20	18	2	-6.77240445458462
chr11	69732834	70196397	0.16263924476731	165	0.105107818504224	2.15958796761879	4227	1.60878698960749	18	15	3	-6.73718636939833
chr11	70196407	70239410	0.0408367297909905	24	0.0680798630552617	3.22013414969727	892	2.37459259443312	20	19	1	-6.74394505941125
chr11	70250479	70882043	0.299120700745551	148	0.115993001124997	1.30491099096703	5208	0.645275686269911	10	7	3	-6.74053145750307
chr11	70885043	71119367	0.14780899800192	46	0.0892335046800691	2.34884008378184	2162	1.14275023876777	20	17	3	-6.73752449672264
chr11	71126864	71594213	0.362342841561704	128	0.102903131946839	1.02378818011745	2903	0.438435293188593	8	5	3	-6.7597309887042
chr11	71596040	72031694	0.250143233026636	185	0.11984211166105	1.40873963198323	4003	1.10259433227205	12	9	3	-6.74131270143661
chr11	72037398	72694823	0.193121499922736	173	0.10398160971033	1.88156105712012	9486	1.8820958202057	15	12	3	-6.73753943653292
chr11	72695252	73342156	0.331639508068617	83	0.130792809573556	1.20010151384638	5329	0.645120508166469	9	6	3	-6.73756815118335
chr11	73360218	75500151	0.47789593443066	332	0.113051625711772	0.88454959461889	14019	0.519819411546703	6	3	3	-6.76055385710849
chr11	75524789	75577107	0.146446873106429	34	0.0560525679548364	2.43593007047801	806	0.998777581728001	20	17	3	-6.73624102842005
chr11	75581238	76066766	0.433063589411706	26	0.182106667811858	1.03661793961832	2009	0.564366523469262	7	4	3	-6.7345710656171
chr11	76081499	76820801	0.153127861542848	179	0.0949725123684759	2.63598832988031	7883	1.53309469633823	19	16	3	-6.73470367304604
chr11	76823656	77651031	0.104102195089548	319	0.064790589658304	3.46554763945228	15245	2.11480201961783	20	18	2	-6.73956359387455
chr11	77651136	77901738	0.173808475087411	100	0.101874632799735	2.4229442599696	3665	3.84885247693579	17	14	3	-6.73343946091876
chr11	77903724	78135840	0.0912074982936361	235	0.0585234119271061	4.16725811862532	6549	2.72895640191048	20	18	2	-6.74920384011249
chr11	78135897	78596511	0.0558098301671747	215	0.047697238944329	6.57596820605552	11560	4.57855022877602	18	17	1	-6.74464512450896
chr11	78603456	78814488	0.133840015817375	59	0.0754752873114102	2.69245862327817	2646	1.57589245908178	15	13	2	-6.73571105430689
chr11	78815333	80043160	0.0743220766867435	169	0.0676066255520894	4.44641313780621	5509	3.32772881927954	15	14	1	-6.77594360012884
chr11	80043188	81886637	0.195745699759893	156	0.112276339015527	2.09375811267957	3149	2.24130496548294	15	12	3	-6.73401035464602
chr11	82025623	83440395	0.00404315602184602	24	0.0108185796972924	0.543010507193795	2416	0.905607556745239	4	4	0	-6.81838456399846
chr11	83672197	83819095	0.226317051414792	30	0.103417961267101	1.60187332035451	603	0.845629830378032	13	10	3	-6.73683876758265
chr11	83906349	85155785	0.0808274340628543	68	0.0857065698218249	1.6626001678544	1903	2.12175098471563	12	11	1	-6.73369966574741
chr11	85160043	85745660	0.228454905934086	33	0.0719050431282308	1.06617508222939	2379	0.65133391110741	9	7	2	-6.76646111712496
chr11	85776129	88234037	0.0462113834423894	643	0.0461100558020391	4.87579209159117	24983	3.25719858905976	20	19	1	-6.77650905268715
chr11	88249689	88604945	0.00202711158677749	14	0	0.241138450044772	345	0.0876268772453607	1	1	0	-Inf
chr11	88630874	90566743	0.139753737317837	207	0.0923318114572093	1.64835854323842	7269	1.20096789845161	13	11	2	-6.75842519999506
chr11	90611656	91690238	0.0736783099599828	105	0.0626102514748471	3.70331736747828	2664	2.86978688138755	14	13	1	-6.76347271442254
chr11	91755008	102047872	-0.00139982434458896	254	0.0433814858679618	0.270088167026056	9157	0.228271746803029	2	2	0	-7.08809283749484
chr11	102137975	102241951	0.0611279492016792	11	0.0674775383503146	2.54199890782568	921	1.68170568422602	16	15	1	-6.73352644089665
chr11	102284791	102473061	0.26555847599304	14	0.134930425702359	0.76969105227351	814	0.701725875545582	4	3	1	-6.76126585010582
chr11	102524926	102747837	0.0434272359790989	103	0.0536173506727609	5.48059123647615	4678	3.09396001551781	20	19	1	-6.74795342834242
chr11	102771945	102865911	0.154163448233452	17	0.110587069768576	1.2929259330541	990	0.83318382446858	13	11	2	-6.74367212394896
chr11	102945614	114016416	-0.00030794158790326	388	0.0294827148281963	0.273547250885526	15566	0.106488964879388	2	2	0	-7.68068934031105
chr11	114164963	125249801	0.425929491178977	1256	0.0896087054914608	0.634813108671597	45178	0.760553890062312	5	3	2	-6.93895462943263
chr11	125351514	134618750	-0.000181991739230336	334	0.0298885597787241	0.260253764195716	11355	0.0976750441563353	2	2	0	-9.7083196381531
chr12	12300	60264	0.252607879526679	41	0.136195559721325	1.36505900988999	216	0.686286613029822	8	6	2	-6.7351756584832
chr12	124086	25773916	0.000927240792964801	2431	0.0596877460351927	0.617776048669927	85227	0.315946403586111	4	4	0	-7.54730347940894
chr12	25803274	25804438	0.498604218087366	23	0.112229455103753	0.830752617311334	61	0.202215346717522	6	3	3	-6.73313933586273
chr12	25850491	34672973	0.00269614747294361	812	0.0250627802290606	0.620751701333861	23160	0.29032375005296	4	4	0	-7.14133397484733
chr12	37323808	45516055	0.498886052108554	603	0.0913100520816132	0.861346830597021	20475	0.474749674936448	6	3	3	-6.73362028534018
chr12	45516072	133237512	0.40697899325543	10970	0.114902193088431	1.0630652990231	488200	0.653838587652814	7	4	3	-7.18123904638358
chr13	16643154	17742959	0.128064005189514	2	0.0268700576850888	0.930916340517107	12	0.483470283628182	8	7	1	-6.85741657453153
chr13	18177561	114353899	0.442916300396364	4509	0.100729331822912	0.51653089437459	146548	0.327068100195369	4	2	2	-10.0490886792529
chr14	16098225	16402272	0.254429417080478	4	0.170988060011998	0.870943618288047	48	0.680769881241579	7	5	2	-6.76056550504084
chr14	18296555	106874913	0.368764239855127	6982	0.0988118930447621	0.594872258507772	259326	0.417169365334809	4	3	1	-7.94942893407525
chr15	17081956	17082007	0.444103025677636	2	0	1.09340711917201	3	0.159031443431794	1	1	0	-Inf
chr15	19640304	22603138	0.495757157931624	341	0.16796416689081	0.513928002477444	4516	0.257368997959937	4	2	2	-7.02155014698546
chr15	22608274	30144827	0.00176233919233459	527	0.0950511930977846	0.414306726960338	15089	1.06841117869811	3	3	0	-6.73779814736046
chr15	30224430	30818953	-0.000761380802835054	14	0.197322795728942	0.448733957689349	1000	0.220910309693615	3	3	0	-6.74838203719907
chr15	30882316	32112426	0.00185893679430638	77	0.0449507705199247	0.428130190698133	2668	0.171777217469482	3	3	0	-6.73408752886874
chr15	32158503	32622166	0.0272569104963655	34	0.199206760260121	0.378310825273218	478	0.188023193134413	3	3	0	-6.86444196699173
chr15	32623744	66328898	0.000791117736438113	2527	0.0396769220791726	0.441137621479131	100933	0.253343119586588	3	3	0	-6.983871914145
chr15	66340813	70601036	0.371681195528516	400	0.0968164134834559	0.699004515511543	14590	0.487003318836053	5	3	2	-6.78901121840824
chr15	70614738	90232687	0.361848806661675	2721	0.123261880286984	1.19451507297663	130579	0.815067818367268	8	5	3	-6.77413053850337
chr15	90235567	93244121	0.3116343548039	876	0.118632261985611	1.37331387893174	23791	0.941464017868079	10	7	3	-6.7419782633012
chr15	93256513	101980715	0.360815734339661	1087	0.115399125779276	1.18958460614684	28741	0.871746304092359	8	5	3	-6.75306764244041
chr16	13098	32101951	0.498932736316684	6081	0.0973544168772714	0.863547264830467	227150	0.550918428382784	6	3	3	-6.73652293379062
chr16	32102031	33642329	0.329599909274207	81	0.132846789364457	0.785503030821902	1911	0.578880292695994	6	4	2	-6.75448656793016
chr16	33647027	36104316	0.469556066187594	137	0.133668664349993	0.737258809745646	4203	0.577273345852429	6	3	3	-6.86290759338599
chr16	46386256	46568578	0.439629267427999	68	0.0973835981506233	0.54060363575072	1855	0.122119973266538	4	2	2	-6.97773462553947
chr16	46582190	90102289	0.498914685551942	3371	0.0927389907010972	0.435438869007431	121310	0.248999018508572	3	2	1	-8.31599300183476
chr17	137603	21021210	0.231301931762761	3296	0.107832216991421	0.561497319001436	118586	0.43500089462561	4	3	1	-6.7715291600019
chr17	21042583	22661450	0.434954176801563	582	0.110577181398327	0.695544150231667	5037	0.532786681109254	5	3	2	-6.79482849864323
chr17	25074523	41594922	0.387336235857443	1754	0.102825390000588	0.717188390323709	95527	0.341835702954589	5	3	2	-6.74344481284668
chr17	41598024	83194874	0.396140608763623	6036	0.100694185227445	0.729838998373272	255724	0.436056513844222	5	3	2	-6.79366320440004
chr18	47554	14183116	0.33273596623165	1523	0.107071339386503	0.666390437411492	40726	0.574210203561278	5	3	2	-7.08270639805489
chr18	14183613	15333334	0.272711989029051	105	0.142652275171907	1.97410557127302	2740	3.11114578470984	15	11	4	-6.73458768217436
chr18	15333925	15379034	0.0812493755823509	20	0.136349116531598	2.83154033143297	193	4.31371989073405	12	11	1	-6.7335359955625
chr18	20979714	80257305	0.330066428647119	2884	0.10334857975867	0.648254384993343	109099	0.418559067607232	5	3	2	-8.4763512085363
chr19	263151	24394239	0.255661514334007	8098	0.101134140605646	0.79164855040829	279089	0.459113045484498	6	4	2	-7.47383649026066
chr19	27392009	29638558	0.246278644943444	134	0.106137775100729	0.800933803520978	2937	0.419979759121684	5	4	1	-6.94336322347149
chr19	29644868	31008097	0.010607396454521	117	0.105378653553819	1.00799396984053	4801	0.640341998726803	7	7	0	-6.73922637164638
chr19	31013020	32543792	0.26542604590057	111	0.107200182441445	0.794711581404623	3559	0.397864551956671	6	4	2	-6.99770778521255
chr19	32544106	33077283	0.417162151730098	210	0.10971730706079	1.02709668056374	6750	4.16164887525798	12	7	5	-6.73788690875243
chr19	33077764	37624676	0.259315403136345	876	0.0970869901256775	0.788689467401685	40825	0.989536613606748	7	5	2	-6.93021980793455
chr19	37642717	38164687	0.0164865835296648	84	0.0336546191585298	0.595596425712412	3753	0.254699544623492	4	4	0	-6.88190153033082
chr19	38175934	38961912	0.254449188296168	285	0.101937468659365	0.794508548125428	12548	1.0660660066247	4	3	1	-6.77888481620453
chr19	38980480	39898499	0.413291121506648	352	0.107150333602812	0.971799227643707	11856	0.500692460762681	7	4	3	-6.74701666600814
chr19	39899634	41738142	0.262940272361913	450	0.0983768638690859	0.779514593470657	21262	0.492251774622307	5	4	1	-7.00357900108067
chr19	41738181	46234638	0.0186402382942473	868	0.0538408238112683	0.598130165976032	39264	0.260211531330398	4	4	0	-6.88572228615963
chr19	46250033	46271641	0.257410123013478	11	0.102674684850215	0.785015133935665	160	0.325386655337459	4	3	1	-6.74846920719381
chr19	46272372	49427012	0.018206071374281	951	0.0511341740483165	0.614655509591109	32363	0.298925923958248	4	4	0	-6.91842804198751
chr19	49427703	49444351	0.0283346643007852	9	0.225727958195504	0.591267014698742	358	0.185760191692783	4	4	0	-6.74280408566855
chr19	49445265	49461190	0.0201629240917489	20	0.0196345560039865	0.605831728168545	366	0.409797665115733	4	4	0	-7.30733717675368
chr19	49461255	49462979	0.498046073098645	10	0.164169153957469	0.944889330702991	70	0.532273070260981	6	3	3	-6.73314932751335
chr19	49463050	49905094	0.0292053666715613	95	0.0499294642448328	0.617426830061479	6889	0.27345577330279	4	4	0	-6.95272973857585
chr19	49908973	49965238	0.498996406474376	21	0.080929363674515	0.87749332718566	782	0.466076141386579	6	3	3	-6.73320684248795
chr19	49965325	53354185	0.262160972095499	1154	0.0986737193393116	0.766632018121638	36955	0.462381786991263	5	4	1	-7.00923259656837
chr19	53360698	53763297	0.0209484621365472	202	0.0404350574044007	0.578108299168646	4366	0.346588722218952	4	4	0	-6.89016513130251
chr19	53769670	55321199	0.260661659417171	884	0.105076735349797	0.772286149053971	22317	0.910858765099765	4	3	1	-6.83925093631324
chr19	55322296	55762827	0.252072565740742	114	0.118837474257907	0.823657702395937	6066	0.688529904582955	8	6	2	-6.79247098729944
chr19	55763058	56680781	0.415150710039447	320	0.0943215750607652	0.929263356812421	9147	0.513154614524419	7	4	3	-6.75641588305972
chr19	56680829	57527565	0.250064765259814	195	0.0896277430756769	0.739757606014967	6686	0.579758960598098	4	3	1	-6.83205442117882
chr19	57530824	58580942	0.419516150318379	406	0.0986857094894432	0.947510940458719	16682	0.512663384099612	7	4	3	-6.74506358202323
chr20	172331	26271014	0.245882608876682	2250	0.105055033802605	0.861761445609145	86683	0.574009675537493	6	5	1	-7.05745864659735
chr20	28559163	30879060	0.209389181446771	1212	0.142585342307231	1.52198959567379	8228	4.40588140307383	10	8	2	-6.73591710172575
chr20	30893709	31805383	0.358801274425179	355	0.152867798472989	1.81963667501324	10056	1.08321693629341	14	9	5	-6.73727017180187
chr20	31848408	33322894	0.378314396705319	512	0.142345275104284	1.71577610001962	23500	1.04869822396494	13	8	5	-6.73925599497123
chr20	33327420	33774874	0.0134411279855243	43	0.0863758494917143	1.83706925245162	7713	1.19730170556218	13	13	0	-6.74754625192091
chr20	33790754	36436509	0.378322091759482	830	0.147433453417447	1.77108283663497	42555	1.38560434867756	13	8	5	-6.73599137931362
chr20	36447969	36753501	0.497932474258113	24	0.157620048566624	1.77308868366961	5284	1.07126818192404	12	6	6	-6.73331359590207
chr20	36835030	44991814	0.376268346269019	1661	0.145461561732131	1.72528159596966	64513	1.1405303438102	13	8	5	-6.75539723379273
chr20	45007363	45281351	0.497836852657155	16	0.15100506338089	1.66500312404785	2369	0.795454064067514	12	6	6	-6.73337538730244
chr20	45291806	45542073	0.377617482694279	64	0.110812385014578	1.60035126672235	3688	0.92202453742085	13	8	5	-6.73933593637138
chr20	45554408	45884424	0.498016836678824	29	0.165094457214516	1.70581789950707	5191	0.95758890132326	12	6	6	-6.73312180651794
chr20	45903616	64302753	0.377922212066162	4304	0.140243291894365	1.70653746108983	160800	1.19066928056588	12	7	5	-6.77864427092652
chr21	5218301	10427060	0.423756730373486	659	0.139100373495481	1.23138040615426	4030	5.91666118103559	7	4	3	-6.73760980373966
chr21	10427188	10555409	0.335048133981028	149	0.161866424105419	0.424476014105041	975	0.334446796472032	3	2	1	-6.73316177670991
chr21	10569701	10737112	0.498371647566413	69	0.190318745960398	0.427649998589972	894	0.330235129045722	4	2	2	-6.80951667197793
chr21	12997766	13036710	0.0198962621306809	85	0.0236221303445901	10.8430598970018	1493	9.40953188329969	20	20	0	-7.13153887450946
chr21	13036854	13196491	0.00551361832028774	35	0.0079696904824814	30.4650435565047	3390	27.1045128804951	20	20	0	-7.00800566931775
chr21	13202136	13853424	0.0196301798434075	187	0.0393044479632206	15.5585522528227	11956	10.3442469657574	20	20	0	-6.88954994820748
chr21	13853476	13861701	0.393811547621315	17	0.197306159529385	19.4179279225323	395	10.0809430273841	18	11	7	-6.73360164398739
chr21	13861721	14102730	0.0183226016068406	178	0.0440316135715634	16.5881874986462	7325	12.4059643942529	20	20	0	-6.83807147145313
chr21	14181709	15870300	-0.00207967772528583	59	0	0.423137918584216	1936	0.21042038920811	1	1	0	-Inf
chr21	15979881	16369307	0.345033819719329	9	0.115212846505934	0.588488250233892	350	0.223908018455375	5	3	2	-7.03674593892831
chr21	16390802	19547166	0.000254943775661487	113	0.010036469529014	0.440871863676242	2644	0.215935781400461	3	3	0	-6.76554005579554
chr21	19642956	21316867	0.208504153600461	52	0.116233918915632	0.707954643698321	1289	0.551690131963393	5	4	1	-6.73650714662033
chr21	21324517	22294831	0.433483782898519	69	0.126136693603193	1.11201047233947	1445	1.51612567113808	7	4	3	-6.73678788589398
chr21	22332276	23284763	0.261948904832768	73	0.115781225755486	1.43968567119888	1773	0.888857171462764	11	8	3	-6.74377801677189
chr21	23291065	23757211	0.381280849036255	27	0.0821000189123797	0.982133965988753	500	0.895994652617435	8	5	3	-6.74454142954824
chr21	23766941	24348951	0.199260855423307	38	0.114060326929357	0.58819709737893	370	0.242202628101763	4	3	1	-6.85441434367931
chr21	24467816	25734940	0.350797116718339	115	0.139485690371662	1.40332814805965	3312	0.878127845840816	9	6	3	-6.74994807445526
chr21	25735200	31225159	0.23414858421636	277	0.108554282891158	0.539932241673996	9355	0.664986460653643	4	3	1	-6.76972746789289
chr21	31245373	32739634	0.410054927788409	173	0.104276903179138	0.696760554638406	7008	0.596810621897452	5	3	2	-6.74016842107709
chr21	32745729	37962500	0.224342380009199	331	0.106094963585357	0.586573993205498	16685	0.439536504767362	4	3	1	-6.77890082605444
chr21	38018703	39417804	0.498682668518716	71	0.100256225063504	0.738482570151872	4091	0.507227729755343	6	3	3	-6.80481066339975
chr21	39417836	39844518	0.321008222614546	78	0.104538916748191	1.31170333662999	2363	0.826772956968736	9	6	3	-6.74150688108191
chr21	39897792	46697396	0.230029952577607	818	0.100109871177475	0.554059270504415	26636	0.281547010608711	4	3	1	-6.80576123533904
chr22	10685457	11068208	0.498699095351747	443	0.145092801842272	0.558980008411021	1951	0.311500206774557	4	2	2	-6.73423618318074
chr22	11257774	12797396	0.339667035517513	261	0.132319881077569	0.746140558058204	2083	0.796992318160849	6	4	2	-6.76228755664669
chr22	15325750	15872835	0.334817985146006	34	0.118456502392236	0.658468474589694	707	0.273411992930594	5	3	2	-6.93841444672572
chr22	16095694	16395579	-0.00117073128255074	38	0	0.700275505819305	388	0.291810316910094	1	1	0	-Inf
chr22	16411599	16434092	0.383467440864324	13	0.101855792982543	0.756359821646946	66	0.60739518918972	8	5	3	-6.74340250402698
chr22	16445124	16645009	0.00959357201436217	17	0.175191869607213	0.562269214442031	559	0.506445989717077	4	4	0	-6.73495197902737
chr22	16659703	18172991	-0.000873663525896684	278	0.0343402532499871	0.62710208382607	8760	0.317996457943687	4	4	0	-6.80988053385258
chr22	18360973	18854911	0.033467700195522	22	0.150490511127426	0.687136504658173	236	1.56938180097005	5	5	0	-6.76274010472795
chr22	18908574	20323902	0.000514447135134211	180	0.0228232698126502	0.620601882357621	9492	0.258544781733683	4	4	0	-6.81848023257325
chr22	20327157	20369883	0.0120327974469423	9	0.22633603336632	0.710312766121766	180	0.286599256722808	5	5	0	-6.73473510843254
chr22	20370332	20670592	0.00234607548215426	51	0	0.647230859320437	2591	0.452318965049765	1	1	0	-Inf
chr22	20685517	20748685	0.0515548101751956	57	0.0307623378268205	10.6297552204149	4605	9.33298030023366	19	18	1	-6.73457540254949
chr22	20748702	21023669	0.0357427126133543	173	0.0458681906418499	15.3584575290039	30687	11.1062909497743	20	19	1	-6.79422698496335
chr22	21030227	21342689	0.499078697799787	38	0.0883571248277331	1.22790772912161	1160	1.18015547230511	8	4	4	-6.73378653513401
chr22	21381885	21618277	0.498538159549086	45	0.160001224742787	1.07698197524756	1387	0.745770215345079	8	4	4	-6.73398150287391
chr22	21628816	21653081	0.398061538755491	13	0.127149165378347	1.02407665020493	647	0.326723377869778	10	6	4	-6.74825328826376
chr22	21653137	21665573	0.464163155443208	9	0.1398935110877	1.16698166438865	153	0.574635301477522	11	6	5	-6.73786581453012
chr22	21669780	21687149	0.499178084770517	12	0.0852411907827466	1.12486515929338	382	0.396982365895454	8	4	4	-6.7331023644151
chr22	21688151	21694464	0.498011752041271	9	0.182193197214142	1.07350345071341	113	0.430232266820378	8	4	4	-6.73318162940597
chr22	21694573	22008135	0.40398589844763	61	0.122469095019816	1.15775434383685	3215	0.901871527961704	10	6	4	-6.743876648556
chr22	22018174	22269573	0.0639884728211028	190	0.0400166997303618	8.60508106122752	7640	6.09420093612109	16	15	1	-6.74098785948547
chr22	22271906	22289570	0.122259837490873	11	0.125071833905015	9.25285510535487	147	4.17329204149555	16	14	2	-6.73450704899442
chr22	22291935	22542738	0.0666834090637841	188	0.0461027617752357	7.81641267041724	10379	5.7188018872523	15	14	1	-6.74072424167855
chr22	22545569	22571744	0.390167385109482	11	0.0515700758897321	0.982128188036341	394	0.532051484675943	5	3	2	-6.76037977319868
chr22	22578834	23187501	0.079546641314802	339	0.0535268488210388	6.73839507785316	19073	3.85228662634491	13	12	1	-6.77506326787449
chr22	23194333	23939207	0.00222533804085445	181	0.0455312694850562	0.627525604267103	4874	0.538194408313475	4	4	0	-6.74793482001149
chr22	23939364	23952146	0.0304856342077227	9	0.210251106484075	0.371699082543701	26	0.507071636571584	3	3	0	-6.74622300463536
chr22	23957915	23997362	0.00201723472078708	13	0	0.484985509959631	132	0.359107381809587	1	1	0	-Inf
chr22	23998387	24003952	0.498295654275399	20	0.187952513599635	0.64601686818115	118	0.212734592922568	4	2	2	-6.73418761025642
chr22	24056085	26040755	0.00110584073108189	394	0.0514299444086392	0.610325560791262	10843	0.57115033387533	4	4	0	-6.74904890143613
chr22	26189838	26837234	0.17901108186683	93	0.0843119998812931	0.73023793898327	3313	0.38149144475644	5	4	1	-6.77127512853323
chr22	26859886	27861023	-0.000629141770424835	65	0.00657384093322805	0.643564690431206	1686	0.330348607711259	5	5	0	-6.79787473539406
chr22	27872419	28011738	0.000567134898242089	14	0.161200867802316	0.978812009486876	933	0.473720631529712	7	7	0	-6.7332095520217
chr22	28012597	28229155	-0.00319841251747544	9	0	0.620020710448386	408	0.255652534747198	1	1	0	-Inf
chr22	28318039	29319802	0.42405258910839	238	0.134302910870319	1.12719389725561	8276	0.739629868658267	7	4	3	-6.74939280704165
chr22	29320893	30870559	0.175855717524932	271	0.0988213704112923	0.748121939340562	12923	0.381890910158622	5	4	1	-6.78220199630289
chr22	30889693	32380693	-0.00141784368888165	232	0.0407179229106317	0.635336183637109	11996	0.329130575225308	4	4	0	-6.82500009959305
chr22	32381865	33126028	0.143784418051458	104	0.0767778187877484	0.776593274592891	3083	0.893864816524391	7	6	1	-6.76865780574675
chr22	33136267	36584090	0.00241921902693465	382	0.0427367450133802	0.631779471733675	11151	0.304159160643668	4	4	0	-6.95188349364479
chr22	36587357	36618650	-9.09949093070989e-05	9	0.157880580749432	1.5714757705906	191	0.85276793421657	11	11	0	-6.73302992313563
chr22	36618695	37232953	0.00187600570675095	116	0.030926260414224	0.599141673787995	3132	0.277070726497907	4	4	0	-6.74594060229632
chr22	37240909	39364167	0.458013746900464	857	0.132000658175293	1.45201874359491	33136	0.82356482960337	11	6	5	-6.74518138054835
chr22	39364384	39946210	0.00148667206334419	73	0.00901216833410205	0.614453751589791	3065	0.347268914297883	4	4	0	-6.76448852514516
chr22	39968390	40372051	0.434971701780531	48	0.175955386028221	1.4131424489715	4426	0.769080357343351	9	5	4	-6.73841520437522
chr22	40374238	41527825	0.160792843002965	251	0.0866579800938392	0.782861893627468	11059	0.474464061319633	6	5	1	-6.76099829611614
chr22	41528774	42652715	0.215599285832425	340	0.101477328479737	0.81354549978858	10805	0.444788254012582	5	4	1	-6.80425333969504
chr22	42657330	43434990	0.307192048725795	252	0.105261775991355	0.907536224817326	6272	0.572226944347364	7	5	2	-6.77131671576499
chr22	43502770	45461076	-0.000811128385896087	256	0.0354340883477241	0.625991688459749	8418	0.427679030508217	4	4	0	-6.7861882005801
chr22	45507774	46018163	0.237187298546791	49	0.0803106585127298	0.788501099611479	2187	0.376674578296603	5	4	1	-6.87996800619767
chr22	46037943	47219496	-0.000628301148993315	257	0.0275048954344481	0.623863941864202	5978	0.306472153519964	4	4	0	-6.79083385591054
chr22	47328778	47702316	0.498489430940732	34	0.14151496333775	0.954075059742315	778	0.724531921665249	6	3	3	-6.73798580054511
chr22	47706798	48732050	0.00234607548215426	51	0	0.604148853571172	1153	0.351879037367563	1	1	0	-Inf
chr22	48732492	48838049	0.04835505689971	9	0.144136605729118	14.6089661116617	373	16.9266070954804	20	19	1	-6.73369636567394
chr22	48840205	49155831	0.0360834865134568	249	0.0493789208160857	14.0001439254688	7110	11.2228764824145	20	19	1	-6.78410702549525
chr22	49156003	49164315	0.229746364811177	9	0.110093647006133	10.8986238709535	119	12.3553909722632	13	10	3	-6.73318380636227
chr22	49165019	49497968	0.0356306175348755	217	0.0493908494343959	15.2369717923525	8713	11.1440744094005	20	19	1	-6.78789278086134
chr22	49543536	50808384	-3.7948819927025e-05	348	0.0532328764497602	0.62104243188019	12535	0.322195016352341	4	4	0	-6.78316777074056
chrX	255805	15267188	0.361645221394649	1650	0.121521582543931	1.11584785158555	35230	0.894092243382725	8	5	3	-6.74675821107198
chrX	15283684	57431787	0.0369157118118715	38	0.142976417795101	0.87847023712799	59439	0.648046561872475	6	6	0	-6.80863257653227
chrX	65163820	136116395	0.0532479395139346	70	0.173225353171429	0.87397615035996	72487	0.464686475631972	6	6	0	-6.86212075277812
chrX	136874059	141906336	0.362181365539989	27	0.102594921651697	0.87292566786334	3905	0.43311814414225	6	4	2	-6.78539329719843
chrX	141906350	156010156	0.0656415955662173	48	0.153488419874142	0.911159549709271	20849	1.77492210809471	6	6	0	-6.85079208911561
chrY	2930492	11986362	0.384389368668903	130	0.173335729537127	1.20147250491354	1971	0.894975852270918	8	5	3	-6.75164588315287
chrY	26437016	56884133	0.451928170191806	206	0.149204220159097	0.593581493126721	740	0.292559485360029	4	2	2	-7.0871246868921
