chromosome	start.pos	end.pos	Bf	N.BAF	sd.BAF	depth.ratio	N.ratio	sd.ratio	CNt	A	B	LPP
chr1	139213	121568263	0.498925351088846	7301	0.100474611942907	0.78465349616094	275216	0.280912763265794	4	2	2	-6.73321098623657
chr1	125094663	248916508	0.153154581883803	7339	0.0939969795053954	1.1914620845486	298043	0.445892498476528	6	5	1	-6.80394842188753
chr2	41404	4235323	0.44798960563431	157	0.0849610198733858	0.7602280424046	4457	0.266970551148191	4	2	2	-6.9841868570382
chr2	4266436	5621762	0.0722136230086385	12	0.182445176489384	0.527851348573499	288	0.319478704383695	3	3	0	-6.91776919346382
chr2	5639379	92075691	0.498899416758336	3434	0.101506088511537	0.793569186570837	134949	0.291572265515034	4	2	2	-6.81474314098615
chr2	94194584	95939329	0.498649559040698	49	0.147851150097096	0.755654097148146	2927	0.258706946492451	4	2	2	-6.7547732097492
chr2	95939402	96017974	0.194430225342746	51	0.14440941254424	0.666258785620381	287	0.371453250473852	5	4	1	-6.78449593887462
chr2	96024408	104830415	0.498817651179902	433	0.10839046484099	0.785149655636674	19051	0.270114654648542	4	2	2	-6.73317086206647
chr2	104940116	242183350	0.335319577815378	4779	0.117498696683502	0.591656254601469	176967	0.211561448502451	3	2	1	-6.79269593002069
chr3	51248	90208408	0.498910986312498	3640	0.0959198772700272	0.790475508259555	150729	0.277789443587578	4	2	2	-6.774829710669
chr3	91451656	195382058	0.498912581660603	3944	0.0980688949740551	0.791137206543552	141643	0.286476432577975	4	2	2	-6.78850463918813
chr3	195387591	198120733	0.498773312183273	494	0.122363818350001	0.800778703608957	11159	0.291953925250013	4	2	2	-6.741315875548
chr4	54908	3485708	0.000977845350292217	385	0.0531584936433358	0.401609213039942	11025	0.145710821811227	2	2	0	-6.78735451607898
chr4	3491060	3624885	0.499149109030272	18	0.0818091194558638	0.784301265898395	375	0.251166270371937	4	2	2	-6.7330946432787
chr4	3823173	5328839	0.0109433770541559	80	0.136442316369235	0.502642745342738	1527	0.274667319416709	3	3	0	-7.01955383798441
chr4	5370765	5729219	0.425015729924794	30	0.0565871213161668	0.734190157739167	673	0.234886816995868	5	3	2	-7.15769901291399
chr4	5733155	5811051	0.00201723472078708	13	0	0.376079307180515	200	0.11056965050621	1	1	0	-Inf
chr4	5828666	8659910	0.49887015859557	264	0.0869449885044553	0.757040889355803	7253	0.248638490253712	4	2	2	-6.76751549748375
chr4	8692619	8975058	0.498748941367364	7	0.112055683436746	0.757028310152965	272	0.295174974482187	4	2	2	-6.73555361934457
chr4	8981455	9054052	0.218417975820577	63	0.125839228862614	0.760128186205519	355	0.315280733008457	4	3	1	-6.77101777688046
chr4	9055553	49061855	0.49885722996993	1274	0.106229150231676	0.759420327075044	39857	0.288220566814575	4	2	2	-7.02099684698508
chr4	49103936	49157762	0.0499764805754024	10	0.158661939705498	0.133002019956905	37	0.218080408484037	1	1	0	-6.89262201347574
chr4	49157790	49711578	0.187838103263218	72	0.151717573874032	0.521577313182967	374	0.277365150795121	3	2	1	-7.30146950048072
chr4	51848345	52364711	0.312669812580664	24	0.0899700332558456	1.16386886865824	936	0.419064977888481	6	4	2	-6.7647210402088
chr4	52400998	56678666	0.0737855671242144	763	0.0602027459979205	4.90250167316894	30020	2.93897242115437	16	15	1	-6.81265412842822
chr4	56678835	58632331	0.0428161012722841	487	0.0398508516148205	8.37690725672728	13161	5.59221648393678	20	19	1	-6.7739734539635
chr4	58735779	59377449	0.0960053346734728	44	0.0790770057158272	3.6390618787353	545	2.6821615288842	20	18	2	-6.73486027497117
chr4	59476833	62572434	0.0790484959444417	44	0.0665306205234135	0.881803998397733	996	1.6869628650813	9	8	1	-7.16806123287089
chr4	62615326	62858147	0.176582512256492	25	0.0994030012960709	2.38900149836466	264	1.79788640204998	11	9	2	-6.73516397022891
chr4	62866609	63735549	0.069116248572081	44	0.0545787006678997	4.84330593680375	1209	2.86381789517022	15	14	1	-6.75000673300176
chr4	63766931	64148803	0.0133985484822776	57	0.0181311015138425	23.8713626682093	2392	14.2612392758548	20	20	0	-7.04767008920601
chr4	64164612	64409219	0.0785278153639899	27	0.0485937575862711	5.04130975615243	631	3.84618910399649	13	12	1	-6.73829325908025
chr4	64416780	65136484	0.176416349378243	26	0.11557612875703	1.78630316390414	604	1.28799926953122	11	9	2	-6.74358377356646
chr4	65324037	68974016	0.000144008919897187	74	0.0334091683328555	0.385687050303207	2582	0.139354876301738	2	2	0	-6.76440049903095
chr4	68996952	69796440	0.0802578730740819	56	0.0873215806176139	4.02235609245173	3326	2.38649273510274	13	12	1	-6.751372979714
chr4	69804546	70480984	0.388581348908806	54	0.0911971030256966	1.14212633174661	1367	0.54024147090792	5	3	2	-6.77463484999327
chr4	70491394	70522009	0.0608486573983346	10	0.068339349328675	4.6868991203581	175	3.66841722742694	16	15	1	-6.73359989302288
chr4	70522662	76082063	0.000258046816795088	225	0.0761288220037755	0.399360113184856	6490	0.15762676451602	2	2	0	-6.77678468312226
chr4	76085824	76112572	0.498853415021873	9	0.155819161565936	0.743864910803208	138	0.203677773991966	4	2	2	-6.73415008187269
chr4	76130496	83158841	0.0010543523803408	229	0.0175581303523295	0.39796735737283	7100	0.153404982734951	2	2	0	-6.77327374600072
chr4	83309466	189860572	0.498882787421006	2967	0.103572743949811	0.759261980220634	105301	0.285353716930952	4	2	2	-7.46714709493054
chr4	189881263	190179679	0.498281786013299	32	0.185704518918561	0.672203896216674	371	0.271373707529294	4	2	2	-6.7904381946846
chr5	36514	413658	0.119233708754875	33	0.105367844125984	2.75956666168505	2646	1.2525377692233	16	14	2	-6.73720159369937
chr5	483152	840391	0.498122998573894	48	0.191358853970512	0.37633156045383	917	0.12261782433577	2	1	1	-6.75727708440448
chr5	843508	1115861	0.28444196534833	38	0.094727072951342	1.31080723468266	1730	0.382839940359773	7	5	2	-6.73550755445768
chr5	1125581	1312752	0.128985296162178	60	0.0766577174830918	3.00886334113955	2178	1.17134800843368	16	14	2	-6.7347944337651
chr5	1320607	3098355	0.0139207452261819	75	0.0879878513317718	0.389793976961149	1356	0.188618260386347	2	2	0	-6.74913636116356
chr5	3133938	4830577	0.134183238629538	98	0.101807750243673	2.45588598718192	2280	1.66180576727191	14	12	2	-6.74195403178098
chr5	4864112	6693083	0.00306355183417206	55	0.00757578989892094	0.360192245904442	1326	0.126690210833533	2	2	0	-7.2879417054809
chr5	6725191	8168150	0.0984905147435973	102	0.0828501423543631	3.21495155977541	3165	1.96083370057416	19	17	2	-6.74192948126042
chr5	8335371	9914358	0.0382620537060001	16	0.100600198806961	0.508385533957663	638	0.705759383898303	3	3	0	-6.85884804056986
chr5	10000705	10322431	0.267257973371456	26	0.10608025989062	1.37306705656798	831	0.476737333913045	7	5	2	-6.75113738604542
chr5	10353752	10845006	0.00201723472078708	13	0	0.384147434279036	640	0.165582336416118	1	1	0	-Inf
chr5	11418125	16711342	0.272343600934468	284	0.102471089241279	1.3558516788918	8669	0.765898163308792	7	5	2	-6.74404992691679
chr5	16719169	16823696	0.167962075118744	41	0.0957212034007503	2.38292672061968	905	1.26695585287704	12	10	2	-6.73314579197909
chr5	16824737	17354556	0.202347233170879	92	0.125723794120392	1.7374691361131	2180	1.10847636558261	10	8	2	-6.73702427602825
chr5	17392188	19028865	0.00734755183953351	15	0.00671317113342619	0.409151876705696	334	0.197958506444827	2	2	0	-7.42195122509234
chr5	19197482	19839952	0.248365294553537	28	0.107184525407227	1.44132648492509	587	0.566641315449689	8	6	2	-6.74177419932075
chr5	19920811	22086489	0.0749145672454951	196	0.0897197781559898	4.41545489357729	5832	2.82309264765139	16	15	1	-6.76346952915092
chr5	22197346	24813007	0.189392877261305	121	0.0924943986093465	1.96737362476731	3031	1.08436852146045	10	8	2	-6.74092434633954
chr5	25190563	28226401	-0.00298151111405176	15	0	0.366953330268681	649	0.34060012123454	1	1	0	-Inf
chr5	28449872	29363941	0.097084073717813	67	0.0914578691872557	3.00799307820105	999	1.93538733872846	20	18	2	-6.74392759540664
chr5	29396541	30086430	0.0015984106569531	12	0	0.380062993743921	142	0.184787696851824	1	1	0	-Inf
chr5	30176633	33812008	0.127264841039841	529	0.0779243091126178	2.6990007523277	15806	1.58782165628504	15	13	2	-6.7430600765976
chr5	33881147	35184256	0.00667701939877707	53	0.0888748120707413	0.394281159060866	1738	0.287504351976351	2	2	0	-6.73668192346868
chr5	35315381	37213624	0.197858131200852	159	0.109049149747917	1.7271296961745	6354	0.800228007016228	10	8	2	-6.76179721692845
chr5	37224383	37608732	0.0868218804769892	121	0.0661948611439988	3.78340269128	4178	2.11781453297741	12	11	1	-6.74626801066803
chr5	37656422	41149808	0.169640259377924	291	0.0956442879316847	2.00953124732254	9779	0.823390715325363	11	9	2	-6.75821444534787
chr5	41172327	46381425	0.290782596235428	127	0.125822135269532	1.40726015941102	6266	0.721697189430375	7	5	2	-6.73771870806113
chr5	49600577	50269093	-0.000862595890242068	10	0	0.0810542265528945	32	0.265206521397826	1	1	0	-Inf
chr5	50399974	132204171	0.498893682899281	2459	0.100051394028146	0.769161801499714	83067	0.290477783068715	4	2	2	-6.94846026674124
chr5	132210587	133089773	-0.00116974933398306	41	0	0.369859420318911	2448	0.13592255456665	1	1	0	-Inf
chr5	133098957	181281814	0.498897507531006	2591	0.103900024689534	0.754231990315453	97437	0.269342659455707	4	2	2	-7.29016001407262
chr6	203878	32485507	0.49890167183403	2429	0.100938783735399	0.790553603294968	70618	0.276695414515972	4	2	2	-6.74861278958487
chr6	32522009	32584298	0.498117198670683	25	0.190799266245969	0.156060571397709	67	0.109705438013826	2	1	1	-8.6252695556421
chr6	32618459	32666731	0.135467538919694	25	0.120583263073004	0.668003493749085	162	0.186286748185831	5	4	1	-7.0205844892154
chr6	32668032	58123392	0.498898527290507	1667	0.100591665766002	0.796259901381423	63856	0.273858662117377	4	2	2	-6.77877272259092
chr6	61133505	112100518	0.498859171024067	1352	0.102854669047182	0.802978868756976	53189	0.330681079625026	4	2	2	-6.88289292730422
chr6	112100951	170736839	0.301746591871117	1953	0.120696452966081	0.576192213253375	64593	0.215309971664209	3	2	1	-7.08455567484084
chr7	50462	58100284	0.429728518528477	3411	0.104243493114742	0.96399918455184	105659	0.359855202580731	5	3	2	-6.8576957788821
chr7	60981623	65763141	0.440664552230177	252	0.119391765409645	0.938372827372955	6623	0.366306962487049	5	3	2	-6.84274365638636
chr7	65771757	67020817	0.498532832170519	199	0.157983793765158	0.980685693222697	5436	0.405216390849086	6	3	3	-6.88074630529608
chr7	67028032	100952551	0.406705643712064	1962	0.108393210264024	0.975696510094282	78297	0.370129411263496	5	3	2	-6.73886850322578
chr7	100952563	100960659	0.110825451767172	63	0.106115407810108	0.745022612507293	514	0.203505035109906	8	7	1	-6.8080564356249
chr7	100960708	100974719	0.49865135725509	69	0.145204604740524	0.820714852092427	322	0.303861428004668	4	2	2	-6.73326817244302
chr7	100976343	152344249	0.417422362689996	2824	0.101976787240101	0.960127879088992	109107	0.353638437501249	5	3	2	-6.85695350702229
chr7	152358767	152416386	0.119718790971733	72	0.143316551042847	0.583365876121876	289	0.428716758160225	7	6	1	-6.88328592330124
chr7	152416388	159267589	0.416791711805534	504	0.109877695279527	0.965029344335873	12097	0.392562052377315	5	3	2	-6.75372728475432
chr8	232934	43897525	0.23365396779122	2271	0.113148955341753	0.764046005300129	67639	0.286572684425385	4	3	1	-6.9578996560523
chr8	45952323	145066250	0.3868203170368	3746	0.105710842312081	0.943119430856855	136548	0.351893532035805	5	3	2	-7.39138799820016
chr9	117877	43253957	0.330623780613608	1649	0.128419290109484	0.591779996902953	47000	0.262268693543649	3	2	1	-6.74647283520734
chr9	61666943	62602231	0.290482326251322	14	0.120471167495805	0.584663763770723	138	0.369345221332147	3	2	1	-6.80815341422623
chr9	62719486	63979927	0.482443000141941	77	0.168120035113086	0.677805958409496	781	0.266420947132443	4	2	2	-6.95858569773746
chr9	64025081	138177044	0.498913638754687	4110	0.101517630650624	0.789450675214413	157178	0.281047701815692	4	2	2	-6.75640036197051
chr10	48874	3554755	0.000417890787639041	104	0.0326533365005076	0.398032238861204	3189	0.154920585499467	2	2	0	-6.75223182907418
chr10	3659860	11936500	0.324604781500527	455	0.114005457557978	1.18203834723126	15357	0.463495849203242	6	4	2	-6.7370418803574
chr10	11952290	19772334	0.257848018270275	897	0.111419459484346	1.55991756330236	27610	0.702927848750823	8	6	2	-6.7363083652067
chr10	19844688	21958718	0.499013374648003	78	0.0988809455453445	0.803572352088729	2900	0.328267274553404	4	2	2	-6.73996040848847
chr10	22135299	23432036	0.229771099968603	111	0.103921819035968	1.99105551921923	4497	1.09207491487576	9	7	2	-6.74566695135269
chr10	23433340	23736701	0.236060029303652	29	0.139146359491026	2.05833843094613	548	0.748736833057791	12	9	3	-6.74485687156252
chr10	23765574	26292392	3.54160816257165e-05	64	0.0224698872568007	0.391569649125425	2377	0.155351942784069	2	2	0	-6.73318850186223
chr10	26362695	27306427	0.242485567998768	130	0.108568382227786	1.53389531431521	4394	0.602682144903677	8	6	2	-6.73668998267569
chr10	27334211	28332892	0.479626640118884	41	0.124219725663449	0.626982701811043	1216	0.234994512916127	4	2	2	-7.24933198487162
chr10	28351109	34806411	-0.0010207722707517	234	0.044260652039411	0.397782015122931	6187	0.162112148222815	2	2	0	-6.76274796820878
chr10	34873236	35059982	0.0181918718530582	143	0.0190741656677923	19.5624225374491	6202	14.2107909374883	20	20	0	-7.23589704886424
chr10	35060646	36315181	0.032622930185297	299	0.0367508804487052	9.28211669060311	10120	8.15843549386588	20	19	1	-6.87264223421996
chr10	36442597	37972906	0.000385487675081841	23	0	0.390377896463986	1176	0.180035397829715	1	1	0	-Inf
chr10	38296247	38728429	0.498651797215339	10	0.14685022604303	0.435693292989776	377	0.191209558397697	2	1	1	-6.81055336407612
chr10	38919358	39475579	0.498044654309021	12	0.167711512768657	0.35521589818854	67	0.157408965887704	2	1	1	-6.86235137318904
chr10	41859953	42280334	0.155347575870405	13	0.133232012785101	0.502263730152634	110	0.345455108192773	4	3	1	-7.41459785568018
chr10	42337130	133622519	0.333221770862786	3727	0.121475242135852	0.593585149653921	134535	0.215558176860177	3	2	1	-6.82640139472721
chr10	133625834	133787106	0.156331704364812	9	0.162477006920296	0.434128092222913	59	0.322273468026827	4	3	1	-7.2355900505011
chr11	197557	50631351	0.498899805601241	2845	0.0980007584949423	0.728624474292823	95617	0.240475922775936	4	2	2	-8.73398993890105
chr11	54591802	56015518	0.346929714079841	95	0.0993824605262234	1.15654883225784	2312	0.378481131825688	6	4	2	-6.74599467438076
chr11	56015679	56971203	0.20798715632711	109	0.0947035936076442	1.51290483728633	2964	0.418945431883854	9	7	2	-6.8230751815886
chr11	57018744	57910795	0.498728834728669	71	0.0964274082946469	0.728899735416052	3767	0.290473341860244	4	2	2	-6.76707693538088
chr11	57917477	66616617	0.00365231218473699	758	0.0234088597798628	0.398518969119265	33524	0.13009308168058	2	2	0	-6.82562011964774
chr11	66638420	66975689	0.498503164510067	29	0.132149424680359	0.762239911704675	2358	0.419985186109096	4	2	2	-6.734047036682
chr11	66979142	67234954	0.100540234898026	81	0.0823983792391244	3.11346247898799	3402	1.67151495551704	20	18	2	-6.73598143547915
chr11	67246189	67365009	0.49904358008748	14	0.0942983632873939	0.733854355154868	1015	0.208847745640468	4	2	2	-6.74032873079781
chr11	67383632	67938325	0.104570390195898	209	0.0797778778823498	3.5557010888411	10526	1.46861976853823	19	17	2	-6.73341190774017
chr11	67948754	68487530	0.0844479723387929	247	0.0562527704316124	4.82998357435081	10223	2.65274241577738	12	11	1	-6.75692589583671
chr11	68493825	68708543	0.489868839120978	13	0.0479798301639773	0.75222006160739	606	0.281852328641771	4	2	2	-6.76250378629884
chr11	68752210	69712993	0.0809147716889652	314	0.064874022964035	4.82940500508916	11060	2.92605077810174	13	12	1	-6.76266181944052
chr11	69765223	70268280	0.172264631702259	115	0.100565853662958	2.60902609624336	2901	1.75337370449086	12	10	2	-6.73593427898043
chr11	70268779	70882043	0.307523666705053	72	0.107273639832052	1.44731902900754	2802	0.501190931728926	7	5	2	-6.76183344029
chr11	70885043	71119367	0.136093351699611	36	0.0590664610874634	2.76328605368841	1321	1.16368047363547	15	13	2	-6.73474469070803
chr11	71126968	71620080	0.377849902102593	87	0.103003777281169	1.00917066093396	1587	0.447716458616441	5	3	2	-6.76187600918499
chr11	71620115	72669208	0.187078966703962	189	0.11526495401954	1.81526343954477	7416	0.908207207366023	10	8	2	-6.74510431156765
chr11	72692635	73360218	0.308610072862937	60	0.108344464008808	1.30624006246846	3320	0.544398957769175	7	5	2	-6.76302867025285
chr11	73363681	75478112	0.49875697794986	198	0.0995514701341259	0.93471352165189	7705	0.426708944991845	4	2	2	-6.94004912154823
chr11	75526981	76796782	0.125012278425777	123	0.0977959078088973	2.71194943493005	6018	1.41807012461436	15	13	2	-6.73986896041291
chr11	76804475	77651136	0.0951900393153083	240	0.0615596272666187	4.17103078232947	9649	2.18120263742436	20	18	2	-6.73709550805509
chr11	77653526	77901738	0.145975936480124	57	0.0897590585762308	2.5877032730242	1899	1.2914799318185	14	12	2	-6.73406618846133
chr11	77903724	78150352	0.0790294977584189	193	0.0582853011291887	5.08058911269863	4200	3.21457717285456	13	12	1	-6.74061613237068
chr11	78152138	78591214	0.0510346606753855	151	0.0461136564986262	7.63481775719372	6440	4.93696138034643	20	19	1	-6.73812424282872
chr11	78596511	78812543	0.108408753961099	37	0.0860632842092892	3.25770999809603	1521	1.83822089999331	18	16	2	-6.73386789053525
chr11	78814091	79999245	0.0562303941474203	96	0.0511237748105242	5.1367673573646	3039	3.77725089205367	18	17	1	-6.74014257644401
chr11	80026720	81218160	0.200729330388566	48	0.113742024893838	2.11156488433427	1001	1.34421410832389	10	8	2	-6.73522012147369
chr11	81466782	81863355	0.117709213277479	31	0.0782706498226245	3.70328840329521	441	9.84678393355133	17	15	2	-6.73305724283034
chr11	82025623	82997444	0.00891297755484421	15	0.0183321211720484	0.412944665543168	541	0.149439305097843	2	2	0	-6.94025184272945
chr11	83672197	85111754	0.131102668995637	54	0.0922207648087715	1.90966659093847	1428	1.4064872593607	8	7	1	-6.75249244209913
chr11	85150285	85745660	0.270205440686889	22	0.105474315209112	1.48222529972113	1457	0.574859275172013	7	5	2	-6.75234170227624
chr11	85776129	88218479	0.0623224933981767	434	0.0484763489492107	5.77154855544013	14415	3.46890934638516	17	16	1	-6.77262027404775
chr11	88249689	88604945	0.00202711158677749	14	0	0.374303839002904	276	0.123163236690988	1	1	0	-Inf
chr11	88630874	90383527	0.150684952406718	116	0.0851450336873454	2.23717324376199	4221	1.26651588772075	13	11	2	-6.74501420656079
chr11	90386404	91690238	0.0934973077024939	75	0.0718555859013426	4.33001128489344	1696	3.86243284948819	20	18	2	-6.73845334479936
chr11	91960811	102183873	0.00313167233592598	215	0.0411456253618291	0.463341605315153	7529	0.874353254619207	2	2	0	-6.95161535769876
chr11	102186337	102473061	0.243933118884181	15	0.149026587592697	1.53279989317686	978	1.35140560489795	8	6	2	-6.73407459625129
chr11	102524926	102747804	0.0522448519140765	81	0.0355668948932245	6.88510394765027	2660	3.23372973109883	19	18	1	-6.73791912946227
chr11	102771945	102865911	0.18818918730842	11	0.112314736343901	1.37142470164184	575	0.705153310891922	5	4	1	-6.75239811555183
chr11	102945614	114016416	0.00307728518022726	304	0.0323970448408066	0.396874380891826	12204	0.152308885487435	2	2	0	-6.77854077342908
chr11	114177541	125310208	0.498873975634662	859	0.100136475875045	0.73281362830811	28327	0.242441693409936	4	2	2	-7.21733616718715
chr11	125351514	134618750	0.000476873873256123	289	0.0153798642683703	0.388171425525459	9416	0.140126325138225	2	2	0	-6.76349214581698
chr12	12820	60104	0.498340637848987	15	0.163204604276788	1.00265218612964	96	0.28337182949263	6	3	3	-6.74211762522119
chr12	125962	34309738	0.00308403541432151	1960	0.0627812851134666	0.593760574291777	59333	0.215301143011686	3	3	0	-6.77222241948724
chr12	37420043	45478101	0.498850800118939	321	0.10561224715175	0.795091804459485	9703	0.288650571870953	4	2	2	-6.74375890338766
chr12	45707823	133230679	0.398530445819624	5512	0.0976519403208282	0.990724863331376	234643	0.360494912346339	5	3	2	-6.77655927629544
chr13	18178016	18317654	0.0855801408734523	12	0.100247383401203	0.0778881530560255	36	0.0698826851411684	1	1	0	-12.4535098357459
chr13	18317712	114353899	0.331208184153326	2847	0.124011782339187	0.58716069618505	87486	0.263066729864595	3	2	1	-6.73624934281031
chr14	16098225	16098268	0.25	1	NA	0.534679922290537	2	0.0417193000900063	3	3	0	-5.76454544464181
chr14	18296555	106638951	0.335396736338064	4265	0.115572065496904	0.59314979752969	143964	0.212384965139544	3	2	1	-6.81189099823636
chr14	106639387	106643630	0.0579086731249016	20	0.045589010679514	0.395899101022099	41	0.117101883928108	14	13	1	-7.41141352509828
chr14	106652206	106874913	0.331541750214515	51	0.110450830156921	0.511671706418954	643	0.154718066797649	3	2	1	-6.83993904296768
chr15	19858910	22585071	0.498545362700675	256	0.176841731437863	0.477018850341201	2741	0.216098931090828	2	1	1	-7.84291306320734
chr15	22609043	59208147	0.00156519891939205	1723	0.0663280115344314	0.397519938492353	57837	0.146927009873183	2	2	0	-6.91323350806952
chr15	59208643	59303298	0.498731755458317	9	0.154449380416728	0.650117997551177	225	0.312050219045508	4	2	2	-6.75355685215491
chr15	59351140	66328898	0.001377403149668	321	0.00902620471157879	0.401465848023454	12622	0.153273902022712	2	2	0	-6.84280828393425
chr15	66352183	70565682	0.49882829435961	223	0.0869816775233775	0.801300471962428	8512	0.29895228808548	4	2	2	-6.74599656307683
chr15	70570670	94276135	0.331582696882571	1952	0.105037188074337	1.21376267140186	79326	0.469598230674868	6	4	2	-6.79502789587495
chr15	94298808	101954215	0.344681526102855	460	0.110973358719797	1.14165446176078	12199	0.454120397758987	6	4	2	-6.75944179738722
chr16	31639	33734949	0.498891926261346	2902	0.104508998265644	0.660674573615999	102774	0.231052713181739	3	2	1	-10.9335449636862
chr16	33737045	35344134	0.498528492553645	68	0.14356094890034	0.534176757282809	1325	0.201273946291743	3	2	1	-7.65159834781087
chr16	46386441	90102289	0.338083629561017	2386	0.125584031477183	0.465933823969901	78021	0.170213055691243	2	1	1	-14.489442329144
chr17	137603	21290809	0.338896381708096	2225	0.115127906753781	0.595742156848834	73944	0.210023640899822	3	2	1	-6.77974576844571
chr17	21290834	22661450	0.328187226073548	336	0.150653651845878	0.680311577357615	1972	0.315356324856436	3	2	1	-6.90351003108885
chr17	25074523	82128528	0.498921801368049	4758	0.0957750167460898	0.802085993037927	202690	0.281493583341234	4	2	2	-6.94101083922761
chr17	82150233	83194874	0.498675962434939	144	0.139780155218576	0.805449364083755	4937	0.279209018549561	4	2	2	-6.73872752809453
chr18	47554	110425	0.254737114111174	22	0.146592649071857	0.61919641203234	168	0.318388870751239	4	3	1	-6.75439281295029
chr18	116749	14124428	0.498875922984598	918	0.093984689096638	0.79983693203917	23478	0.294304289569826	4	2	2	-6.76984350391431
chr18	14143527	15379034	0.498546611554335	82	0.175264783124144	1.79590962704047	1748	2.75015442375726	10	5	5	-6.73382846231983
chr18	21006644	80251092	0.498886178372623	1772	0.101384872875556	0.794581916999151	64776	0.307780233872528	4	2	2	-6.79512562183345
chr19	263151	24394098	0.498917044607946	4825	0.102540671971235	0.743643074235197	150428	0.257151742771583	4	2	2	-7.29896583202846
chr19	27867463	39893805	0.498902770510447	1165	0.0943310614102954	0.777141970261902	45036	0.271299601647306	4	2	2	-6.74152344783955
chr19	39893878	39899656	0.185004623189294	9	0.120733291919743	0.615470613009062	43	0.177266296790596	5	4	1	-6.76609818749273
chr19	39899827	55078889	0.498884351051221	3140	0.10580149435862	0.703317075159157	97761	0.236915413639131	4	2	2	-8.22377238156341
chr19	55078926	58572275	0.494339487927916	702	0.098149119008184	0.800923829978391	22624	0.251945722186633	4	2	2	-6.74937650897712
chr20	172351	25475589	0.250451932362302	1063	0.11345218236049	0.780467762580795	40055	0.289824541905565	4	3	1	-6.73755349687198
chr20	25773519	26271014	0.0263155913212398	22	0.101851049889711	0.711744305640859	386	0.302555149681868	4	4	0	-6.80345345505332
chr20	28559163	31245079	0.114889776026104	668	0.150973674823544	1.18105813930219	3570	0.656507157064815	6	5	1	-6.80283681034229
chr20	31248651	64281456	0.367146358564802	3514	0.0974287522962352	1.57805143379426	157018	0.631052129737264	8	5	3	-6.73866137709223
chr21	5218301	10739816	0.382754356676738	606	0.170030738559843	0.7195108717953	3325	5.42222630198187	5	3	2	-6.74996781423032
chr21	13000143	13036710	0.0266751317970089	70	0.0534197410800543	10.1449514459005	717	8.11767430439521	20	19	1	-6.84559300171076
chr21	13036854	13196491	0.00748422474821653	33	0.0113654013780794	29.1121898337209	1535	24.5663207842614	20	20	0	-6.98317855446355
chr21	13202136	13853481	0.0260193325674133	164	0.03186890218583	15.951834129277	5693	9.14266921638529	20	19	1	-7.0640556804021
chr21	13853488	13861701	0.352847526564927	15	0.217744892236852	18.220311562199	242	9.66836639113584	17	11	6	-6.73318190937329
chr21	13861721	14102730	0.0145255693563575	142	0.0255782832998186	16.5338439332641	3701	9.9240691252841	20	20	0	-6.92358088423573
chr21	14181709	19795732	0.00292333881806695	122	0.0760973107574215	0.503373882137195	3125	0.223546612681523	3	3	0	-8.040789376244
chr21	19825679	25734940	0.31871546535356	206	0.120091869975422	1.40619663249083	4450	0.805617388140117	7	5	2	-6.78118033923347
chr21	25751821	38286170	0.302641596828582	496	0.12484457771583	0.730591605946279	20430	0.548593732785129	4	3	1	-6.96138150568891
chr21	38447000	39844518	0.498842727233062	79	0.108463415771664	1.10720036435858	3197	0.529644755738854	6	3	3	-6.74411579371147
chr21	39897792	46692843	0.282863363870775	633	0.110693016414119	0.704290712789926	18888	0.233365370122891	4	3	1	-7.5481352907248
chr22	10685457	12705449	0.490138492562336	476	0.174897667281027	0.471685258021673	2123	0.234689782615224	2	1	1	-7.40402952773402
chr22	15343050	15854760	0.371737749726739	15	0.102189925884996	0.573063652539614	366	0.209736899426547	3	2	1	-6.8213890252987
chr22	16136808	16390411	0.00108190323440083	16	0	0.420666702650294	121	0.134451551998148	1	1	0	-Inf
chr22	16422067	16645009	0.0285626122053408	17	0.164709927733934	0.404945008259683	298	0.15519307292264	2	2	0	-6.75670240125996
chr22	16677958	18535839	0.000450674363749959	131	0.0187816892125559	0.404880267990493	3721	0.153385840329031	2	2	0	-6.78104493453
chr22	18544635	18854911	0.0267135312197397	13	0.174030169798228	0.548342760035634	98	1.45949878681357	3	3	0	-6.74756577693003
chr22	18908574	20670592	0.00306297136815814	134	0.0377261987965506	0.413120926696631	5971	0.249892415308975	2	2	0	-6.78240555786319
chr22	20685517	21023669	0.0273702013862432	211	0.0400736767866749	14.9269900588392	20108	7.44062246606517	20	19	1	-6.92505065967344
chr22	21030227	21085910	0.499410586499985	16	0.0662213460046431	1.05323487398	478	1.01466551929018	6	3	3	-6.7334751628168
chr22	21132313	21557821	0.491696320700446	13	0.148674399017036	0.809251853805141	378	0.702058742707078	4	2	2	-6.73540550624911
chr22	21567397	22005555	0.499079058763215	59	0.0992420162570553	0.86619992711348	2226	1.21474765641572	4	2	2	-6.73483489181506
chr22	22018174	22532829	0.0401025097618297	290	0.0398953325735006	7.62596588467031	9246	3.89066572899656	20	19	1	-6.77873959914655
chr22	22533207	22564042	0.458832766197408	9	0.171050999542372	1.47923387969552	280	4.06318846822328	13	7	6	-6.73351178953268
chr22	22578834	23187501	0.0598251977478568	251	0.0515624246274953	6.4243208549265	10078	3.6023211219499	17	16	1	-6.7453438528546
chr22	23194333	23997362	0.00530788505958479	106	0.0544474721517875	0.403363019740152	2379	0.153838364725641	2	2	0	-6.75474906019985
chr22	23998387	24003916	0.24676428783045	15	0.132025250110222	0.462072024314438	70	0.17980059175384	4	3	1	-6.76198824678579
chr22	24056085	26040755	0.000739750777302928	206	0.0480099674413071	0.41069365962904	5103	0.389355456261918	2	2	0	-6.74982075809391
chr22	26292865	26754910	0.295035955722677	56	0.100583297198514	0.584795832571164	1464	0.206083145543962	3	2	1	-6.81900713229902
chr22	26859886	27831011	0.00245040535008989	19	0	0.402612648521934	523	0.178139869102393	1	1	0	-Inf
chr22	27831030	28108270	0.497878468487116	9	0.237299388958337	0.685320039338558	644	0.268980330340315	4	2	2	-6.77469393291918
chr22	28401330	29278383	0.472308653924639	89	0.0996956323071558	0.937462202619202	3057	0.448181398106614	4	2	2	-6.86110210499038
chr22	29296498	30870559	0.316694968580747	150	0.125592038854832	0.602013349090279	6457	0.218038296078211	3	2	1	-6.75409513415839
chr22	30889693	32370998	0.00405624966624551	123	0.0589400353090193	0.407142141154939	5371	0.147627180547903	2	2	0	-6.79242774986897
chr22	32384749	32857305	0.338023790647456	54	0.125285245469508	0.614785329313075	1059	0.202762912524681	3	2	1	-6.74723019191151
chr22	33089476	37232953	0.00107661287876454	276	0.0603790908455129	0.418598374826687	6500	0.184408278776174	2	2	0	-7.02864114913169
chr22	37240909	39364167	0.343096106621275	423	0.112992393594269	1.26056877455725	16318	0.506086237601832	6	4	2	-6.76106669849004
chr22	39364384	39875818	0.00359951409202508	30	0.0402423120379647	0.40531649586078	1341	0.14650979031962	2	2	0	-6.75328138409515
chr22	39968390	41548233	0.311822136195164	153	0.13025079338663	0.759755941067714	6828	0.427064863007451	4	3	1	-6.87052525863374
chr22	41554667	43434990	0.498832827678626	351	0.097810337097579	0.787251957497883	8770	0.277047212411633	4	2	2	-6.7333115558636
chr22	43502770	45402201	0.00121474773829239	123	0.012225964596541	0.421354815657199	3619	0.171708057443162	2	2	0	-6.93151159132949
chr22	45509681	46018163	0.00215193673334491	31	0.0911727652222941	0.789352206904203	1206	0.291883644093803	4	4	0	-6.73350697798012
chr22	46053930	47111469	0.00262864028674686	147	0.015497737020708	0.413512799426977	2782	0.144737742299973	2	2	0	-6.83396036927983
chr22	47173242	47660442	0.321958714690105	9	0.164097616612118	0.692256881649726	324	0.363617526800282	3	2	1	-6.79390560066054
chr22	47677428	48707687	0.0013610406690634	23	0.00622280645353066	0.425503075438765	429	0.195780703468776	2	2	0	-6.86691539349327
chr22	48835265	49497968	0.025745523866693	353	0.0518531693823392	14.5157288742364	7898	9.57822238372528	20	19	1	-6.86892773095928
chr22	49543536	50808032	0.00485808295343448	229	0.0149302920731551	0.413594070271216	6744	0.237588095113098	2	2	0	-6.83360671403978
chrX	255805	49346325	0.319217716809801	719	0.12472395874021	0.866191801534608	39161	0.391565554339223	4	3	1	-8.37867953373488
chrX	65956689	156010156	0.10059713911175	60	0.152039802995516	0.789445211898538	52436	0.732403539892882	4	4	0	-6.98900046543896
chrY	3066285	11107628	0.0968915034699513	13	0.0552175185876218	0.959059839252053	226	0.801749620261206	6	5	1	-7.86273942544729
chrY	11111606	11218367	0.498588352737254	10	0.163773861705028	0.167716747270022	28	0.191183905479216	2	1	1	-7.78828949376353
chrY	11293602	11986362	0.497885394576579	14	0.191066080853581	0.126451252663035	48	0.168972855210156	1	1	0	-11.2854954945155
chrY	26437016	56837148	0.0072048545964194	53	0.123641400574967	0.189703701862829	113	0.13667499884666	1	1	0	-7.65169223050452
chrY	56854987	56884104	0.281106649279836	74	0.147054574087612	0.422109482739721	241	0.199743405418799	3	2	1	-6.85563566693473
