chromosome	start.pos	end.pos	Bf	N.BAF	sd.BAF	depth.ratio	N.ratio	sd.ratio	CNt	A	B	LPP
chr1	108310	53167681	0.332639449398283	3154	0.106734725998396	0.848345695878879	168997	0.273570811352618	3	2	1	-6.86728146865729
chr1	53255051	62092304	-8.22696076646645e-05	185	0.0447578955346535	0.552600874587403	9021	0.182426543113287	2	2	0	-6.73737487814029
chr1	62104899	67567481	0.49873614468613	234	0.104372982037178	1.24430156082552	11449	0.660638315045795	4	2	2	-6.82804110890747
chr1	67576417	72015599	0.233905317522441	144	0.117312726448213	2.22780805586699	8174	1.07871689178232	8	6	2	-6.74431766337091
chr1	72257082	124570254	0.00228232927346506	858	0.0385296605134098	0.553549171788546	49117	0.188574965060456	2	2	0	-6.74597872176145
chr1	125094663	248945478	0.374748433229376	5646	0.102953511364156	1.46522980816774	320276	0.526145580716574	5	3	2	-7.45565941281727
chr2	119437	24500465	0.32629095867083	514	0.102661217292911	0.840928196500051	25289	0.280356135049985	3	2	1	-6.75150309764692
chr2	24673520	24971872	0.00419533996221111	21	0.00218217890235992	0.291966165754635	726	0.0968432891047599	1	1	0	-8.44057280741673
chr2	25086887	91987666	0.328277531373101	1787	0.110477081361349	0.835185200245238	101907	0.279341270142756	3	2	1	-6.73707620328273
chr2	94190317	207966851	0.332945997922638	2669	0.110092121419604	0.828224254624268	149798	0.270723410108719	3	2	1	-6.76682695994294
chr2	208070303	240774229	0.000204218360161545	1071	0.0086015957782986	0.552157502340114	47098	0.173451781724313	2	2	0	-6.75695535218573
chr2	240788031	240874079	0.497741470232214	9	0.199528819973456	0.575041269297195	142	0.182911358937188	2	1	1	-6.73495161504758
chr2	240875890	242063016	-0.00055490758685961	193	0.00496940662040194	0.575593211407576	5197	0.158479077701657	2	2	0	-6.77611530143977
chr3	51295	90005264	0.323344870397485	2201	0.108530457000099	0.849875007498032	141401	0.268386507628835	3	2	1	-7.01741488352391
chr3	93470433	105565053	0.324411405208427	174	0.102684755082326	0.831438690670887	10548	0.269403869425271	3	2	1	-6.73802511852517
chr3	105604734	143724263	0.0022138717953728	954	0.0172150163171364	0.563490487148958	49231	0.182044549367292	2	2	0	-6.88068682264109
chr3	143805616	198120733	0.324617376255446	1556	0.113599383850989	0.845480263294029	68537	0.286083259721097	3	2	1	-6.82004194568339
chr4	14018	48991596	0.498899180977149	1506	0.0897031163650775	1.0379891728512	73070	0.351674243701148	4	2	2	-7.66848699784935
chr4	49102626	49629198	0.26262928228194	88	0.128036501599746	1.08426832315594	558	0.489560323545282	4	3	1	-6.73964296174276
chr4	51838815	189982795	0.498908528617045	3261	0.0944625557994446	1.01625858646003	156865	0.354553406467157	4	2	2	-9.76325463314474
chr4	189982875	190179746	0.498309144814058	27	0.156862053103049	0.90192305888229	276	0.369724674330723	4	2	2	-6.77042337716019
chr5	163090	46381447	0.498881044740635	1098	0.102358710072682	1.0856608770112	55461	0.387666209435839	4	2	2	-6.82966901959517
chr5	49601562	50399214	0.497856191833244	9	0.211159563153344	0.546959566863522	49	0.9955646391271	2	1	1	-6.73320733465624
chr5	50633622	181283430	0.498923525247747	3872	0.0907222598861329	1.09385657966153	213816	0.379239607934784	4	2	2	-6.861951926965
chr6	295604	29871604	0.288084842263927	2348	0.105863238594147	1.86888564586274	89787	0.797838472766035	7	5	2	-6.77656747605429
chr6	29871644	31207304	0.305995722885024	447	0.0965747897806023	1.84221817345477	15689	0.63784267887208	7	5	2	-6.76509201011721
chr6	31207349	31384336	0.238405820327061	123	0.118130576059432	1.69586766878652	677	0.637878047807384	8	6	2	-6.75779819423833
chr6	31392244	32485595	0.290578432689591	376	0.0965527602802245	1.91728506147788	19668	0.563593975554956	7	5	2	-6.73495436253602
chr6	32519398	32584308	0.459707332132962	64	0.14454693088466	0.544591892281642	145	0.395764221794838	2	1	1	-6.77939029783995
chr6	32636761	32668221	0.0659944946786639	43	0.110713531951851	2.23245881873509	338	0.729411703581875	14	13	1	-6.74537968624577
chr6	32691743	60964236	0.290019790610318	1771	0.110269101252871	1.89159855747828	113507	0.725183273218086	7	5	2	-6.75814190376984
chr6	61322946	65567096	0.273903480498499	71	0.160278015502817	1.44999191902374	3612	0.651499378190109	5	4	1	-6.86911440648394
chr6	65837285	161144273	0.000588946571153326	1611	0.0385450300930826	0.575829719924223	84587	0.329097560060774	2	2	0	-7.34810401568505
chr6	161370017	170583760	0.333691870632604	266	0.114223521451962	0.813614448144004	9607	0.269624858508405	3	2	1	-6.77593752836387
chr7	31439	29499710	0.00230052188569213	861	0.0358190413329369	0.563392547478129	33316	0.200853109162182	2	2	0	-6.82160920164977
chr7	29669973	58091527	0.373389742372072	923	0.111812703681129	0.887578760830485	40182	0.299160971763177	3	2	1	-7.48682007975371
chr7	61725429	100953156	0.38490689605387	1347	0.107546481108783	0.90815879706508	74016	0.315844292392589	3	2	1	-8.24581067169769
chr7	100954123	100960738	0.128185518394659	74	0.12562243180294	0.708223556131035	462	0.20877453299377	7	6	1	-6.83265900490231
chr7	100960786	152358692	0.376019082639047	1722	0.112004270149404	0.903799754306723	92884	0.30619540331115	3	2	1	-8.45359421767519
chr7	152379803	152416484	0.207222408072259	93	0.149528342928501	0.765693855848053	286	0.506110752047653	5	4	1	-6.76473152674716
chr7	152418089	159260906	0.498824742236684	350	0.114543493500929	1.21133861431809	12323	0.46686287802394	4	2	2	-6.87074699900717
chr8	311290	43302033	0.00123328830265823	1104	0.0680683274364424	0.5501857863005	46976	0.188355105931295	2	2	0	-6.79953479545144
chr8	46579451	68137268	0.00224558995981966	280	0.0112312562178698	0.549082040919974	16676	0.191973091518639	2	2	0	-6.80386793509753
chr8	68194557	79766630	0.00147183292420189	253	0.0285593942282128	1.0767644612487	11336	0.392241816303055	4	4	0	-6.77848508500032
chr8	79919478	144978026	0.395518450320899	2178	0.103018657837735	1.39908737184606	117670	0.522821447739576	5	3	2	-6.74202936992093
chr9	117666	3100714	0.498779973789931	108	0.109698234558639	1.0092737003137	4192	0.363243808933885	4	2	2	-6.85563265611807
chr9	3262803	31627999	0.00229612755481395	390	0.00383803751101138	0.538399662586038	17215	0.183811844232772	2	2	0	-7.39616148365974
chr9	31808654	39036472	0.498845650446498	357	0.0946844089706001	1.02587177130368	25427	0.326031800983641	4	2	2	-6.98173163911997
chr9	39036615	43253957	0.38291195576137	244	0.138658313280767	0.989645748981043	2432	0.398132628497864	3	2	1	-7.24747389428218
chr9	61857077	66029956	0.318596125513278	121	0.14947385916274	0.977382990898458	1532	0.361583018672237	4	3	1	-7.15577928188046
chr9	66182385	78692634	0.4713905647512	356	0.0881680933891713	1.01046301343594	15721	0.36969873828074	4	2	2	-7.25285089479202
chr9	79036425	81634087	0.000853381093610328	25	0	0.456158425530902	944	0.201153922086872	1	1	0	-Inf
chr9	81685779	138177100	0.49890198515804	2461	0.0970684925309487	1.03084836380581	151030	0.339854187915476	4	2	2	-8.04460031278905
chr10	47663	39475690	0.412618843831609	1503	0.103582549832828	0.925459394242643	58450	0.333969742127674	3	2	1	-8.79354797067154
chr10	41859953	42249232	0.497984880562984	9	0.227052857282176	0.845787628633362	113	0.542121609460223	4	2	2	-6.79161865630168
chr10	42249237	133689420	0.392191672294751	3271	0.101200934855817	0.922119093600369	159427	0.313233280015689	3	2	1	-10.1386293140487
chr11	192997	1016665	0.00380858080023982	164	0.0282786913727439	0.571133243286382	6114	0.156954864420404	2	2	0	-6.75931702457907
chr11	1016776	1099604	0.332577625706793	51	0.139330840581886	0.521735808112687	1045	0.126348276262548	3	2	1	-7.34783337267631
chr11	1108182	18245588	0.00124473271919229	848	0.0259223706063856	0.553479750690407	34300	0.166402737901028	2	2	0	-6.7393120458387
chr11	18245826	18269417	0.116658315560226	12	0.174243472987621	0.50203469230795	75	0.179069565223098	2	2	0	-6.99511473017259
chr11	18283786	26756930	0.00195798135270642	187	0.0105934402517353	0.550122253218984	6653	0.187786092499922	2	2	0	-6.76704259681349
chr11	26942054	27889376	0.0373185172623887	9	0.17545369759569	0.546223508520955	848	0.163329653236144	2	2	0	-6.76608126969629
chr11	27890099	50237875	0.00261157223020897	540	0.00773756019906298	0.583737732426991	24980	0.216962790743638	2	2	0	-7.43024090595233
chr11	50247237	50512765	0.498022812001595	9	0.239027427528958	0.701676044610836	171	0.305352377268305	2	1	1	-6.82490166567461
chr11	54591781	56663740	0.499143775073114	117	0.0642060686034074	1.04240459817215	4133	0.247118168997312	4	2	2	-6.8146759138672
chr11	56700357	56960949	0.115271870796664	30	0.17201946227767	0.897702738324647	252	0.321707751678507	3	3	0	-6.99941465784327
chr11	56971490	70755318	0.498900619684945	1065	0.0792283790004646	1.12847243819148	80342	0.335912739998611	4	2	2	-6.7509612948947
chr11	70899421	73255805	0.323058123780617	188	0.101195096040952	1.6440744298107	12330	0.62510387528339	6	4	2	-6.73987250358934
chr11	73300061	80313065	0.498880793693281	373	0.0892722907787784	1.13556906101252	19366	0.384889819601692	4	2	2	-6.74669520127757
chr11	80572634	87335383	-0.000292770080656479	96	0.00702101325970707	0.562482859168486	4824	0.190200840309628	2	2	0	-6.75155221633289
chr11	87370477	105987812	0.476380407532422	411	0.0898596217611062	1.1001889975719	22008	0.384126718866657	4	2	2	-6.78141572450171
chr11	106052837	134986767	0.00205709213802929	930	0.0356783180000677	0.559097001821953	42693	0.180404597298495	2	2	0	-6.75722957344795
chr12	12867	55991	0.16028547507232	14	0.141219648105315	1.16726344563143	88	0.609356095800336	6	5	1	-6.74307561168036
chr12	56065	17332309	0.00235717264734231	767	0.085721122872284	0.560916035629897	35093	0.19980007572645	2	2	0	-6.75787769550035
chr12	17394822	19738554	0.311355055090404	123	0.131147650573058	1.9352688371077	4938	1.13021095826308	7	5	2	-6.7559006635377
chr12	19752087	25158555	0.49872008442481	187	0.121682071077511	1.15583968328346	7537	0.593464321261333	4	2	2	-6.74748751809711
chr12	25209843	25857050	0.0499641886982815	23	0.172221488516153	0.592534880707933	382	0.223524031739263	2	2	0	-6.815321607022
chr12	26122622	30728423	0.265428710447351	182	0.126332162257641	1.58633074717038	9602	1.02470344639846	7	5	2	-6.85545869640335
chr12	30795890	31138229	0.499219411313694	57	0.0774745895766811	1.0754057066386	1112	0.322653909071789	4	2	2	-6.73518069494247
chr12	31144003	32022445	0.265382927964926	164	0.107780019056668	2.10445500417122	5583	0.96669063337802	8	6	2	-6.74689225391949
chr12	32037263	34523014	0.498753062093853	160	0.0991736287921277	1.35949642353422	4350	0.623344117876715	4	2	2	-6.88559514745238
chr12	37513603	38324173	0.31639867608057	11	0.10128375980383	0.779148088238083	389	0.361299796622209	3	2	1	-6.76649575943868
chr12	38642336	60964746	0.000943069325165635	909	0.0244588543147966	0.567652417024242	55069	0.170886924849551	2	2	0	-6.94155182101029
chr12	61571266	133234117	0.330680670316614	2450	0.110991982325296	0.849438335903885	127359	0.295859577740638	3	2	1	-6.91011458384694
chr13	17907340	18212193	0.291448234284756	21	0.136355889390332	0.624519476536734	53	0.492242595535186	3	2	1	-6.85123061791293
chr13	18317712	114325924	0.498904014804649	2681	0.0950152474232309	1.09517184118524	119323	0.407294623530454	4	2	2	-6.8036752696213
chr14	18289867	19936715	0.386667000203759	79	0.111039784852945	1.25468466451364	1929	0.428807102979416	5	3	2	-6.79653625588465
chr14	20289645	23680837	0.00277010323781907	391	0.0134120657288585	0.850179756305399	17806	0.239626449862582	3	3	0	-6.77283181757447
chr14	23795999	26100384	0.385801948143152	99	0.0798208466071479	1.34073394294477	10200	0.355566794494525	5	3	2	-6.76545571477854
chr14	26240989	31014555	0.000259844462698888	39	0	0.835166536987889	2677	0.293532389165267	1	1	0	-Inf
chr14	31192724	32417089	0.426403622179079	60	0.0925625517620412	1.5747830592706	3281	0.718240597947293	7	4	3	-6.79595027580315
chr14	32545663	106874951	0.00179366643587806	2378	0.0372634825698376	0.841419427112372	126143	0.284163106516405	3	3	0	-6.78664068932596
chr15	19841982	101790153	0.383775527059126	4607	0.102180795032831	1.32525621882913	237835	0.468378062610736	5	3	2	-7.20255027236704
chr16	11651	564921	0.00197913912748859	62	0.0710464372461619	0.558724565593359	3118	0.17362734254025	2	2	0	-6.73386541243136
chr16	578432	33734895	0.33377174230249	1870	0.110718386726947	0.837981251880088	102181	0.266875362378699	3	2	1	-6.74201098510806
chr16	33734942	35908191	0.498486033017112	68	0.147279508864415	0.739932743620039	1788	0.250809780424212	3	2	1	-7.68502330361462
chr16	46386234	46401545	0.487351820673948	63	0.123657841032203	0.606418148052873	812	0.128581409689166	2	1	1	-6.74357198954021
chr16	46474402	90095778	0.341107125022926	2098	0.111610650105812	0.83873509261925	97638	0.272394835859064	3	2	1	-6.75113065738534
chr17	132094	19013580	-0.00066171348403149	1266	0.0612246173165323	0.561910772214375	59092	0.177379817670372	2	2	0	-6.78021525051351
chr17	19093793	19796045	0.223899318201657	29	0.0857559976503389	1.11251932954626	3128	0.346413069240122	4	3	1	-6.78810872099757
chr17	19799606	20260216	0.00245040535008989	19	0	0.655700110179027	984	0.321603026023931	1	1	0	-Inf
chr17	20279611	22567587	0.351020085776944	400	0.156784861916147	1.03148744082003	5142	0.387135721455803	4	3	1	-7.02239456529514
chr17	25074459	27248950	0.498152014094758	19	0.165912151770939	1.07660740911806	445	0.613703995768736	4	2	2	-6.73652551180101
chr17	27301794	28892941	0.49907469997848	107	0.0783347840253058	1.11384251087149	9444	0.325208053399913	4	2	2	-6.73317282568975
chr17	28961070	36989342	0.000897652967141671	241	0.0569103979565597	0.558794551296392	15753	0.200795482660708	2	2	0	-6.73736733559624
chr17	37070131	64897339	0.498891380981866	1609	0.0910243554619402	1.12290688369137	121638	0.380544861469317	4	2	2	-6.74621614308881
chr17	64913318	64922092	0.179257733769473	22	0.1534928753088	0.898653719250195	64	0.366135448186393	5	4	1	-6.75139699065824
chr17	65177638	83059739	0.498913285314472	1852	0.0895072968660272	1.12827124075528	77183	0.36423328623606	4	2	2	-6.7523259292187
chr17	83134194	83151013	0.138792583138057	12	0.18620532817947	0.917586003147475	78	0.307033840242862	6	5	1	-6.78432253266945
chr18	47858	15350708	0.000773129030248842	443	0.0633183837087927	0.566905568318887	17117	0.196185079471507	2	2	0	-6.83016726871233
chr18	21017480	23110243	0.000259844462698888	39	0	0.554230627517014	2683	0.213441064887369	1	1	0	-Inf
chr18	23503712	25481474	0.413093339633256	33	0.0864240339047168	1.36613398299716	5753	0.433485569558093	5	3	2	-6.74846975017684
chr18	26250231	80174730	0.334670600257512	1015	0.106235699276558	0.82463096692812	48796	0.280046046568224	3	2	1	-6.77731669960347
chr19	107381	24394059	0.49892305278255	3780	0.0933166712589821	1.12678832023632	181086	0.376137170729925	4	2	2	-6.75357644696525
chr19	27392072	54631479	0.498920330742446	3326	0.0972890433736805	1.10977672654864	169658	0.353261849833408	4	2	2	-6.73325977030918
chr19	54631594	54632090	0.0964809861628717	16	0.104144911061463	0.777266826200843	61	0.0833179865650023	10	9	1	-6.80244962438085
chr19	54632675	54885201	0.494050868563027	197	0.11565244477749	1.04956742139026	2721	0.239858778625154	4	2	2	-6.74312317917457
chr19	54885488	58463534	0.498884179559788	563	0.0876497505109124	1.10079366206415	26298	0.3186812200386	4	2	2	-6.73492316994795
chr20	96321	5033039	0.498877369345343	442	0.0801964929293716	1.10949116194957	18297	0.375275762743563	4	2	2	-6.73318558806527
chr20	5039466	5135223	0.425065935650715	14	0.16876246392717	1.12006112957188	416	0.456405033069395	5	3	2	-6.75896086493447
chr20	5178698	8402561	0.477190579058973	145	0.0857087294427002	1.10927298764247	4432	0.428833932780998	4	2	2	-6.77525091528347
chr20	8549862	8740457	-0.00319841251747544	9	0	0.587650370343192	284	0.17410030321643	1	1	0	-Inf
chr20	8924809	25773465	0.498857043787307	499	0.0837728227283805	1.08818022493473	22985	0.381231882861118	4	2	2	-6.7629242697729
chr20	25773589	26271014	0.202768427160394	31	0.134912803381032	1.02695622574521	407	0.407011125886972	4	3	1	-6.81680489140096
chr20	28559285	31360232	0.490626268609081	544	0.155288929751928	0.952546372736915	2883	0.413767944772415	4	2	2	-6.95905245245792
chr20	31377211	64327831	0.498913644081507	1883	0.0890634663796962	1.11927995678313	104923	0.383486615459929	4	2	2	-6.7405408599145
chr21	5218123	10333892	0.498652120068946	250	0.135672232541264	1.05522656539063	1946	0.471313893181987	4	2	2	-6.76950879279977
chr21	10334951	10441098	0.451839495539292	291	0.153300565930575	0.859536795630361	1074	0.348178762060226	4	2	2	-6.82606655597183
chr21	10442009	13035101	0.390820284777072	173	0.124595858305871	1.13447267229977	1516	0.365200424365115	4	2	2	-7.16671412378363
chr21	13238671	14900623	0.498696536484725	81	0.120420720808339	1.09214055306376	1984	0.37153440727447	4	2	2	-6.73521438991994
chr21	15552892	33262760	0.00194585224439203	276	0.0203954149565937	0.595897553276658	12213	0.222924136898295	2	2	0	-7.64177581699444
chr21	33417242	34366672	0.498927416889367	75	0.0910067317577399	1.1664305125192	3742	0.448223402157028	4	2	2	-6.73982969030217
chr21	34505386	46623385	0.00135716500575817	606	0.0358424854456516	0.607771997160916	22942	0.189827844419977	2	2	0	-8.03715716767136
chr22	10684412	12183433	0.348837998229503	609	0.148628353508041	0.988992479678126	2843	0.459698653959472	3	2	1	-6.86200009241578
chr22	12192293	12780120	0.498521093475901	83	0.153505703091368	1.27917511304295	457	0.465592463375114	4	2	2	-6.76524270615553
chr22	15541395	15854760	0.0358356384843589	26	0.188232446316128	0.833771601302904	412	0.322959588241274	3	3	0	-6.75469867132731
chr22	16095241	24321550	0.00273243244205751	619	0.0827566389608315	0.57088852151531	22000	0.187811809975714	2	2	0	-6.83645934869632
chr22	24334619	27254289	0.381927648918681	219	0.109338866300142	1.46921286134346	10991	0.571209954452368	5	3	2	-6.76636656834935
chr22	27261643	28957642	0.333456078419322	55	0.122779093187341	0.898457848341894	2756	0.591892386411117	3	2	1	-6.74947909054158
chr22	28995266	29442214	0.327908091385468	37	0.0991693276953895	1.69200687847335	3805	0.698715539222556	6	4	2	-6.73495178762524
chr22	29447943	36783482	0.000359969375148095	365	0.0282402844979164	0.590720511731615	16836	0.26292648788714	2	2	0	-6.96463999329554
chr22	36811623	39350163	0.498840887556945	244	0.105008128301467	1.21073088823068	16639	0.439935187405164	4	2	2	-6.79071436783297
chr22	39507391	41742102	0.236244709040211	450	0.112009203849917	2.35488698267245	22066	1.23451814328305	8	6	2	-6.74503256018394
chr22	41743050	43928975	0.379410038224581	334	0.103000823286717	1.4949937588057	12559	0.545018577557917	5	3	2	-6.78081591706755
chr22	43946236	50782420	0.00102721127779032	337	0.038299188274997	0.571572538236315	14881	0.178152957157643	2	2	0	-6.8368688363349
chrX	256771	57734261	0.498831306755861	869	0.121270362515391	0.543515867745537	60930	0.18827715508854	2	1	1	-7.16308745748917
chrX	63552738	155941873	0.498842094669248	820	0.115091967254331	0.54077576359421	78597	0.175568290496648	2	1	1	-7.81093035714818
chrX	155985299	155985886	0.104114248393445	11	0.191034980138098	0.391457799131556	26	0.113804454421406	8	7	1	-6.82107283954967
chrY	11107695	11117199	0.498534472959945	13	0.125601782201956	1.12322043070087	32	0.709615081229299	4	2	2	-6.73311276613602
chrY	11117424	11381796	0.498311924048173	18	0.216447792917423	0.420487962094592	61	0.532975393889627	2	1	1	-6.77605054487809
chrY	56830389	56837187	0.0453676643536408	72	0.163183268588127	0.500309880537562	139	0.346005499150812	2	2	0	-6.77942383252072
chrY	56854908	56885653	0.490034117139959	107	0.138960062462634	0.987005375597227	341	0.378416134222612	4	2	2	-6.73791741190538
