chromosome	start.pos	end.pos	Bf	N.BAF	sd.BAF	depth.ratio	N.ratio	sd.ratio	CNt	A	B	LPP
chr1	185795	1842235	0.332835343218802	181	0.101865064697228	0.856440816406486	9407	0.342609404015506	3	2	1	-6.78884674924792
chr1	1891013	13006683	0.00134433990573574	655	0.0224766255783152	0.787203596025129	37208	0.272307406283851	3	3	0	-6.73584886738991
chr1	13006812	13245418	0.498952319534665	40	0.103991851258669	0.768944267460851	355	0.300476189219805	4	2	2	-6.885386909705
chr1	13260152	16490636	0.00192740162992283	348	0.0243000936417001	0.762408563195133	10744	0.2866880633633	3	3	0	-6.76513104173106
chr1	16507983	16947199	0.498623237551923	209	0.157775254449017	0.89108412324264	2688	0.31954440237755	4	2	2	-6.80375534981067
chr1	17087810	36399791	0.00123266098762659	1146	0.0478385085096043	0.784751267843997	69667	0.280062692520651	3	3	0	-6.73849113329937
chr1	36406249	42706151	0.00141623215841502	270	0.0308862663401921	0.552222904215137	14093	0.194639625500617	2	2	0	-6.95751386689843
chr1	42710723	114759773	0.000500729325113414	1937	0.0275018304689137	0.7886242969492	114106	0.268866412007929	3	3	0	-6.73374971783672
chr1	114857319	119932276	0.00258595012998941	68	0.0141404282830505	0.614484435139476	6889	0.217251211553171	2	2	0	-8.00288424348514
chr1	120198071	124741523	0.306525662719831	22	0.172623354476799	0.857740708326995	1329	0.42772333924788	3	2	1	-6.84858716809365
chr1	125094663	161544752	0.00226052181599529	1252	0.0565794451636362	1.29832665024915	99982	0.466419628466949	5	5	0	-6.75149937447327
chr1	161547863	161614775	0.0649396617769827	13	0.177359261647955	1.13727083098618	318	0.424719071370638	4	4	0	-6.81374446780615
chr1	161615616	168049602	0.00217117921476623	300	0.0158099114446766	1.28798973761039	13236	0.51808421058911	5	5	0	-6.75078810013819
chr1	168056007	168110315	0.0307097512528772	9	0.212567113584811	1.27734289186742	380	0.446711192791618	5	5	0	-6.74566896837111
chr1	168110703	214423936	0.00108975708962611	2147	0.0266673187684305	1.3075156958971	117530	0.507018627485118	5	5	0	-6.73813710271943
chr1	214432030	214595978	0.168063683706254	9	0.149268214968894	1.17461729424115	368	0.512038411494964	5	4	1	-6.76518697494843
chr1	214599877	227423291	0.00237829653295579	633	0.00861353284008843	1.3283204143108	31017	0.520349926549225	5	5	0	-6.78105643290563
chr1	227434663	227507643	0.0620512386290818	9	0.192149753519951	1.23542393364426	141	0.62689948681216	5	5	0	-6.79539755380959
chr1	227654280	248084290	-5.34770747556701e-05	1346	0.0274322421168013	1.28187275452658	59739	0.503058087550614	5	5	0	-6.76552827429973
chr1	248441313	248945575	0.453595468138133	13	0.183674600787259	1.17653192587422	1729	0.361770136174424	4	2	2	-6.79964819820687
chr2	136124	89759477	0.498916154510813	3051	0.0921652190390603	1.06800237884589	172735	0.390459857466466	4	2	2	-6.80776859127115
chr2	89836533	92012829	0.498520092534573	79	0.144293219759001	0.94740581347472	2103	0.382074434138436	4	2	2	-6.83044779772541
chr2	94190317	95939329	0.498651994753253	50	0.108488848293646	1.00821219351832	3607	0.359221107497719	4	2	2	-6.74810196767713
chr2	95939402	95951508	0.498198778454941	43	0.15272392742018	0.758348863624423	145	0.326288681886459	4	2	2	-6.74043359131408
chr2	96130118	97054835	0.499170375145784	28	0.0717225234523324	1.06348788947624	6725	0.339576216852071	4	2	2	-6.73363073672193
chr2	97118440	97164367	0.100343072377816	21	0.133191448316932	1.10777237918214	203	0.327843214125055	8	7	1	-6.85735785145109
chr2	97167456	112220548	0.498857630774403	508	0.0886014048037777	1.0517462375851	28017	0.38663334528019	4	2	2	-6.73315894266128
chr2	112289249	112289971	0.0448118121304618	12	0.0566878748191811	0.972427774804111	22	0.369843505573261	20	19	1	-6.74706754352
chr2	112365737	214956856	0.498917722353721	2808	0.0922172344637694	1.06078998369136	168419	0.375194597394976	4	2	2	-6.76002988464123
chr2	214968691	231791261	0.000547363231344078	558	0.00531409079827732	0.527302116093509	27492	0.167887593770475	2	2	0	-6.74084258018466
chr2	231906633	232520686	0.497771650131507	9	0.20079909805021	0.501925842371113	1349	0.159897940987251	2	1	1	-6.76517968805113
chr2	232521258	242120118	0.000736492592262328	516	0.00597116197605805	0.520619960441084	20637	0.165827075842885	2	2	0	-6.76619701927551
chr3	39505	75631061	0.330037033047144	2254	0.105860701745755	0.788482643791968	143067	0.259100923447341	3	2	1	-6.73444845089241
chr3	75664574	75739422	0.34799859998776	69	0.161201796458928	0.603997522270376	365	0.21326179377476	3	2	1	-6.80790807587727
chr3	75928232	90613961	0.334348946692093	124	0.103077469854002	0.762400260443317	5706	0.288416111085529	3	2	1	-6.85836304312576
chr3	91404436	198056766	0.325063879044856	3106	0.10563845752728	0.792043426135683	151287	0.270823900102191	3	2	1	-6.74672963318367
chr4	46210	48810224	0.32078841651403	1471	0.103470499454957	0.781399223080468	65952	0.267759583791863	3	2	1	-6.78348438414746
chr4	49107484	49627330	0.160592079067801	61	0.152901437948686	0.578450713111065	326	0.275537591401975	2	2	0	-7.36765788530164
chr4	51848345	190008438	0.331716753634182	3045	0.110954944175864	0.786100103332208	143588	0.276181618583692	3	2	1	-6.75172135881801
chr4	190020647	190179679	0.356750216768756	21	0.130373912815629	0.572024614051378	162	0.226280468773314	3	2	1	-6.93962404564879
chr5	161693	795926	0.0170744685230388	55	0.074659216800062	0.738459160235004	2361	0.2048252721953	3	3	0	-6.80428299680434
chr5	795949	1285922	0.49922203486695	65	0.0908610255364667	1.5308991004281	3675	0.437071624952689	6	3	3	-6.73452947865147
chr5	1362933	3128912	0.0131825943210154	49	0.110833219528354	0.623304899211575	1405	0.245663058730935	2	2	0	-7.20661437601299
chr5	3136704	5408461	0.24377754466536	58	0.117893090135743	1.17564276756612	1740	0.749499272906064	4	3	1	-6.76427041159938
chr5	5436496	25124517	0.000693676687085865	284	0.0454187958709234	0.528967466137939	12043	0.208509644985808	2	2	0	-6.74041907323875
chr5	25137457	25572613	0.417404519142359	14	0.0579634689805893	0.981162920438538	163	0.409182418314866	5	3	2	-6.91788917735797
chr5	26194527	27522195	0.00202711158677749	14	0	0.515230430063827	421	0.216731750772201	1	1	0	-Inf
chr5	27575589	34549979	0.498755302129667	222	0.119195370129222	1.22436116645765	10251	0.637263447648942	4	2	2	-6.96007414180501
chr5	34626700	34863115	-0.00319841251747544	9	0	0.557066408213509	497	0.211209582541106	1	1	0	-Inf
chr5	34911809	45847891	0.343702921949869	231	0.102417691953444	0.804086609470926	15586	0.266104212379817	3	2	1	-6.77066561136797
chr5	49601573	49666631	0.0137799921806178	23	0.0521286035142687	0.0603446701428591	65	0.0577889479052872	1	1	0	-13.512203370022
chr5	50399214	181281775	0.325980964680541	3660	0.109248107041926	0.790889817972666	186627	0.276372666781794	3	2	1	-6.73959350322197
chr6	160049	375460	0.421582185726682	30	0.138840390459652	1.33440857291472	718	0.764109520320215	5	3	2	-6.74753748196086
chr6	375488	3138265	0.14246314771654	196	0.0854160983886854	1.68646301237886	6898	0.856432402535354	7	6	1	-6.75054569010086
chr6	3144592	8381297	0.312689101778361	171	0.101948861432765	0.820762794048112	8230	0.312010429789509	3	2	1	-6.80625188584253
chr6	8403504	10493010	0.187999960304594	76	0.115396621921429	1.31912566839639	2519	0.670276625096609	5	4	1	-6.73953098158547
chr6	10574898	11929216	0.36468053888201	45	0.0965892427663755	0.812161898118173	2832	0.266858359185118	3	2	1	-6.80480810958137
chr6	11944910	28784271	0.189752134120181	818	0.0991077164038729	1.28361418813715	42240	0.520019268009453	5	4	1	-6.76198953874223
chr6	28812895	29397061	0.303100436150481	45	0.0679332188419055	0.76214862538806	1331	0.237619751787868	3	2	1	-6.85720223366939
chr6	29426650	31616050	0.186262694175206	743	0.103838852734047	1.2707986050177	18431	0.419871605300144	5	4	1	-6.75244476573118
chr6	31618965	32418922	0.316299771861433	295	0.0966036511805988	0.786369390319833	10140	0.213173265506425	3	2	1	-6.75177836684496
chr6	32485611	32554993	0.00245040535008989	19	0	0.238348967597674	52	0.216688782082836	1	1	0	-Inf
chr6	32580883	33158438	0.370337714679153	131	0.1216357151942	0.763100993379016	2237	0.21605040862856	3	2	1	-6.79653905601407
chr6	33159513	35270381	0.2160368918596	132	0.0862613786424297	1.30044315421037	15415	0.45662560829215	5	4	1	-6.75451165726592
chr6	35270849	39126664	0.340501679390034	269	0.110681431188336	0.797662615340048	13110	0.284615305161574	3	2	1	-6.73866982380327
chr6	39139319	43528924	0.156618800446625	307	0.092905590379054	1.52468264659959	25567	0.621706395142081	6	5	1	-6.74829413244977
chr6	43626722	45143275	0.254780994709185	72	0.117874146267841	1.058153835253	4981	0.437306874284636	4	3	1	-6.73415411879195
chr6	45182484	60873526	0.498849443772633	311	0.0956986605299003	0.52757322283585	14067	0.17518909473368	2	1	1	-6.73507808900817
chr6	61531836	170736935	0.498891170573584	2231	0.104113056806746	0.529024792138283	98453	0.18217970811397	2	1	1	-6.78757240349072
chr7	50462	23142130	0.410579985459332	1510	0.106086679597847	1.30314523004144	59432	0.518754781923002	5	3	2	-6.7436471944323
chr7	23152006	58098072	0.332577604672759	1655	0.109085437794069	1.54239582189672	88676	0.648028711555915	6	4	2	-6.7599937576521
chr7	60958067	66707452	0.184244019478196	415	0.122344069470546	1.28452869392485	13164	0.581814505513526	5	4	1	-6.74878084319568
chr7	66726592	100948959	5.68732011274609e-05	1488	0.0722948371904357	1.04881840624003	83164	0.406249494161896	4	4	0	-6.73454176798804
chr7	100951933	100960725	0.133370468670329	88	0.113599168259535	0.81990174722822	696	0.209104311480851	7	6	1	-6.81521453208422
chr7	100960738	100969617	0.498658446403275	64	0.152207153606941	0.918332439427187	320	0.240490766511792	4	2	2	-6.73478824345551
chr7	100969826	152379818	0.00181511262936829	1899	0.0624494774509314	1.02286553728686	114119	0.368308188728289	4	4	0	-6.9132904718921
chr7	152379854	152410518	0.491991353016882	75	0.166300333977659	0.593151925364355	222	0.349045253702322	2	1	1	-6.73658357567695
chr7	152410761	159260734	0.000790424708657367	322	0.0492121761063573	1.01093338413363	12059	0.390853888549156	4	4	0	-6.77651268838508
chr8	232794	12664266	0.400385814109064	865	0.112802759867852	1.24855834371758	21518	0.495990931696796	5	3	2	-6.81485796012459
chr8	12668246	43192450	0.401901865150767	1471	0.09852545154091	1.3086787196871	80349	0.522038604558494	5	3	2	-6.73512330296943
chr8	46845988	144976801	0.397050979228953	3232	0.100286438241125	1.293022139566	177073	0.496491143629756	5	3	2	-6.8042911821899
chr9	117696	23782100	4.38132848996631e-05	364	0.0153131590631339	0.370851000924296	15878	0.133359451010915	1	1	0	-17.1622567520844
chr9	25562006	39067548	-0.000165950832207162	460	0.0297110599357293	0.790359217020562	27104	0.264912942356541	3	3	0	-6.73323291430147
chr9	39067635	43242683	0.353589387100629	274	0.169649155357397	0.709361566044899	2525	0.353414629319674	3	2	1	-6.96226362129011
chr9	61902912	68405558	0.0453434528016579	123	0.180477704770513	0.618681661237703	1798	0.318557628893263	2	2	0	-7.63890010820048
chr9	68609002	84305321	-0.000893297260633863	307	0.00913541765551944	0.522788203285791	15014	0.183742263665349	2	2	0	-6.75082211026068
chr9	84671000	131508773	0.331295326061846	1624	0.107701075900612	0.78861612335879	100859	0.271192860194529	3	2	1	-6.73358497567105
chr9	131529397	132114730	0.0831182145108563	138	0.0731672651773759	5.66357340084342	6520	3.50894288448597	12	11	1	-6.74275696880135
chr9	132130145	134605308	0.305960438516775	132	0.102839578712689	0.778500638123916	9983	0.279588640081294	3	2	1	-6.77888359421851
chr9	134658906	135623498	0.0879881220377189	328	0.0640326378701738	5.24942167336944	14163	2.88514738892274	20	18	2	-6.7540701834818
chr9	135694611	138214444	0.322036724540422	389	0.100348877680533	0.779145141533543	18274	0.232658394362657	3	2	1	-6.74535940201194
chr10	47476	38998192	0.000623166139025688	1384	0.0745053187246003	0.794716997707139	58133	0.289117290784182	3	3	0	-6.74583054160429
chr10	41860304	46132127	0.00667713345913756	141	0.120720431550415	0.769676652905374	7029	0.275886466769955	3	3	0	-6.7562631626613
chr10	46223927	46783104	0.498726703984253	118	0.13847511597038	0.947422727359832	1800	0.338373062933472	4	2	2	-6.76531170327898
chr10	46814011	125850627	0.00183553393063404	2614	0.0342764759282339	0.793287201340793	138017	0.275713793064929	3	3	0	-6.75006870446452
chr10	125896691	125918008	0.498073957065239	15	0.19010428215913	0.592014149551521	60	0.40697026189612	2	1	1	-6.73416223689921
chr10	125918274	133098810	0.000632449537614654	249	0.0170246881082156	0.765760828683895	9157	0.252092539192677	3	3	0	-6.79567752428987
chr10	133111793	133263617	0.00727000363453134	18	0.158422451699923	0.757887348001401	900	0.17554415483117	3	3	0	-6.73918305783511
chr10	133270209	133567750	0.00158114132082354	68	0.00157648156273616	0.765064659863808	2121	0.204742976177072	3	3	0	-7.28711264499722
chr10	133567772	133787230	0.0079302117402944	9	0.208577390380112	0.897540495546984	152	0.356768242383051	3	3	0	-6.75091313555308
chr11	193863	50422246	0.338124713437874	2351	0.102666938328303	0.781002375475328	100169	0.250664094607372	3	2	1	-6.78820444484739
chr11	54592062	56375682	0.368708769804298	79	0.102711279545125	0.760697566940532	3024	0.207228970309501	3	2	1	-6.83727299191953
chr11	56375881	56741250	0.188872650937834	60	0.134646466362674	0.690489887794759	809	0.230488640563376	3	2	1	-7.42760785741622
chr11	56743147	100859568	0.331568443067558	1655	0.103531032970041	0.786900835981102	113110	0.252165288137527	3	2	1	-6.73725696088558
chr11	100891766	134882187	0.498871540453512	1038	0.102268156825784	0.521389239754019	50643	0.16502140536876	2	1	1	-6.79666353997733
chr12	12867	34523014	0.498895742685511	1908	0.100391073206791	1.06151228459056	86797	0.375733350706422	4	2	2	-6.74379064875881
chr12	37418138	133238915	0.498929544982204	4482	0.0892986431977743	1.06377937592589	260833	0.375600182038711	4	2	2	-6.77922330351583
chr13	18177561	18212175	0.367425373134328	16	0.169248929095578	0.542961990818487	75	0.447811295118866	3	2	1	-6.77174182979007
chr13	18272516	104374493	0.328554264734741	1858	0.109086615486002	0.791850806827844	89220	0.285215490675845	3	2	1	-6.74047367725146
chr13	105489886	114299067	0.000358354401565231	300	0.0428548893180409	0.517485672533086	10033	0.170918771546816	2	2	0	-6.78356751464966
chr14	16057642	16402209	0.498273903610941	5	0.225939814995056	0.552221198992405	17	0.33121195674993	2	1	1	-6.7374380944503
chr14	18330620	19936715	0.302540718767095	105	0.121193942141188	0.556507666615781	1692	0.251567629634718	2	1	1	-8.05786804027024
chr14	19975713	30956231	0.478676172644874	447	0.0906965612537332	0.535941683595198	24211	0.164600209583539	2	1	1	-6.8460778700639
chr14	31046257	106631573	0.498872928871149	2105	0.10988800104629	0.549548778723353	106845	0.204254773422843	2	1	1	-8.29051922900799
chr14	106638941	106657616	0.06304521983886	25	0.104895535335558	0.300330825044936	81	0.123338649785313	1	1	0	-6.95515888212714
chr14	106657619	106823737	0.46277575358501	29	0.121900801550766	0.453433103316605	431	0.0969981536798452	2	1	1	-7.01462521167337
chr15	19882428	101951325	0.330436424901818	3252	0.108710473925717	0.791904478446504	178757	0.270898006360059	3	2	1	-6.74039284889638
chr16	34130	7198270	0.498899675569708	888	0.0902854041264669	1.05489636247165	50444	0.335643905078484	4	2	2	-6.73331930414757
chr16	7201755	7542561	0.0552633708334193	10	0.149744226377291	0.557518848202222	134	0.34597924468253	2	2	0	-6.81934545969717
chr16	7568593	33048885	0.498891071418615	1590	0.0968238497102739	1.05574713059433	92045	0.383796749762466	4	2	2	-6.73410461281421
chr16	33734713	34163346	0.0427021939385148	19	0.10899892697578	0.906020433182407	768	0.254182835241607	3	3	0	-6.89842421632624
chr16	34268517	35575377	0.498593107546073	51	0.127194703305679	1.21108173345446	1310	0.479812582035771	4	2	2	-6.79946729181486
chr16	46386256	61018710	0.418918076446448	672	0.113354717998283	1.23860674004688	43215	0.491331985529522	5	3	2	-6.87912908189675
chr16	61050118	75850745	0.298745295093816	1236	0.121998540842677	1.88331385967131	87732	0.813484049267734	7	5	2	-6.74651341395398
chr16	75856814	80724023	0.368017988129457	155	0.11497019996037	0.86858397954863	4451	0.423974188319366	3	2	1	-6.93218970623953
chr16	80863202	90095778	0.00255613773431407	655	0.0478345479578984	0.524217080463131	21407	0.171413158258204	2	2	0	-6.73753950246226
chr17	137603	21298582	0.333623055098299	1871	0.107822794352093	0.789937310521502	87894	0.26271282929878	3	2	1	-6.73313209495768
chr17	21298622	22518390	0.258647321869755	272	0.141005000011411	0.669950114596409	1749	0.281771927129079	3	2	1	-7.13507553370949
chr17	26604082	31237585	0.335845041899143	200	0.110162396228085	0.817908072269508	18785	0.286153081295163	3	2	1	-6.77588995579435
chr17	31260323	83194874	0.498929128808627	4086	0.0917351462809014	1.06049299135156	232420	0.376140300418923	4	2	2	-6.74575116526878
chr18	48740	15350708	0.328885377775315	845	0.110702992129472	1.14473029990345	32681	0.442393677965026	4	3	1	-7.3373214741518
chr18	20942964	41251139	0.32413799925644	509	0.107818345343995	1.1477074844215	31930	0.449889501602591	4	3	1	-7.42482386579309
chr18	41290352	80250865	0.498908996905056	1525	0.0974592853619252	1.52286528489394	70639	0.637219056148902	6	3	3	-6.80689167452702
chr19	263280	876910	0.499049287524458	154	0.08110069574518	1.01895054164425	5143	0.354515153947949	4	2	2	-6.73618149927092
chr19	877830	879855	0.122770505406873	17	0.109087828889224	0.302259671659647	61	0.172510824876161	8	7	1	-6.8832453684682
chr19	886257	3164650	0.498901759427417	567	0.0793155171399927	1.02467341353108	22017	0.334364879732021	4	2	2	-6.74189881591154
chr19	3165393	3176000	0.167929583859925	9	0.138606457281037	0.901027239026664	41	0.317560153702432	6	5	1	-6.75286423961258
chr19	3179023	3889556	0.499092297954763	129	0.0854326334575736	1.03377702624118	6354	0.405494083988052	4	2	2	-6.7339309950222
chr19	3891331	7424781	0.391139776381674	819	0.106689239553393	1.30189437773912	34439	0.500465546625012	5	3	2	-6.73809331845955
chr19	7425441	8698750	0.233522938077579	330	0.0909024740891227	1.0707835073385	13401	0.362628420566105	4	3	1	-6.75440487446166
chr19	8701863	15341837	0.329465962408172	944	0.105221276332134	0.822930781406702	50028	0.278608534412315	3	2	1	-6.82157304910729
chr19	15342041	16079992	0.498818229435627	173	0.103545380320533	0.509789392790318	3618	0.160708156645512	2	1	1	-6.75035180057883
chr19	16080528	21569275	0.333554193347244	563	0.103102414553213	0.811612920269622	33946	0.270097657816875	3	2	1	-6.76771880859551
chr19	21569339	24394204	0.498851735879147	195	0.103226471225252	0.963845135804394	8213	0.314111825428976	4	2	2	-6.86319534816785
chr19	27392072	58558166	0.498918988422113	3979	0.0953680513230632	1.01881206435273	209854	0.34031587142013	4	2	2	-6.89910887640415
chr20	101505	26081167	0.335186677126861	820	0.109751914960459	0.777586274776723	40587	0.270848011335547	3	2	1	-6.78081540120055
chr20	28559767	31064388	0.484776955474551	431	0.169434761714681	0.506137917751407	1992	0.230210153095246	2	1	1	-6.78058095270917
chr20	31065819	31074237	0.112277861001687	16	0.140887662104719	0.178855104489671	61	0.133225660076174	1	1	0	-7.13387098854907
chr20	31284993	39725446	0.335880003480209	462	0.105088979210799	0.803858442413434	33104	0.295465839607893	3	2	1	-6.75253522015075
chr20	39962928	43527874	0.26865133205682	117	0.123509028439628	1.76235982984056	9423	0.756673059587466	7	5	2	-6.75172020681192
chr20	43535128	49026042	0.391104943261898	492	0.089653874667481	1.2986791139062	25291	0.54850277062446	5	3	2	-6.74076496173886
chr20	49030723	49910927	0.295423601306717	171	0.110507472192557	1.89697048306698	7149	0.904061491583871	7	5	2	-6.73821986379003
chr20	49919812	62174444	0.344121846262168	782	0.107409362993025	1.47698083841627	34958	0.642688959464407	6	4	2	-6.81704974786364
chr20	62178498	64302708	0.28107101561823	382	0.0934036004233298	1.73433292305553	22641	0.604504960890188	7	5	2	-6.74710171205849
chr21	5218123	13035101	0.498674887668265	573	0.147822876491728	0.644028103065265	3574	0.297367088655223	2	1	1	-8.36231947391526
chr21	13238671	20595603	0.498724405750159	201	0.121594411653141	0.900328087696004	6058	0.402887504334253	4	2	2	-7.33214481445519
chr21	20683831	33408522	0.00226524924944776	212	0.046066136716472	0.538260041043263	10816	0.225625904097685	2	2	0	-6.81001003863697
chr21	33421281	36995015	0.440219242245635	257	0.115961693242255	1.48226434086928	12560	0.665086869360961	5	3	2	-6.87253514319065
chr21	37024300	46003722	0.00177633635520968	424	0.084607027361244	0.55607698206405	16856	0.314749069426793	2	2	0	-6.89429537944887
chr21	46020978	46226006	0.338293080788917	90	0.0830724936486124	1.47003316420625	2177	0.427965846501708	6	4	2	-6.73858315342632
chr21	46236750	46661856	0.00296766262873982	85	0.0185608394719841	0.535554393026568	2303	0.15321873370827	2	2	0	-6.75167148421
chr22	10685500	12900711	0.264698032432431	571	0.15186038483831	0.557697455862074	2468	0.254131494226454	2	1	1	-7.97807486488836
chr22	15541395	15922939	0.225965672946761	20	0.133490823654662	0.399526070746105	321	0.185539315293203	2	2	0	-8.55857534816821
chr22	16408570	16933495	0.12375022374013	104	0.103250342445369	2.23781168313465	2549	1.09448922401142	8	7	1	-6.73410225502353
chr22	16935715	17535232	0.0452211250297018	252	0.0455727248803456	5.1115070866093	9830	3.37425158782147	20	19	1	-6.73964692232918
chr22	17537871	17691350	0.0891778317002507	37	0.0639557842758756	2.41971545459004	2402	1.08964021364407	11	10	1	-6.73595621109668
chr22	17696093	18173093	0.199072551838288	116	0.105991543041895	2.60618249549647	5057	1.41182650152196	10	8	2	-6.73308877082603
chr22	18173426	20700300	0.25489187154756	346	0.106968044582402	2.04625769028159	18666	0.896474374774274	8	6	2	-6.73579321340148
chr22	20707980	21640702	0.125322074690216	314	0.0842242969646049	4.06054370722997	14071	2.47973841258046	16	14	2	-6.73315728397486
chr22	21644753	22497343	0.174702354058728	299	0.0978357774674072	2.7787236218063	9085	1.32004602529473	11	9	2	-6.73668972679287
chr22	22499664	23828396	0.156964427962669	362	0.0821821772836506	3.0190700901991	15384	1.59114603854972	13	11	2	-6.73879838405085
chr22	23833396	23928398	-0.00132340384423557	28	0	0.53520758526097	509	0.150604740643634	1	1	0	-Inf
chr22	23935805	24003916	0.498593518381341	20	0.210752255404052	0.603948862751711	227	0.303766120671792	2	1	1	-6.74144614414648
chr22	24064327	35421604	0.00364728930102831	452	0.0364901586039393	0.535514175566298	25241	0.277132318845431	2	2	0	-6.76597250722352
chr22	35494846	36169713	0.154518336036639	54	0.0963040132235566	1.68325885304454	1708	1.90340868422436	7	6	1	-6.74271998261551
chr22	36191154	37734452	0.00182552935773439	147	0.00737564567348081	0.517426187200609	6174	0.160251304053934	2	2	0	-6.77983298780345
chr22	37742190	38553068	0.165795795321991	211	0.0974658039436839	3.20754807998015	14499	1.61589408922425	12	10	2	-6.73312381215293
chr22	38594657	39155984	0.00194319479712146	44	0.0366552636186316	0.545289260902124	2136	0.179670877717665	2	2	0	-6.74787777598724
chr22	39181084	39295444	0.212856746769014	72	0.112669985470746	2.94787609960079	1038	1.87113175752874	14	11	3	-6.73409917634249
chr22	39300829	39573890	0.00346060935929227	28	0.00301911897166696	0.529805886241986	1078	0.16481881505562	2	2	0	-7.43322629000446
chr22	39819069	41682933	0.159997187785204	495	0.0988917265184233	3.22876612868518	27582	1.81229613870963	12	10	2	-6.73592744333835
chr22	41684184	42210251	0.00379607817470917	91	0.100502896646973	0.5864243772778	2705	0.211460282981433	2	2	0	-6.81553444285235
chr22	42255215	42304216	0.184515047501164	12	0.121314767144288	3.21698687105115	196	1.98485007631098	11	9	2	-6.73340958832643
chr22	42313894	43782092	0.498828240428577	102	0.0950819507773095	1.06816838392288	6334	0.466618953014791	4	2	2	-6.73400632731426
chr22	43880664	50743971	0.000414863378470576	393	0.0233764672827257	0.528169728448979	16142	0.174379269739283	2	2	0	-6.73503147221003
chr22	50744827	50808180	0.00527599973705606	9	0.146839197764085	0.460991107781574	196	0.164987832670644	2	2	0	-6.75817627215273
chrX	284193	9743512	0.00308779646336432	249	0.0776022427348023	0.732996512677594	7418	0.371376061657524	3	3	0	-6.95173007024008
chrX	48447667	52862710	0.238757358941686	11	0.0416655515002284	1.01401769359554	7557	0.305938175075373	4	3	1	-6.81537436177441
chrX	74583034	152700771	0.0165169921101733	14	0.185739153026584	1.03907116516223	42802	0.339639391732452	4	4	0	-6.80384947797785
chrX	155026130	155985886	0.0559551166703541	18	0.140511449071816	0.799723456232696	676	0.52294621863736	3	3	0	-6.82705985035453
chrY	11111650	11788326	0.0399547978603114	40	0.167012820020746	0.224338967845696	132	0.283521713647555	1	1	0	-6.8929191483179
chrY	19413653	56837148	0.0349523683099868	47	0.157367038571812	0.182265020917159	101	0.138826325719841	1	1	0	-18.6931044662916
chrY	56854907	56885714	0.355656144353496	104	0.136543852568997	0.461168246239828	300	0.174490517194656	3	2	1	-6.91945704377565
