chromosome	start.pos	end.pos	Bf	N.BAF	sd.BAF	depth.ratio	N.ratio	sd.ratio	CNt	A	B	LPP
chr1	108310	53156421	0.340522458830589	3264	0.104050932954759	0.761240540279422	178415	0.247727847243443	3	2	1	-7.12927554156239
chr1	53159954	62079413	0.0327285755962101	195	0.0842006433934567	0.508396706293118	9912	0.165398198211243	2	2	0	-6.75376057027656
chr1	62104899	62259545	0.234345477134599	96	0.116042947566082	2.09261163083603	1553	1.1378392548273	9	7	2	-6.73612209961862
chr1	62263112	67575878	0.290558815251307	224	0.118119365122914	1.40182562415459	13789	0.752198472591085	6	4	2	-6.82988965861833
chr1	67576417	72015599	0.175632280646626	199	0.112791985658694	2.44482801718799	10763	1.35293976989865	11	9	2	-6.74550175086941
chr1	72257082	120069392	0.0282990835562401	863	0.0593627203902083	0.501867907989534	50015	0.164633899902154	2	2	0	-6.74164105864499
chr1	120157112	124570254	0.0476628962646789	18	0.14453867338735	0.546441513896099	1051	0.258588343303882	2	2	0	-6.99898290317007
chr1	125094663	145790879	0.336409720640258	64	0.122947590944466	1.31643865300986	3171	0.538263044865453	6	4	2	-7.10566189709451
chr1	145801891	248945478	0.396596629952252	5571	0.0942596677873659	1.24217180750038	321934	0.436669416752358	5	3	2	-6.91498850930477
chr2	119437	24428248	0.276306608615552	625	0.10849399468197	0.939568750958187	31640	0.31725976839793	4	3	1	-6.95671533260765
chr2	24673520	25081705	0.0649481257001497	20	0.0841026315377762	0.285805069235303	843	0.0958117227083631	1	1	0	-6.86361610808971
chr2	25085707	92006082	0.267339104312465	2161	0.107816262865963	0.932512890340914	127107	0.321125864760359	4	3	1	-7.46333457772979
chr2	94190317	207966851	0.264443063427308	3164	0.105846790587114	0.924777762449808	183549	0.308525976842162	4	3	1	-8.33327298185377
chr2	208028018	240774229	0.0188776485562452	1254	0.037338823659368	0.695413346132463	60381	0.214635477334295	3	3	0	-8.03734027711489
chr2	240788031	240874079	0.497828128630281	9	0.192895769206527	0.693644156221215	170	0.161452907316316	2	1	1	-6.93037049131975
chr2	240875890	242063016	0.0185915089790603	221	0.0368796306590553	0.706487241379867	6444	0.20286715547235	3	3	0	-6.77098878571215
chr3	51295	89479327	0.498908489392218	2666	0.0899520135408836	0.954092135006803	175617	0.304535894424064	4	2	2	-7.0254248393841
chr3	91357428	105541674	0.487380380669068	201	0.094755471888099	0.93149877246509	13085	0.314009978317784	4	2	2	-6.92851424355494
chr3	105604734	143693363	0.0285097818338307	981	0.0533994795728216	0.510313743378984	51603	0.161317709950046	2	2	0	-6.89894459328967
chr3	143815650	198120733	0.49888745518919	1858	0.0977101989134872	0.953268973749938	85363	0.331537534369123	4	2	2	-6.89781769972987
chr4	13969	49092775	0.428776373150799	1876	0.0936859076343286	1.15595603278706	93007	0.40645301509171	5	3	2	-7.16558475513971
chr4	49092857	49711699	0.48427495936213	179	0.139749254680184	1.2788553967619	1881	0.463354934724083	6	3	3	-6.76759473352549
chr4	51838815	190179746	0.423229191825396	4070	0.0956755324910044	1.1327726848453	198440	0.408500684037636	5	3	2	-8.4803285108833
chr5	163090	46381447	0.498884476462337	1083	0.0919970045470396	0.947341119398078	56996	0.327150138570656	4	2	2	-6.95967354849126
chr5	49601562	49666191	0.331101947740653	51	0.125007052350077	1.36823615875479	660	0.430873003282783	6	4	2	-6.73497193145282
chr5	50273780	179651390	0.498927479171074	3740	0.0852854116864354	0.951634240931586	211759	0.32314326603944	4	2	2	-7.18509088767942
chr5	179655401	181283430	0.4175587017239	174	0.10404051474813	1.14712235740887	9098	0.400553933804122	5	3	2	-6.76443555986114
chr6	295604	60964236	0.286034933575016	5532	0.106592680955451	1.70593691293553	260422	0.673936747591714	7	5	2	-6.74482347234847
chr6	61077160	64593207	0.24623608712657	57	0.12569138867866	1.32101231588494	3119	0.786619614683669	5	4	1	-6.8143449730019
chr6	64598445	65296077	0.0221869952545212	12	0.13123154992977	0.582463347199943	301	0.469047818542773	2	2	0	-6.7755260071538
chr6	65303290	65567096	0.498493279974045	9	0.117024570069708	1.1746865609549	264	0.371896832241264	4	2	2	-6.77202734350176
chr6	65837285	70633292	0.0301876448587376	51	0.113680608655627	0.5183606313689	2512	0.285336911910421	2	2	0	-6.76376250291668
chr6	70666258	70861808	0.297797015420511	9	0.101735905384699	1.61453647586863	466	0.708649695662455	7	5	2	-6.73740504181728
chr6	71301260	161144273	0.0262694857022847	1558	0.0606797792040203	0.510763784516717	84166	0.251452152511263	2	2	0	-6.91643057046428
chr6	161370017	170718564	0.498970110603623	322	0.0912164298551581	0.91026389304797	12093	0.296026162424539	4	2	2	-7.03191315924673
chr7	31439	3361221	0.0279004601529841	277	0.0701668383855225	0.746818732091241	10900	0.24801768798229	3	3	0	-6.74276296269784
chr7	3646146	4174308	0.357340340859304	16	0.169345800066019	0.0398200555106708	258	0.0256642861131375	0	0	0	-14.8891688545521
chr7	4174409	29562768	0.0247054134756259	804	0.0511238268279602	0.717393449663285	34012	0.254560316149438	3	3	0	-6.95164559394104
chr7	29669973	58100284	0.278567419549036	1101	0.106169336288606	0.958690704320007	49019	0.33311417204161	4	3	1	-6.80669551117028
chr7	60981598	151807413	0.344611331315765	3246	0.107406686243397	0.796083664693833	171697	0.270849830050258	3	2	1	-9.27378485912249
chr7	151809069	152416512	0.289416437040807	132	0.111356208545311	1.03025024722202	2663	0.345756419158158	4	3	1	-6.79001443376554
chr7	152449986	159260906	0.498870220988149	347	0.0905572925169413	1.02140220879559	12311	0.363447886313332	4	2	2	-6.79549404918327
chr8	311290	7402554	0.0301326050330174	186	0.0668185572077792	0.493231025079183	4820	0.172139999523013	2	2	0	-6.79066277833058
chr8	7407846	7486284	0.488099798573829	9	0.155328683764461	0.661279410631207	133	0.289991798345694	2	1	1	-6.77799178783782
chr8	7496547	8203880	0.498173138482886	26	0.191982034415884	0.513578098772339	291	0.210829654667268	2	1	1	-6.73701365357493
chr8	8318699	12196771	0.0306973706816651	127	0.0493065245006197	0.499331650556992	4490	0.168229498207141	2	2	0	-6.73819637021899
chr8	12197234	12588079	0.498200991006454	31	0.193736224623024	0.540041216042449	321	0.253822561215066	2	1	1	-6.75113747837397
chr8	12626473	43302033	0.0269791976419705	780	0.054362394585149	0.509800278232094	39273	0.170821994184206	2	2	0	-6.83821686757632
chr8	46579451	68137268	0.0295375889121945	285	0.0554529164710437	0.500081574027421	17298	0.168155734277711	2	2	0	-6.75138625281995
chr8	68194557	79813899	0.0178075129541739	258	0.0538632368897319	0.965597832475128	12012	0.406284575976682	4	4	0	-6.7393170127956
chr8	79919478	144978026	0.336974496258656	2557	0.103185124160254	1.45185434656064	143660	0.563773335579333	6	4	2	-6.73338546707439
chr9	117666	3057975	0.425383583905722	136	0.101184100370345	1.12288519773453	5251	0.413209735041803	5	3	2	-6.82435619897945
chr9	3100714	31627999	0.0241812101946109	412	0.0466813262624767	0.482392561337865	18322	0.17116293049773	2	2	0	-7.64106639553635
chr9	31808654	39041752	0.435608471329791	467	0.092875028378595	1.14337199872831	32258	0.387588807562421	5	3	2	-6.90727983728947
chr9	39042342	43253957	0.478035824243577	292	0.114675524304037	1.15595303997401	3213	0.516379579364557	5	3	2	-7.00454418935504
chr9	60521862	65648606	0.320434472769066	162	0.132455536448283	1.13146406389195	2038	0.413977231541299	5	3	2	-7.04027297415197
chr9	65649066	78526864	0.450824731860545	456	0.10045148619917	1.12225562808481	20193	0.441473524067468	5	3	2	-7.09875992033312
chr9	79036425	81678538	0.0198945395428444	39	0.0452044985997768	0.657217481352036	1421	0.251280232420146	3	3	0	-7.06566837728539
chr9	81685779	138214444	0.425186958869902	3032	0.0965513619859452	1.15920783812437	191686	0.40309604737826	5	3	2	-7.16546415392749
chr10	47663	39475690	0.435430082682109	2044	0.0990473266269369	1.13973721431889	82425	0.453961319560251	5	3	2	-7.21261523515827
chr10	41859731	42279754	0.468318252537553	58	0.135460255956272	1.30997565689093	579	0.477241713615111	6	3	3	-6.77696821496484
chr10	42279904	133689420	0.419124432979774	4202	0.0936681175417491	1.14105867770724	217897	0.402198363661795	5	3	2	-7.80567298179749
chr11	192997	636690	0.028744654920293	149	0.0476904908038747	0.525190827509042	3922	0.131972004783728	2	2	0	-6.76112561689935
chr11	642735	696762	0.498955545988061	9	0.0962340895940726	0.544589441697651	274	0.165845919377269	2	1	1	-6.74043264646849
chr11	696788	993694	0.0331046196197733	12	0.0479384074525939	0.515742172752679	2100	0.136880801283698	2	2	0	-6.74124621188527
chr11	1016665	1018295	0.421873903931659	30	0.0897508748716684	0.464611923346017	130	0.0576198737496384	5	3	2	-7.02053567752866
chr11	1018316	1096089	0.497798661891195	9	0.1556682726541	0.532536854766998	870	0.10298430598434	2	1	1	-6.74718397062518
chr11	1096105	1099604	0.498426533823648	11	0.140564446558736	0.522676092843732	194	0.0968217681278251	2	1	1	-6.73342578164526
chr11	1108182	1564047	0.030704292676948	110	0.028444536553026	0.531183973125613	3343	0.128981386951205	2	2	0	-6.78096099537508
chr11	1584899	1657302	0.497836019420517	9	0.193046698437911	0.549947901499398	257	0.173687587378846	2	1	1	-6.74441729723073
chr11	1678599	18245588	0.0293824418331784	743	0.0548476208229842	0.502058557066719	32527	0.14757537291468	2	2	0	-6.73571545463694
chr11	18245826	18269417	0.498421422797476	13	0.218075469176178	0.526068828352679	82	0.156184295068025	2	1	1	-6.73420091550398
chr11	18283786	50237875	0.0267256283733653	765	0.0539326039682581	0.517477645686784	33730	0.181001960824192	2	2	0	-7.15814021577078
chr11	50247237	50512765	0.0346946038396522	9	0.214030825921044	0.615132088895635	190	0.279609593811205	3	3	0	-6.80430344612631
chr11	54591781	70755318	0.498912541039504	1254	0.0849256975838893	1.06158036594095	93541	0.307012878224351	4	2	2	-7.3793655743373
chr11	70899421	73255805	0.326390287469607	202	0.10872602236137	1.46495576348135	13084	0.530433585885571	6	4	2	-6.73910381570419
chr11	73309013	80094514	0.49886866290027	366	0.0839672919845151	0.999400920301868	19817	0.343600038337609	4	2	2	-6.75189719252964
chr11	80313065	87335383	0.0347533620379675	103	0.0538753523276244	0.499314851615629	5045	0.163879039072582	2	2	0	-6.74740192870821
chr11	87370477	105987812	0.498876506067608	429	0.0976927559319292	0.95968496634776	22395	0.323587012982978	4	2	2	-6.76447326788953
chr11	106052837	124382526	0.0302412696795631	651	0.0543588943179379	0.509874933982098	31640	0.158611410450666	2	2	0	-6.80665995830562
chr11	124382822	124397010	0.498053486313809	9	0.213547483660608	0.527204629935048	60	0.10094386620441	2	1	1	-6.73488392238013
chr11	124424340	134986767	0.0292708215170131	303	0.0568581064801381	0.508052337288087	13033	0.152473815614782	2	2	0	-6.75750713827502
chr12	12867	60158	0.156795281919442	32	0.117058280907556	1.30442531771363	154	0.650715485760773	7	6	1	-6.73992641620144
chr12	125962	2749427	0.0225773989849557	156	0.0467020738890873	0.692382062192339	6977	0.204171527916291	3	3	0	-6.89555959872569
chr12	2749665	5565588	0.017880322422418	177	0.0311715682420161	0.869348091010562	6578	0.286902194036546	4	4	0	-7.00107721896017
chr12	5578089	9266820	0.0238486427021616	298	0.0354196441860914	0.684980448549889	16933	0.199153217076497	3	3	0	-7.05238332639488
chr12	9294179	9575063	0.32671006572579	29	0.16099402583537	0.669681825521455	1062	0.196678135090063	3	2	1	-6.78008396166246
chr12	9671499	10412514	0.025007034966126	33	0.0312789260065177	0.68593774196152	1826	0.199802634211486	3	3	0	-6.80893284436785
chr12	10422160	10436048	0.344738723303545	9	0.148498971189852	0.648588201694351	122	0.151752880465052	3	2	1	-6.73986350621067
chr12	10505908	10634198	0.02851399752335	15	0.028321790365791	0.699380817228843	355	0.17869663431932	3	3	0	-6.78937663023733
chr12	11021773	11353735	0.311121025913832	21	0.12041632146927	0.852393163184425	855	0.201201304129828	3	2	1	-6.86483320323078
chr12	11393258	16514442	0.0171259681687664	159	0.0417258969189208	0.86570586818265	9523	0.310179940665869	4	4	0	-7.16352842038369
chr12	17332309	25158555	0.420757404858017	451	0.125468645525888	1.82880363682538	18421	1.04239701764218	7	4	3	-6.76464231535245
chr12	25209843	25857050	0.0748476409040617	27	0.16107158076785	0.930109336256309	584	0.364178317373465	4	4	0	-6.82037324483277
chr12	26122622	31176698	0.498756652966544	357	0.127962369349976	1.93326977852401	16160	1.13818715623302	8	4	4	-6.73316001686091
chr12	31184262	31994437	0.333172673448465	210	0.133203468512256	2.47927086979593	7350	1.30172840472	9	6	3	-6.73872358006271
chr12	31994535	34523014	0.386094891869794	269	0.116163395699164	1.87177725674952	7552	0.934270476826847	8	5	3	-6.73797530436451
chr12	37418138	38050140	0.498744612480324	14	0.104602859625147	1.11514007615687	249	0.561880514774977	4	2	2	-6.75426826411189
chr12	38084068	38335153	0.498077111925018	12	0.182470151149732	1.23839757065786	426	0.410086095789262	6	3	3	-6.75518751251975
chr12	38642336	50350336	0.018433232793894	525	0.0325157091469712	0.805120495734781	28531	0.270039485489283	3	3	0	-7.35613986826943
chr12	50350388	50353222	0.49169167401606	9	0.199850638672429	0.482782966863646	126	0.0833671123919464	2	1	1	-6.73448868935348
chr12	50355511	61065227	0.0296817305025182	482	0.0538112924599587	0.580200686795785	37605	0.191834081232172	2	2	0	-9.06831291351618
chr12	61571266	118550708	0.498895703093519	1905	0.0886839271639931	0.948001049943648	107742	0.343352696876958	4	2	2	-6.9745015780595
chr12	118596345	133234117	0.394178975040734	1221	0.0955940653419829	1.141733862936	58942	0.4265429515532	5	3	2	-6.90886774893742
chr13	17907340	114325924	0.498904897484188	2784	0.0878685444564896	0.968846931392314	123726	0.347055444840366	4	2	2	-6.76139088212111
chr14	16402209	16402210	NA	0	NA	0.894	1	NA	NA	NA	NA	NA
chr14	18330642	19936715	0.322461938237935	82	0.11620859161884	0.96754504170221	1765	0.345509492166176	4	3	1	-6.91430067849441
chr14	20289645	23795999	0.0196128284214259	377	0.0392112334045105	0.767600245471523	18848	0.217854737000162	3	3	0	-6.79302852162299
chr14	23810589	25678305	0.266964381187647	90	0.0902066354469098	1.02389169402212	9660	0.236014112185217	4	3	1	-6.78449072445404
chr14	25979107	31014555	0.0193086138522032	48	0.0400655491282767	0.750727782053726	2903	0.314941214299026	3	3	0	-6.7400317281743
chr14	31221964	31850884	0.267344582377302	30	0.104966004348863	1.04766338210466	1776	0.355455183387753	4	3	1	-6.75287390031705
chr14	31890636	32423479	0.287910636308342	17	0.0577340505095156	1.26370343544159	979	0.557181393898383	7	5	2	-6.81789195699717
chr14	32545663	57038373	0.0203057230801874	632	0.0460911848394692	0.759810792420056	28994	0.267350578786713	3	3	0	-6.87612115264325
chr14	57041195	57630679	0.0401213711379409	9	0.19566794434563	0.735939455358584	838	0.244423337468108	3	3	0	-6.73927517641929
chr14	57708857	105625998	0.0161493930598039	1663	0.0396858419822271	0.766900485902139	99131	0.257116492963056	3	3	0	-7.25606247852146
chr14	105628221	105707634	0.0549319879618019	13	0.147652658940866	0.824912059750889	180	0.341974012465477	3	3	0	-6.77048263208453
chr14	105707924	105741749	0.0291398438210213	9	0.0284912267198167	0.82398036261804	91	0.207008845876359	3	3	0	-6.79435707111147
chr14	105744692	105769698	0.497927517177053	9	0.202113485723024	0.823087728093822	42	0.278554119001216	4	2	2	-6.73872408573009
chr14	105769791	106335278	0.0424863407644208	33	0.0338731758985564	0.714355337020191	2221	0.179439622756263	3	3	0	-6.99054899984067
chr14	106344579	106349515	0.498068738851025	18	0.191423844479454	0.0466383284565202	36	0.0339502320164127	0	0	0	-7.18316625569857
chr14	106349557	106674927	0.0242828186214262	67	0.0576526585391776	0.692382030285743	1411	0.195808424341962	3	3	0	-6.75799228512192
chr14	106674939	106675394	0.452537210577871	10	0.183955429384403	1.15271068217601	47	0.116054239448574	9	5	4	-6.74194972785926
chr14	106700691	106874951	0.0187822084295501	24	0.0303238558215155	0.706197627440262	502	0.24550957954119	3	3	0	-6.73849876360871
chr15	19841982	101790153	0.405035946966298	4759	0.0968111751753382	1.19389709515303	252941	0.418958800816939	5	3	2	-6.80220120232053
chr16	11651	564921	0.0214808432528775	74	0.0562536896646661	0.890824466739718	4593	0.276567810025254	4	4	0	-6.77612014220664
chr16	578432	35908191	0.22953551629324	2649	0.106113990182033	1.12893814955238	152795	0.390344686112327	5	4	1	-7.4003723606025
chr16	46386234	46401545	0.482497273419847	66	0.106272540732557	1.08777587287887	1329	0.195309126499101	4	2	2	-6.75207332796889
chr16	46474402	90202898	0.222865011785111	2786	0.10014699332182	1.12581067164951	142239	0.390299467229528	5	4	1	-7.57654131942592
chr17	132094	338167	0.0527113298375103	25	0.124163172210335	0.555422180213248	348	0.220931239845658	2	2	0	-6.77757406985554
chr17	366391	18358957	0.024749694569942	1275	0.055375428823629	0.578665281452764	64234	0.17587915874028	2	2	0	-10.2905707769641
chr17	18411599	18494397	0.498342490524849	15	0.151410731204263	0.637641459683964	287	0.215980828956288	2	1	1	-6.79216746250195
chr17	18500895	19013580	0.0377524892994459	46	0.100242924744606	0.573778136340612	1811	0.189104787636635	2	2	0	-6.8810060153207
chr17	19093793	19799606	0.499063424977021	32	0.0819575027563951	1.02950230300813	3473	0.305330918965151	4	2	2	-6.74585750268991
chr17	19835410	20260216	0.0232414746667416	19	0.0526271781785888	0.566342995720022	898	0.203993195723529	2	2	0	-6.82713306632449
chr17	20279611	22567587	0.423788267594913	464	0.107026156931301	1.03037527100206	5970	0.375727319530306	5	3	2	-7.00470262267772
chr17	25074459	26939307	0.498247348026988	18	0.175092991166282	1.05473282935226	206	0.556951206023962	4	2	2	-6.75453667076041
chr17	26952386	28892941	0.499040868357376	130	0.0850207943977463	1.05475723225005	10943	0.316655552646795	4	2	2	-6.8016467796832
chr17	28961070	36989342	0.0236704878422446	253	0.0787706682834301	0.52162926492856	17694	0.21494950700128	2	2	0	-6.86797762687586
chr17	37070131	83151013	0.498917203876656	3798	0.0880925052793499	1.05995025691034	221199	0.349329752655957	4	2	2	-7.96956747181971
chr18	47858	108535	0.494529244674518	15	0.188868989614747	0.862880738660957	255	0.304903534101038	4	2	2	-6.73950196811449
chr18	112257	15350701	0.0218147847813477	552	0.0493401675027412	0.694763001828442	21620	0.236064592873752	3	3	0	-7.31945158070172
chr18	21017480	23110243	0.0310909414932168	49	0.0618839090336003	0.698081222181736	3544	0.261593391045958	3	3	0	-6.81203067584312
chr18	23503712	25448390	0.498732636267666	40	0.0921551089336023	1.37359824795571	6665	0.467323823025092	6	3	3	-6.74851608604232
chr18	26250231	80174730	0.267749088507152	1254	0.107553436560133	0.9178847917383	60993	0.332516801795532	4	3	1	-7.68621760970016
chr19	107381	4816229	0.324983952657995	1095	0.100166705336387	1.02869344585447	44472	0.333305622859565	4	3	1	-7.06062697408563
chr19	4830238	24394059	0.498922232884944	2851	0.0864940973124458	1.00388321682853	148260	0.326912845994909	4	2	2	-6.81703444568936
chr19	27392054	58524654	0.498921521652744	4263	0.0884891551880352	0.995328815966309	212758	0.311193784186817	4	2	2	-6.80395168737911
chr20	96321	8402561	0.498846630894596	684	0.0894909873617866	1.16144340161219	28009	0.416687779804604	5	3	2	-7.41199998383453
chr20	8549862	8924809	0.0499503726246596	9	0.107015704974135	0.572051081167999	552	0.308682559578684	2	2	0	-6.79231708153101
chr20	9062347	26271014	0.447440876050405	624	0.0969784427713152	1.14133824103543	27960	0.41516977762843	5	3	2	-7.0727477302146
chr20	28559278	29341737	0.498720525973677	274	0.116612756645372	1.02271500628974	1061	0.39608870636263	4	2	2	-6.73954315306165
chr20	29343821	31058076	0.376182386479366	416	0.132178138089596	1.1493374057126	2520	0.482198424970829	5	3	2	-6.76947739554055
chr20	31058081	31247355	0.130231279511563	50	0.142692985683478	1.79175267393742	472	0.946612571233107	8	7	1	-6.73367073278703
chr20	31259408	64327831	0.44724660715103	2161	0.0918585707183264	1.17037442610163	127362	0.40621448247064	5	3	2	-7.02129512597429
chr21	5218123	13035101	0.414196800291164	826	0.124248999232419	0.954918277283022	5193	0.345080107228134	4	2	2	-7.02562790887189
chr21	13249755	14859880	0.348266569039343	77	0.105098503741594	0.764704587803728	1676	0.294765064996165	3	2	1	-6.74878938319161
chr21	15089083	33262760	0.0305214056537633	261	0.0567584044445912	0.499337819736235	12180	0.178263401047706	2	2	0	-6.75402082414448
chr21	33421399	34366672	0.331339427741375	66	0.10087721193665	0.779462489169077	3111	0.24537425266099	3	2	1	-6.76318037970829
chr21	34521344	46600188	0.0303241104036189	609	0.0682974583507486	0.518589620559883	23191	0.158733230485126	2	2	0	-6.98141900033558
chr22	10684412	12705665	0.493809342296745	772	0.125597596151957	1.05038037641672	3935	0.433076108979121	4	2	2	-6.76885247924239
chr22	15346225	15669596	0.0484140229884673	17	0.158792525568651	0.773544890667327	290	0.232928770645124	3	3	0	-6.7587442818442
chr22	15675976	15854432	0.378835496691946	11	0.0758660302471043	0.7415967130666	139	0.376858525916474	3	2	1	-6.88523013080385
chr22	15854760	16411655	0.0304818882906513	35	0.0529004455827845	0.704455227061684	221	0.25358294905741	3	3	0	-6.76713172351013
chr22	16426579	16465236	0.498966637240931	11	0.110991318251802	0.766232591645056	53	0.309002130090685	4	2	2	-6.74731062541548
chr22	16469127	20987880	0.0221211973683332	359	0.0579283683983877	0.704997186688194	15592	0.226650687406952	3	3	0	-6.8536193179422
chr22	20989729	21476645	0.0406282368571886	9	0.182908978577992	0.698109581242687	1302	0.203873671105489	3	3	0	-6.76390123523075
chr22	21572167	23928444	0.0199823623030225	255	0.0358826105731873	0.696656732882152	8874	0.216886684131266	3	3	0	-6.83967741633263
chr22	23940502	23960415	0.497877521808344	11	0.2243944983931	0.970549892033666	110	0.402265520882757	4	2	2	-6.73308600288321
chr22	23993212	24321550	0.0143184568502774	31	0.0831914232551998	0.701235602920574	1507	0.198379606833168	3	3	0	-6.75055130253819
chr22	24334619	25201364	0.235463252213617	70	0.119184447413142	0.89944964277901	3533	0.308789068560396	4	3	1	-6.79036544180854
chr22	25203882	28928704	0.498780956388599	225	0.0955558886575959	1.22402158711492	10701	0.519215271791844	6	3	3	-6.96102685669527
chr22	28957642	29140561	0.336119650662433	9	0.149643279538745	2.27588877184699	1666	0.966296226737272	9	6	3	-6.73336208719103
chr22	29143717	29255501	0.00408374741362172	12	0.0152997821335251	2.5246836965668	1316	1.15596916632322	13	13	0	-6.73673133263584
chr22	29256169	29444191	0.275081596038639	45	0.102869422968238	2.44351211394178	3309	1.28232895024675	11	8	3	-6.73341235315615
chr22	29447943	36587692	0.0185926108097034	435	0.0484608315607688	0.703736967746918	21335	0.238320701610384	3	3	0	-6.91650363061556
chr22	36718376	36839580	0.158045912691544	9	0.130526923574325	2.41311744228181	770	0.879761525297019	13	11	2	-6.73902130594906
chr22	36846270	38199564	0.457359656762483	182	0.106964418529718	1.62274372567449	14906	0.584724403642913	7	4	3	-6.77591653168304
chr22	38199608	39696640	0.389750994851163	216	0.116563892716704	1.75458888974214	13810	0.923669693648424	8	5	3	-6.7490184594043
chr22	39825901	41737563	0.24199129096637	601	0.121194459762374	2.80978268544587	27199	1.59353603695457	12	9	3	-6.73784472314762
chr22	41738891	43176414	0.342478286106238	383	0.118041802169616	2.03196641958929	15569	0.919861282910426	9	6	3	-6.73877385561823
chr22	43176587	43928975	0.271893275556144	132	0.0983666713071931	2.37212866800379	4967	1.06797067153379	11	8	3	-6.73803998736484
chr22	43946236	50258233	0.0210817578968437	290	0.0686399198660117	0.712062618659667	14258	0.222460586696521	3	3	0	-6.84275795232606
chr22	50261058	50276351	0.023760526784581	10	0.178862579155681	0.692832429918005	229	0.225567123908472	3	3	0	-6.73401604740588
chr22	50277544	50780959	0.0274527488496412	89	0.0371100253793607	0.710189354928631	4688	0.174356535927772	3	3	0	-6.7710990399024
chr22	50782420	50808396	0.492423567168834	9	0.0944507514233976	0.801273956989814	40	0.437525178030084	4	2	2	-6.74006509029416
chrX	256771	57629526	0.113266881488181	918	0.108856055132811	0.507256325734669	64679	0.172152936246224	2	2	0	-7.13680202977649
chrX	63552738	155941873	0.115709904331111	842	0.0939655970365935	0.504636441456049	83386	0.159834635635951	2	2	0	-7.21092292567306
chrX	155985262	155985886	0.211343373439045	13	0.126759513879528	0.426402915268528	31	0.114444699516019	5	4	1	-6.76466565274502
chrY	10796688	11747688	0.352910842412856	73	0.140013390857741	1.16593612053187	497	0.450529082975419	5	3	2	-6.81170718011371
chrY	26436900	56832322	0.280639646143437	33	0.12823300879826	1.35788113285712	100	0.483661476905515	6	4	2	-7.16050084414239
chrY	56832332	56887136	0.369230712937156	174	0.0920383451228813	1.00236775482489	564	0.361149417435281	3	2	1	-6.81556635245381
