chromosome	start.pos	end.pos	Bf	N.BAF	sd.BAF	depth.ratio	N.ratio	sd.ratio	CNt	A	B	LPP
chr1	13273	202259	0.0813936726662609	10	0.138917401517752	1.19511861015596	162	0.332520900486009	3	3	0	-6.96487220078243
chr1	770072	16964634	0.498876751867873	2398	0.112165714170159	0.859880052230424	66882	0.325780987028841	2	1	1	-7.56883622960016
chr1	16965909	108593987	0.49890082430223	5953	0.104433267177061	0.933136857685957	227275	0.40150870167863	2	1	1	-6.87769250492772
chr1	108600835	122777449	0.498875410057987	902	0.0986682031320325	0.974445909666789	35179	0.403977140823472	2	1	1	-6.75932080723724
chr1	124514134	143253228	0.439304389257236	16	0.153511875219259	0.579300229833788	303	0.226954443421786	1	1	0	-13.6345450114382
chr1	143595303	157519745	0.498853742868958	1147	0.105581957194239	0.963522641512507	61354	0.348455279946878	2	1	1	-6.7417226083152
chr1	157521276	186699318	0.489986236235281	1959	0.0948560541587544	1.10482943689938	77543	0.409313620387207	2	1	1	-8.44159815592786
chr1	186870729	197751571	0.498807925440124	343	0.101258426838698	1.25796298355549	10794	0.513299733175115	2	1	1	-8.2129136114555
chr1	197772754	248945592	0.498894336981703	4582	0.104567224330712	1.0746804268519	138808	0.43123743738702	2	1	1	-8.49243848555366
chr2	188171	23852676	0.49886472731909	1127	0.104813607416299	1.01343090473966	33653	0.432622672142786	2	1	1	-7.00885902704006
chr2	23879821	90190670	0.498888102763722	3607	0.105729145780508	0.959987207113141	143786	0.397317607634273	2	1	1	-6.74733823697178
chr2	90190884	92075324	0.498565064808132	139	0.151104748024025	0.892526191559333	1509	0.36899096793539	2	1	1	-6.76832736522323
chr2	94190317	95939329	0.490697196839094	71	0.13611570116863	0.967093747752078	3565	0.332171826425751	2	1	1	-6.73794224505174
chr2	95939402	95957250	0.289585772638468	55	0.129936148525353	0.798969224593535	188	0.306271822919062	3	2	1	-6.8386462705117
chr2	96022714	242183318	0.498921648569977	8098	0.102256667823242	1.00489153759223	293221	0.408386899712305	2	1	1	-7.94315155339913
chr3	13142	75522022	0.498911975626549	4547	0.105676725484228	0.944309524024663	175043	0.38828907035161	2	1	1	-6.75701337648917
chr3	75528956	75732267	0.49849615359058	95	0.160341951221097	0.873276037885724	555	0.359720745549485	2	1	1	-6.74023272469413
chr3	75734368	90303819	0.498812803607189	385	0.105428375801975	1.15176597209596	10466	0.510628041761603	2	1	1	-7.74676467841281
chr3	91404436	130021855	0.498887147121826	2041	0.103511901310918	1.00671786771144	70476	0.394683371783069	2	1	1	-7.15314921630536
chr3	130083201	130174431	0.12536442974256	26	0.18230324694353	0.969180101548025	179	0.400266700053763	2	2	0	-7.00423565624278
chr3	130290720	183054364	0.498876751867874	2398	0.105405935409954	1.03817479948278	83858	0.423602376711743	2	1	1	-7.81281395527005
chr3	183086597	194376601	0.4988423994568	827	0.100379964110066	0.937210913477018	27161	0.398608611801369	2	1	1	-6.74467373279246
chr3	194494594	198113542	0.49879126915844	581	0.10861210885223	0.873005421081026	14490	0.368233777377575	2	1	1	-6.85313927321297
chr4	13970	49061855	0.498884490421961	3156	0.106018647685488	0.976801252771223	87601	0.413157955539044	2	1	1	-6.83803837015425
chr4	49102610	49657583	0.339223959612818	123	0.163577250842538	0.630973277511911	620	0.348800260090738	2	1	1	-7.69516310984283
chr4	51837444	54636336	0.498749853097855	95	0.0908535424813528	1.02302480006756	4515	0.43753099762391	2	1	1	-6.77719620330101
chr4	54649043	54830850	0.230819310454518	18	0.101268506740824	2.29034583236078	750	0.769330510100341	4	3	1	-6.7607049902448
chr4	54867256	189963322	0.498897457765346	5188	0.100097455753965	1.04851020240415	196070	0.453833819716742	2	1	1	-9.10152795033795
chr4	189979826	190179679	0.315416343823176	32	0.175655543492591	0.825705043499948	271	0.277078666988054	3	2	1	-7.17598920305863
chr5	44595	488195	0.342088746591526	22	0.115097323771641	1.49047882961431	2636	0.504915981574309	3	2	1	-6.73834019627636
chr5	491711	796859	0.0654401268158301	57	0.17429827263806	0.474175300674657	802	0.160536619639603	1	1	0	-6.81659155865094
chr5	801038	1225561	0.0202519379324358	90	0.100073977630309	0.432462805775948	1467	0.154470338007505	1	1	0	-6.855796992859
chr5	1253629	3384089	0.303269495002922	156	0.151806673123953	1.42537920886913	3763	0.709753939360974	3	2	1	-6.75648791822477
chr5	3524580	4095539	-0.00350069493198324	20	0	0.550704496868042	320	0.254583668812319	1	1	0	-Inf
chr5	4210499	12439592	0.303795254444658	506	0.12079690934799	1.6981718346311	13792	0.744322613736816	4	3	1	-6.96579221869065
chr5	12486934	13638374	0.165810031509778	47	0.0884857713413843	3.64101057036742	1657	1.88742473863866	6	5	1	-6.74442302349707
chr5	13650357	16182832	0.301424098802875	211	0.109052748329892	1.57976004207537	6747	0.592388792694815	3	2	1	-6.82709967282046
chr5	16197538	17439249	0.159059473642192	234	0.0959126588311471	2.67033199497639	6996	1.27987500710078	6	5	1	-6.73890705924698
chr5	17456313	30823997	0.352258041554879	535	0.114479388293611	1.75303364835019	12822	0.858305942031825	3	2	1	-7.17229516042347
chr5	30888410	37284624	0.257197386295724	653	0.115484187542358	1.77831946550045	23847	0.766119215780943	4	3	1	-6.7664334794841
chr5	37292137	37600256	0.499152332806843	50	0.092528607821074	0.838538052919252	1131	0.418063707373184	2	1	1	-6.75028887565973
chr5	37656989	45816754	0.237646034905391	463	0.105737585229853	2.073648982739	20351	0.936199969561313	4	3	1	-6.78085324729024
chr5	49658729	181285564	0.498901697178256	6173	0.101576132570162	0.990027618392795	241339	0.407131583157529	2	1	1	-7.3625366831306
chr6	160049	32485632	0.32277942826519	3947	0.11156229248077	1.40850929023394	113159	0.582448275462812	3	2	1	-6.75050964936606
chr6	32521989	32581639	0.257665021619563	33	0.149265702691543	0.418666769173436	83	0.302205608966968	3	2	1	-7.42263161451109
chr6	32581704	32756547	0.270904257648963	138	0.125027605964655	1.52944498108928	707	0.557820803688902	4	3	1	-6.76601170667456
chr6	32757080	44282428	0.32826831271735	1813	0.111033012188276	1.32410967241937	64700	0.499535715880532	3	2	1	-6.89167608449133
chr6	44283101	58414703	0.325941143397814	843	0.101731280294524	1.58891863143333	32259	0.604742372507653	3	2	1	-6.9857782644764
chr6	60281479	92034662	0.000711832893768194	919	0.0100097420429596	0.513039419955927	28289	0.225373374070728	1	1	0	-8.30425084754308
chr6	92094210	92493856	0.161963726072086	9	0.154946765051743	0.646300195104481	93	0.299228674549657	1	1	0	-7.565300358116
chr6	92493890	170640200	0.000390331610680694	2510	0.0333099934433819	0.513047020337282	89985	0.222019583718376	1	1	0	-9.75912608567791
chr7	37991	413634	0.449706823432291	66	0.10786772202353	1.82006444676537	1055	0.674757872861709	4	2	2	-6.86174991543384
chr7	430570	732388	0.253537639834276	121	0.111858069998063	3.18023311282565	2377	1.46062632861162	8	6	2	-6.73640867536101
chr7	734423	1807547	0.325975483432634	348	0.100209763227589	2.51526072827286	10681	0.910780597175622	6	4	2	-6.7489282033363
chr7	1808848	3424032	0.498796818214308	360	0.0961744767751684	1.92463728492958	10534	0.914617390933446	4	2	2	-6.73323836225076
chr7	3586416	5235906	0.00123591187836514	232	0.0214861345570976	0.888995581062822	5594	0.385490726005548	2	2	0	-6.76683089201626
chr7	5236745	5367749	0.498721752426113	63	0.101343057278615	1.6706533216635	1333	0.719222630001455	4	2	2	-6.7357544675387
chr7	5377790	5748531	0.00188358368477159	62	0.0254036894017279	0.859556054760835	2009	0.528189180589897	2	2	0	-6.7447699160772
chr7	5771669	5840988	0.4535890447714	28	0.103793369210482	2.15926888644229	619	0.925590180161518	9	5	4	-6.76043960042124
chr7	5841223	6295555	0.243626003927101	258	0.112633185355553	3.15850482943765	6495	1.81234759970424	8	6	2	-6.73787731947419
chr7	6296610	6339547	0.00711607139719217	9	0.0606666666666667	0.849931152402874	284	0.422373717292722	2	2	0	-6.74315764669984
chr7	6339906	6624672	0.498907095680014	115	0.0960930398687273	1.66503191833182	3443	0.736677291353979	4	2	2	-6.73883477664621
chr7	6628948	6819470	0.275188750172761	78	0.121663971158769	2.47310249611525	2046	1.1806726208988	7	5	2	-6.74483589988486
chr7	6820400	8078014	0.00284276564135344	117	0.0948235117416331	1.04412622897774	2612	0.396470518452629	2	2	0	-6.77352850901068
chr7	8086564	11636750	0.498789679722138	226	0.0931866074881073	2.44515097989111	5724	1.35886424654086	6	3	3	-6.76112542836903
chr7	11769292	19617082	0.000864942498942312	365	0.0463621652730896	1.16140535987888	9103	0.543360848273069	2	2	0	-7.30112938712313
chr7	19729671	20161772	0.015579369839547	12	0.23024150693381	1.40970552877787	472	0.986386882512574	3	3	0	-6.73582580473464
chr7	20263641	25595781	0.498852127914373	577	0.0942417410330298	2.0267491430658	18191	0.868048294750618	4	2	2	-6.74921144621126
chr7	25689798	51348465	0.00127306596409549	1475	0.058583984374302	1.01340474996819	50481	0.438423943149038	2	2	0	-7.02349632284469
chr7	51359789	56321143	0.498880137745712	487	0.0821079766834681	1.93839329027991	12910	1.03913518319516	4	2	2	-6.73394487045482
chr7	56330202	56454327	0.060266032892176	9	0.158152177067251	1.62666450526079	600	0.680214521039298	3	3	0	-6.82160934722129
chr7	56561776	57652084	0.451373667717175	211	0.122884806419824	2.08163782552393	4296	0.98919252019119	4	2	2	-6.83075518369734
chr7	57672895	57714778	0.0117488675730524	14	0.0954122633627355	1.83793879596964	55	1.00610904349748	4	4	0	-6.74214615113737
chr7	57727033	58091518	0.498880259866513	25	0.114791797035619	1.95375979869053	323	0.849169976926008	4	2	2	-6.73327590090594
chr7	60958177	76618351	0.321797529015846	1983	0.12123551854908	1.28153212670073	55753	0.564809490875504	3	2	1	-7.06972194108532
chr7	76622644	97760193	0.330092009893652	1158	0.108265761936102	1.60831822198957	42038	0.652085354066274	3	2	1	-7.12305414269276
chr7	97803453	100951903	0.327862013267983	533	0.0973197890859862	1.21317989807821	26875	0.449587432345063	3	2	1	-6.97591528155787
chr7	100951933	101017358	0.186294195812157	215	0.146181080150172	0.979639542811135	1831	0.310270896367603	4	3	1	-7.02016781575589
chr7	101019688	102939379	0.326327106802954	430	0.114834802991512	1.1631945764574	12637	0.475844595851211	3	2	1	-6.94358659567961
chr7	102940291	152306956	0.333699237717195	3917	0.1059687192787	1.47922779386353	141076	0.60272639985632	3	2	1	-6.82809320248438
chr7	152323834	152410518	0.250515109189821	98	0.166770797963041	1.0483509498672	541	0.652173369681185	4	3	1	-6.7763861469263
chr7	152410761	159261057	0.325959379653524	743	0.117718838665235	1.44779069757167	17663	0.587972682381688	3	2	1	-6.73737166897977
chr8	213654	21934261	0.410273461740627	1503	0.121016830151314	0.827204187978044	29651	0.344001959646998	2	1	1	-8.69616941961389
chr8	21934490	43500515	0.3928147231575	1477	0.122203125687505	0.759951103001382	48034	0.316570763246664	2	1	1	-10.6527296268865
chr8	45952307	145003393	0.42291982282191	4583	0.102433634670677	1.18704903040158	176616	0.50606828498678	3	2	1	-11.0569875809351
chr9	10368	214864	0.0119111683404872	9	0.165359456941537	0.67763815382527	110	0.410064183527624	2	2	0	-6.81970520764619
chr9	214908	33677434	0.00142119863370016	1315	0.0119995738996408	0.508195106066479	31850	0.23077308771677	1	1	0	-8.00688780711311
chr9	33771733	39042729	0.498833426105784	542	0.108644035254506	0.901155695843143	21719	0.344600078494833	2	1	1	-6.81465428727471
chr9	39049115	42975633	0.498647156987705	406	0.143585855549932	1.01423841579038	3721	0.427593370931484	2	1	1	-6.78299806471363
chr9	43110489	63979865	0.312235164335743	117	0.136261464500893	0.949580286360359	1446	0.403513324571233	2	1	1	-7.69963969434801
chr9	63979982	96727038	0.498866146945558	1684	0.109020288669734	0.993635813459995	58740	0.405885896790729	2	1	1	-6.93621440321546
chr9	96746577	98430157	0.256274363375253	213	0.105218470648852	1.90631964607094	9429	0.7301875207397	4	3	1	-6.73516282038564
chr9	98447306	120408479	0.498877639062881	1305	0.0973968686474588	1.00406928389239	41812	0.399008199490364	2	1	1	-6.95234606746439
chr9	120419790	138176464	0.498894684995524	2138	0.107965374999347	0.877944276562601	83092	0.328629140281952	2	1	1	-7.32986537235303
chr10	47588	38646805	0.498881832814271	2867	0.108518816468534	0.963724428156036	79102	0.415071532494001	2	1	1	-6.75054812077587
chr10	38649849	39131354	0.455794712769811	67	0.151874836884513	0.840415579519518	326	0.363021133255605	2	1	1	-6.81776450052894
chr10	41859953	42070183	0.0452083828044754	9	0.0433419863155552	0.395150248132938	47	0.24703430570695	1	1	0	-7.39507201576743
chr10	42070582	42333145	0.377940393599949	38	0.161403792429194	0.654414792260855	355	0.313940920631846	2	1	1	-7.27540421523241
chr10	42337130	67503895	0.498868995950724	1137	0.0978067827971088	1.02745385192838	36397	0.426401352352061	2	1	1	-7.17208859815172
chr10	67606844	75431683	0.498860971522347	850	0.105311977589675	0.877961409251323	30850	0.342684664885922	2	1	1	-6.98929684852999
chr10	75471228	133622304	0.331485463109471	4330	0.1081015012972	1.44282082192426	171911	0.594664037650351	3	2	1	-6.74208982696509
chr10	133622477	133787106	0.120277992122174	9	0.109055541404878	1.36375397370108	155	0.533510237191473	6	5	1	-7.02393827186843
chr11	198665	997658	0.498866266110903	305	0.113967690367928	0.8393284149634	7650	0.259482682935601	2	1	1	-6.84542100197884
chr11	1016665	1018385	0.480996173242122	30	0.127775215699784	0.586530201025078	126	0.106088526375718	2	1	1	-6.76777920153915
chr11	1019375	50553118	0.498912905716247	3517	0.0985249604031263	0.965417488139034	111926	0.373786261424033	2	1	1	-6.76975606282074
chr11	54591998	56700571	0.49900779903502	126	0.0958682190747874	1.0152549585517	4179	0.306719845921425	2	1	1	-6.78683735326243
chr11	56700635	56701244	0.0890770575917423	17	0.08051470453935	0.66187381117072	53	0.0667509995141596	10	9	1	-7.04763757614904
chr11	56701339	118055443	0.498910431007587	3769	0.0995749659603387	0.927591215216447	165905	0.366801091991636	2	1	1	-6.92348801821489
chr11	118074446	124250452	0.498816110142984	417	0.118277344435035	0.904562744682416	21722	0.343812439830065	2	1	1	-6.81649713217167
chr11	124261053	124274783	-0.00319841251747544	9	0	0.560116485683485	73	0.151373445793257	1	1	0	-Inf
chr11	124309760	135064783	0.498822469123939	488	0.116609178274287	0.989760839172279	20590	0.381054935351459	2	1	1	-6.79681765598065
chr12	22477	8272149	0.498852116813804	1093	0.105091606155415	1.02102977968933	34837	0.374453898382535	2	1	1	-6.89743168307642
chr12	8295996	14205488	0.447022985147128	689	0.106492948123972	1.12537290740139	19348	0.399175236851036	2	1	1	-7.43881055372985
chr12	14206525	34523014	0.399938043214229	1415	0.104939765739468	1.35014980409906	44548	0.541015895264993	3	2	1	-7.09732792419246
chr12	37418138	47274568	0.49902890805523	560	0.0851563971906647	1.78416682592291	23316	0.705842859685153	4	2	2	-6.78411828838075
chr12	47299898	49379923	0.498856067173151	403	0.0808938835102401	1.48177558741502	15659	0.531354635636769	4	2	2	-7.00056188446951
chr12	49408890	57830154	0.375521728921782	1031	0.0992830911181283	1.18523221033104	63012	0.418292785911134	3	2	1	-7.71120609776753
chr12	57834805	92893678	0.367260272316449	1637	0.105468129017433	1.439501874339	61276	0.621919429734652	3	2	1	-6.79729555573843
chr12	92903260	133224747	0.362246533013429	3262	0.108228883868426	1.22928891187145	152388	0.509480677338642	3	2	1	-8.3767077582173
chr13	18177561	18212202	0.167870754715691	22	0.141031788501619	0.71776416245013	112	0.413286218000383	5	4	1	-6.9341842511339
chr13	18213154	109494112	0.498891604442249	4120	0.104585856558527	1.03094077702486	131008	0.434907651771451	2	1	1	-8.14280650505593
chr13	109582778	114325598	0.498818762787683	445	0.113301521484602	0.957365145286445	12347	0.355466118668952	2	1	1	-6.73361185426942
chr14	16057734	16402218	0.497820905521194	6	0.20667075264778	0.92302070166751	23	0.294072750537508	2	1	1	-6.73550360719269
chr14	18330642	19975490	0.32328852941126	153	0.130811406930002	1.00398470834264	2361	0.328945627038213	2	1	1	-7.6913283913593
chr14	19975505	21754101	0.498866028052346	319	0.104524201449754	0.887708297339213	9791	0.30935885645657	2	1	1	-6.78840409311745
chr14	21754293	22518777	0.499410352206928	98	0.0478906110304359	1.2405802091567	2718	0.385271414995316	2	1	1	-6.9410248326715
chr14	22519994	24442802	0.471926024147949	437	0.0941911097196067	0.884562749090588	15822	0.266477013117435	2	1	1	-6.87423971477717
chr14	24442963	78714883	0.498897322526457	2723	0.0988497018858808	0.958962256578338	111122	0.406638881417756	2	1	1	-6.74130600915205
chr14	78728694	105553442	0.498879159976441	1684	0.107036746864424	0.937603392788582	62985	0.391609973626233	2	1	1	-6.76006561092999
chr14	105587403	105768379	0.246637773213969	57	0.128522651914508	0.890126897652694	842	0.270587075613896	3	2	1	-7.30965649352686
chr14	105769148	106639151	0.498798597654666	277	0.114323362847833	1.04159139439713	4053	0.268098392395676	2	1	1	-6.79021846258308
chr14	106639289	106643616	0.0708247495367939	21	0.0858592702374897	0.754672190216171	59	0.128462028219746	2	2	0	-7.12434369958063
chr14	106644803	106878743	0.0615397002650384	55	0.0944588271876696	1.10439488911539	984	0.278046151905075	2	2	0	-7.01679218918761
chr15	19841981	22234318	0.339247498804265	270	0.130039496060202	0.885789246470423	3507	0.339823068906125	2	1	1	-7.59845206461125
chr15	22234709	101980762	0.49890294913659	4903	0.105343480726614	0.939468812544617	216420	0.374996742533984	2	1	1	-6.79979438141612
chr16	11641	33958558	0.498890840633487	4001	0.108915335860147	0.84923461241264	129410	0.335334266482916	2	1	1	-8.49528702119125
chr16	34064776	34162941	0.0719875796615291	8	0.196551656241886	0.805245269534464	113	0.318029420883365	2	2	0	-6.82889271745501
chr16	34163115	35414415	0.49552506023721	48	0.157304318100006	0.776153457271082	904	0.483568586598078	2	1	1	-6.86555250681138
chr16	46386441	46455290	0.391032518848437	54	0.123405697225116	0.47239011154623	518	0.182060689276017	2	1	1	-7.72592247137275
chr16	46506166	69444352	0.498885542468904	1292	0.106587281138297	0.901761201549532	61326	0.375697940401996	2	1	1	-7.01486779713511
chr16	69446649	70680681	0.256342200476105	83	0.148508536735761	0.776178811486002	6989	0.324408547270282	2	1	1	-8.30723291056237
chr16	70692892	74353782	0.00306645283614837	158	0.0423755763416788	0.45632609037463	7668	0.200981995810628	1	1	0	-6.8352431712735
chr16	74359817	74418173	0.011989406901209	30	0.191426694351506	0.464624703942883	352	0.187310568039417	1	1	0	-6.73600693825252
chr16	74424459	90075679	0.000227794632154665	1629	0.0283384822299989	0.447151318608107	30945	0.199399699476369	1	1	0	-7.55674177277103
chr16	90083937	90106232	0.498627791831278	9	0.148770796865514	0.510086083209921	68	0.195982553625889	2	1	1	-6.86605433618383
chr17	138189	21266324	0.498879627163357	2651	0.107419091767382	0.85295649310596	96933	0.328812658945153	2	1	1	-7.90683149105176
chr17	21290766	25074523	0.498606924901048	407	0.16315565140309	0.835071461879131	2595	0.413888085056979	2	1	1	-6.95513381760016
chr17	25920162	26952386	0.476861632475546	13	0.181772928226118	0.503759934959034	140	0.349319216042882	2	1	1	-8.31182178646934
chr17	26952458	44229684	0.498869798057953	2239	0.102122599065378	0.960744578625646	88382	0.364680042697587	2	1	1	-6.73848731990367
chr17	44242354	83135542	0.330432195208479	5863	0.110924828211729	1.30774012663936	196769	0.516039362486352	3	2	1	-7.35534349465695
chr18	47858	2728688	0.417601648220532	221	0.130522732700256	0.788736957607329	4510	0.360559581744408	2	1	1	-7.37523132386771
chr18	2729179	15350708	0.498851553250642	1075	0.105497027447342	0.98213457250188	27068	0.406669274399322	2	1	1	-6.77494385225066
chr18	20941007	80250865	0.498879519867011	2641	0.102531886765204	1.02275123885543	87713	0.442586002535844	2	1	1	-7.52951206083441
chr19	107329	876882	0.184285496109251	206	0.109998921592888	0.798724514678213	4422	0.281910950912976	2	2	0	-8.24519085619933
chr19	877808	878339	0.0678054081274353	10	0.129991495448313	0.188085076505761	18	0.0593826629042078	1	1	0	-6.9690286221837
chr19	878432	935892	0.498436872407427	29	0.150735005462969	0.724215800486538	515	0.325709492097507	2	1	1	-6.75744753317467
chr19	936240	24394204	0.498899276790288	4437	0.110869081816149	0.801938728237618	157900	0.298472843981812	2	1	1	-9.55844726936611
chr19	27646333	58599150	0.498909777289531	5613	0.110236004473467	0.824098378773498	183708	0.307379288615155	2	1	1	-9.33382902341302
chr20	87623	25686006	0.49887132144482	1691	0.10399811750021	0.977220314872153	51977	0.392298291718013	2	1	1	-6.79640146870405
chr20	25773465	26168423	0.081323177674679	40	0.178272549550055	0.968961396627995	437	0.407739678050835	2	2	0	-6.85576165731291
chr20	28559257	30855919	0.498652417667015	633	0.161452420022896	0.834624198559406	2836	0.377381926991588	2	1	1	-6.89809392844736
chr20	30865421	31248651	0.0654829967492525	34	0.168666289727831	0.733163253110294	220	0.401853962428065	2	2	0	-6.91833241516695
chr20	31259408	64327831	0.498901876618348	3190	0.106691698560364	0.904135926969006	107073	0.360862050915483	2	1	1	-7.12493211983801
chr21	5034010	10739746	0.405906442952184	782	0.16122634807348	0.712159373683236	4563	0.324314570363504	2	1	1	-8.88665349715758
chr21	13000242	13079168	0.498446208475273	22	0.174710353992566	0.761510367927543	180	0.345054466818478	2	1	1	-6.75298388348743
chr21	13113074	23556656	0.0019883800345053	299	0.0641176506874013	0.548660813896573	6607	0.253251301372498	1	1	0	-8.23522537802778
chr21	23734519	46661749	0.498871249788926	1990	0.110037945710095	0.945089846305215	56167	0.377632473882291	2	1	1	-6.73943671656394
chr22	10679333	11571795	0.392145732226062	539	0.157905122784936	0.724968351250785	2123	0.302776660268019	2	1	1	-7.40789487284962
chr22	11571835	12801441	0.367627108262247	205	0.153179876321284	0.870739796408135	1045	0.342762419029177	2	1	1	-7.20113138122426
chr22	15350241	50808263	0.498893910801741	4506	0.107740366895627	0.869571732613929	135862	0.336648582763899	2	1	1	-7.99446282565126
chrX	284193	3100884	0.00148719707188905	491	0.0639564613922773	0.419969835820362	6504	0.209192529220978	1	1	0	-7.29173995609172
chrX	3101073	57977737	0.000607107817692354	1505	0.0253416095097651	0.490333828770384	71735	0.218865593987105	1	1	0	-7.25666329814461
chrX	63299790	155996516	0.00325371464484209	2056	0.0426688518060215	0.502171005821237	97462	0.219023105870851	1	1	0	-8.92364531645146
chrY	11185998	11333215	0.497914393455594	23	0.185623146641711	0.144928390456144	67	0.241015989868369	2	1	1	-9.81927968599087
chrY	11351188	56837194	0.146743354684069	84	0.173997228629811	0.477354372360181	194	0.380922228884185	1	1	0	-7.13279997605017
chrY	56854907	56886905	0.377434891551918	112	0.146733679718854	0.916398230502363	356	0.344267282117595	3	2	1	-6.81856892663305
