chromosome	start.pos	end.pos	Bf	N.BAF	sd.BAF	depth.ratio	N.ratio	sd.ratio	CNt	A	B	LPP
chr1	139233	8416324	0.498882234940858	895	0.0945630620376473	0.832469698424718	28667	0.284107271722547	2	1	1	-6.88772693541957
chr1	8440324	19170919	0.338154474090481	1733	0.0987903296423235	1.21358264338826	56960	0.424713319576922	3	2	1	-6.87682233614247
chr1	19172307	121375092	0.498921637075476	4719	0.0940517112435084	0.807635327286973	221834	0.272685258384362	2	1	1	-7.06096226462766
chr1	123720128	143247130	0.292524875977788	25	0.139303541472091	0.972579308603842	671	0.404281323120798	3	2	1	-8.23192726383325
chr1	143280818	248945561	0.498925033247204	5610	0.0909223214461908	0.797507808611267	236025	0.259916488522788	2	1	1	-6.79078347988506
chr2	41404	89234206	0.498909335729958	3380	0.0951171115596597	0.784944012268271	145536	0.268718876250002	2	1	1	-6.78019545257358
chr2	89573992	92007009	0.498597036545328	152	0.141936418780729	0.744747973232732	2659	0.266292379978316	2	1	1	-6.80767598859898
chr2	94199564	242183437	0.498919529172452	5442	0.0969411717488666	0.761850426203887	243701	0.253793912911843	2	1	1	-8.25136348373034
chr3	51248	90213822	0.498911869703286	3789	0.0946530298464852	0.80123342345877	159470	0.262351446202392	2	1	1	-6.85418263998364
chr3	91513966	194923527	0.498917508823015	3854	0.0973348402523678	0.763310689456857	148315	0.260189861895811	2	1	1	-7.73139470551138
chr3	194951721	198150571	0.498819643235158	496	0.104654588010397	0.792176462867988	11984	0.267946291112061	2	1	1	-6.73314261021571
chr4	25320	49016897	0.389098752224853	2587	0.0978208474334843	1.04481056844153	88676	0.369427899859495	3	2	1	-8.13492777067368
chr4	49061855	49711644	0.336262684172397	154	0.128572056959296	0.794074907852456	1520	0.323210979101038	3	2	1	-7.1883170296053
chr4	51860714	67817120	0.39571594029638	451	0.107170424496088	0.995133885954499	18292	0.359218458556922	3	2	1	-7.97488534293133
chr4	67835136	163127395	0.373737129169569	2747	0.109697081902064	0.622947688526415	99486	0.216970900423599	2	1	1	-16.9915639196047
chr4	163298879	164197642	0.151651687083216	24	0.1239242332222	0.277837322699546	547	0.10454210336416	1	1	0	-11.3766910271125
chr4	164695008	190179746	0.394066423576392	924	0.116562805848877	0.623174707662818	24669	0.228062609547699	2	1	1	-12.8472479755105
chr5	163090	1528369	0.153698468599282	158	0.153607069179799	0.588549488451445	4895	0.382246619771854	1	1	0	-7.20846152300432
chr5	1589636	1827501	0.108806580826115	37	0.067558961013423	3.14221330485498	1054	1.45983333031475	10	9	1	-6.73458364500726
chr5	1878318	2277887	0.498748083985606	18	0.136369308259938	0.692196355256134	292	0.256678908887292	2	1	1	-6.79747474492178
chr5	2419254	7112254	0.0871349619473901	115	0.106694007746885	0.728025607571423	3074	1.81137232794038	2	2	0	-6.77753554432526
chr5	7269164	7897170	0.499018488455458	54	0.0881864488196219	0.75121808689961	1109	0.240568824818049	2	1	1	-6.75060316828819
chr5	8137385	12074404	0.124199084725307	106	0.134817964522357	0.493682816462564	2609	0.24337447607868	1	1	0	-7.17579422012671
chr5	12519197	13758483	0.137302102522118	39	0.085768314537931	2.71514720601509	1862	2.04558517922139	8	7	1	-6.73364846797883
chr5	13765823	14861105	0.498850331763031	73	0.10418774581242	0.740387173653028	2945	0.247347919495443	2	1	1	-6.78014942404628
chr5	14920959	15017218	0.118680720370151	26	0.0680302760654289	2.96412826767495	496	1.6519808941441	9	8	1	-6.73512327748657
chr5	15110842	16952432	0.498358006506268	53	0.154421827702004	0.569374516151687	1784	0.259249272855045	2	1	1	-8.13079378583839
chr5	16978683	17491550	0.30821852319964	68	0.11292860214974	1.10805977832577	1200	0.470257789904436	3	2	1	-6.8048455435281
chr5	17630586	18008688	0.0915077363598397	25	0.0650685535928582	3.22118984679476	741	1.9403107903787	12	11	1	-6.73800190593535
chr5	18049591	19269718	0.498906244837934	23	0.126365631115714	0.78913054330574	475	0.597559002802143	2	1	1	-6.73308943106092
chr5	19322196	21233064	0.171040879307193	83	0.0976360252036754	2.14716889172274	2452	1.41588060220934	6	5	1	-6.73963109165457
chr5	21243482	21721728	0.413819203274306	19	0.15566321045038	0.710381949282253	400	0.295055030326637	2	1	1	-6.94958984394165
chr5	21725675	33311136	0.0964949827401479	176	0.114444158531914	0.417560500513676	5760	0.163138667077601	1	1	0	-7.5410613279321
chr5	33408673	37225318	0.498785224094666	207	0.123330124236179	0.866988035220696	8247	0.481640367280318	2	1	1	-6.81446016456079
chr5	37242279	38571479	0.131773531644337	186	0.0805672942239963	2.77629048898421	7009	1.44443364778721	8	7	1	-6.73643138277894
chr5	38702546	42476212	0.245636495158316	147	0.117533237328024	0.84799939063213	5724	0.413375507919423	2	2	0	-8.01018077781901
chr5	42559312	43818833	0.118509011929473	134	0.0781646976125875	2.86674324420745	7399	1.62919409362757	9	8	1	-6.73864640892992
chr5	44110427	46381441	0.498324619454293	27	0.151699583166084	0.737329315180089	810	0.429978738083589	2	1	1	-6.76959484689848
chr5	49599621	181288546	0.498918054080223	5065	0.0931574223980862	0.772308855348342	199518	0.261417600400528	2	1	1	-7.34503438030653
chr6	96277	47738388	0.307824900418571	4634	0.0997756873939653	1.28873673767807	181901	0.442312712929536	3	2	1	-8.48465924080241
chr6	48411689	58348457	0.498852009140415	346	0.0864412118802976	0.793010527179635	14557	0.26416922614989	2	1	1	-6.73355726252415
chr6	60291624	60744394	0.310900099840637	14	0.0571858835266648	0.595978102174796	238	0.233918765414934	3	2	1	-8.54890649841273
chr6	60855642	170566847	0.107148387621978	2776	0.105549362729405	0.422002082993002	96531	0.154258602795667	1	1	0	-10.2174911769616
chr7	31439	2912016	0.233792603290995	879	0.111622062926122	3.36065504649266	34020	1.56236921211479	9	7	2	-6.73472935533027
chr7	2915328	4105600	0.0448530728009203	66	0.0815923990358145	0.928803787467643	1930	0.861431734999784	3	3	0	-6.7738706319357
chr7	4138481	9188281	0.254355906318088	1435	0.118319208375623	3.01076001036335	48244	1.55566615758955	8	6	2	-6.73613826739159
chr7	9203449	12808289	0.306728602329652	233	0.0952124998089835	2.03890846062681	6935	0.864729644484282	6	4	2	-6.82153993036015
chr7	12855991	14613429	0.234473965247545	113	0.113085175656333	2.57020670188913	3426	1.41141873816753	9	7	2	-6.76119499287961
chr7	14915134	35169317	0.0599474507432249	605	0.0762796342827889	0.749850471423464	27278	0.266391098002933	2	2	0	-7.19083196854641
chr7	35178880	41106593	0.216510456263767	202	0.112615758111054	2.06455865759064	14926	1.75092732917658	5	4	1	-6.74904792847041
chr7	43963754	58091558	0.320830742051168	52	0.113461663215413	0.774464779485719	22067	0.268844035299315	2	1	1	-8.00031264283204
chr7	60958067	63016019	0.0999127306548462	12	0.09236078795417	0.844924511175242	135	0.578228441699725	2	2	0	-6.85890103357603
chr7	63289076	151938163	0.347732825393174	4652	0.104097320587494	1.1203768405623	235885	0.402625272317093	3	2	1	-6.82465074864176
chr7	151961239	159316121	0.327868586254568	627	0.113203686463468	1.06474688030053	16472	0.386054189566537	3	2	1	-6.88349543744377
chr8	180930	6131541	0.394529497633574	229	0.116098041450677	0.631643547612202	4925	0.288026433815206	2	1	1	-8.83246649834157
chr8	6246020	14219014	0.156468748537445	397	0.136474312777116	0.30281745397413	6575	0.125059532807061	1	1	0	-15.0855427453582
chr8	14257074	43122538	0.101292556963745	750	0.0972448685407044	0.449602910230372	37754	0.157302518376139	1	1	0	-6.88019657377314
chr8	45952307	145075909	0.268235378605594	5068	0.103285070146356	1.42740156350247	209748	0.543889634970929	4	3	1	-7.05766317130393
chr9	10357	39013755	0.0621805820181915	1482	0.0747454811979755	0.771473195970541	56588	0.270034734087138	2	2	0	-6.93243224943825
chr9	39016060	42877861	0.451810799829401	233	0.164764815728352	0.654940293902645	1994	0.32908648877305	2	1	1	-7.46519681413876
chr9	43242650	64430633	0.379766292185609	119	0.137374146155324	0.709858312373541	1378	0.255800674146601	2	1	1	-8.86185148294476
chr9	64440045	68405558	0.13791776662353	62	0.146295756739486	0.754776344498925	1004	0.315110818724969	2	2	0	-6.95147644459279
chr9	68499396	121383293	0.0614108343482102	2281	0.0712071693351168	0.768394492205447	88089	0.269348729462566	2	2	0	-7.08729578877606
chr9	121455923	121838801	0.49796468862621	11	0.1893950176939	0.534086098907823	520	0.376110236540278	2	1	1	-6.97405412393588
chr9	121846986	134848803	0.0599542092756722	1313	0.0646161322128528	0.824267123234903	53065	0.28210066950791	2	2	0	-6.89253418369399
chr9	134848995	134850197	0.351197635912132	11	0.12905354773046	0.748783620865153	52	0.0978987745599087	3	2	1	-6.74683157698284
chr9	134850278	136726070	0.0664037290722634	278	0.0541786678717699	0.841254417756109	8278	0.240396998529952	2	2	0	-6.8136551664129
chr9	136726244	136757886	0.0848361134624769	9	0.201327538547954	0.87044276393852	470	0.197208692409433	2	2	0	-6.74658509288661
chr9	136758603	137099140	0.0682803301173959	139	0.0675121933942863	0.859305692713209	4440	0.233355149089039	2	2	0	-6.76747809135444
chr9	137102167	137103574	0.498375383946464	10	0.130713257000029	0.83496400004619	249	0.0874117112365573	2	1	1	-6.73344187559312
chr9	137104028	138217015	0.0607372543995361	179	0.0770455755662228	0.838632632649554	7471	0.24865845810355	2	2	0	-6.76939447930924
chr10	49280	38637486	0.109337387279237	1211	0.10914700872814	0.430468238584631	42345	0.163450213465358	1	1	0	-7.38259909252324
chr10	38646448	39475684	0.498381105607161	43	0.161653923987766	0.507915970483425	205	0.239396309532321	2	1	1	-8.08378866693061
chr10	41859953	42280275	0.449629036356612	58	0.135656434344517	0.748271050580132	328	0.44754715091453	2	1	1	-6.81855833981589
chr10	42280324	46358039	0.114794325006491	155	0.10312881220182	0.439044626187062	5511	0.158222172748782	1	1	0	-6.74458252944364
chr10	46375113	46789560	0.444457614517378	27	0.147619698883907	0.497104637154602	332	0.19811890862471	2	1	1	-7.94438959148103
chr10	46789718	74200712	0.10138624622766	938	0.103639302400815	0.443553084899318	32039	0.156824643891052	1	1	0	-6.7355777291854
chr10	74337920	133787136	0.498903562550687	2630	0.0960531550330149	0.792131274345903	114428	0.271931549225581	2	1	1	-6.73370479985559
chr11	192997	50512765	0.498923376427393	3021	0.0887150712422873	0.798469575431302	106091	0.251054268925799	2	1	1	-6.7723727693206
chr11	54603136	56700469	0.123544887065062	92	0.097129228126871	0.406710730066672	2847	0.125003820192059	1	1	0	-7.28987063688986
chr11	56700545	56701244	0.499362762599148	24	0.0581949341637126	0.423081661195083	62	0.072511046952831	2	1	1	-6.7642033705329
chr11	56736252	57052389	0.123900666447808	16	0.0828759866708486	0.405219755813183	266	0.203931919500543	1	1	0	-6.79366797561361
chr11	57053571	61527844	0.498897634972473	358	0.0843020361213864	0.793146009557889	15615	0.237100112289334	2	1	1	-6.73340568643873
chr11	61604597	64758172	0.10161122279644	307	0.0930056161990658	0.479695070745556	14783	0.144857620476628	1	1	0	-7.25518287765936
chr11	64792426	64934728	0.103231597941081	22	0.164123699521394	0.217482810868878	1093	0.189715214785599	1	1	0	-7.7438569002791
chr11	64964174	69303679	0.498877238531087	440	0.0897868578963581	0.860593197493032	30314	0.254118271321403	2	1	1	-7.00497236825537
chr11	69389679	71419373	0.187362904137759	261	0.105327965900919	2.13876198642279	10817	0.95648523898982	6	5	1	-6.73568964462907
chr11	71531667	71906673	0.136724708875294	132	0.0835376915959924	2.80059741088248	2088	1.39839882057785	8	7	1	-6.73315498522397
chr11	71968330	72529541	0.264225424243683	61	0.0915687534698483	1.5794735245896	4751	0.564259546304483	4	3	1	-6.73704429538951
chr11	72570840	74646268	0.499040715067103	194	0.075480414057965	0.82562592784017	7925	0.257123163148747	2	1	1	-6.76699969535777
chr11	74656339	77337527	0.145730688998694	444	0.0806480554971381	2.68684281009222	20121	1.29893634004566	8	7	1	-6.74408125570957
chr11	77346262	78234121	0.0403588898373759	445	0.0326858028301351	8.30673652777339	20402	4.54367980557604	3	3	0	-6.83413210497549
chr11	78234238	80804513	0.104413619292552	256	0.0802136909338755	3.86113658684208	8137	2.02583972445796	11	10	1	-6.73434271043292
chr11	81027017	88416818	0.106659238751798	156	0.100860296144202	0.421425244629017	5348	0.148625574542299	1	1	0	-7.19969136996294
chr11	88416874	90041280	0.326730497280442	14	0.117276418097409	0.399331228183177	1314	0.131694441470171	1	1	0	-8.88050706196762
chr11	90134704	98838852	0.0846132926651066	219	0.0978307923678379	0.533571265163997	7322	0.274321936659326	1	1	0	-8.52564932027208
chr11	98867181	101917794	0.00245665689777885	671	0.0211667758491638	15.3122988088073	29965	10.1253755409069	20	20	0	-6.76803613108259
chr11	101918391	102236871	0.00285060138260951	161	0.0151441059194453	19.7813864244878	11052	13.0571670800597	20	20	0	-6.77326532714273
chr11	102238950	102263055	0.0210799019736645	9	0.132711885091142	19.0305396670101	997	12.3610397622235	6	6	0	-6.73348815144882
chr11	102263839	102972612	0.0019188816433503	349	0.00627236964417227	16.0942612268953	20155	8.64764293895346	20	20	0	-7.07015969984148
chr11	103084754	103233940	0.0555703751305244	14	0.0566910365611146	0.710943652997178	674	0.211982219017597	2	2	0	-6.75941944200251
chr11	103241750	103336566	0.0419158452195278	12	0.0323966889441723	0.71963330317249	211	0.247761197644934	3	3	0	-6.92263699012726
chr11	103342062	103359955	0.0693175872367491	10	0.0863584905431359	0.686335799053443	32	0.203762106309642	2	2	0	-6.74523387543309
chr11	103376180	106065694	0.0753525689258595	36	0.0455756827391851	0.700191912581464	2413	0.230793674722012	2	2	0	-7.22210984474401
chr11	106144186	106404267	0.098685335186474	9	0.100902180353053	0.702065175556359	150	0.277593162224228	2	2	0	-6.8487755511863
chr11	106449667	107066662	0.0568926677847102	12	0.0334704754563291	0.686665652657897	418	0.212246869755851	2	2	0	-6.89896941819731
chr11	107081514	107326914	0.119731116922497	11	0.0761620282388445	0.689280223917421	129	0.255392950863518	2	2	0	-7.12374229975197
chr11	107334779	125582418	0.0593349190088706	1060	0.0662096083198088	0.804955395481186	46326	0.260651178916711	2	2	0	-6.78023930070721
chr11	125592267	126626759	0.102761164389851	85	0.0769585085927341	0.454158523478028	2657	0.149821732647609	1	1	0	-6.75172946441585
chr11	127098577	128935060	0.498391770099373	20	0.16501081304282	0.109279910061621	464	0.0572288670068464	0	0	0	-10.2372600742987
chr11	128935653	129826940	0.0305809784208254	26	0.0460958366216099	0.394795722501176	782	0.175300186535832	1	1	0	-8.2744894937223
chr11	129827072	134835285	0.11461455935044	154	0.123101815750208	0.44131053200909	5376	0.147195556996284	1	1	0	-6.73751033866801
chr12	13488	34309801	0.498896959143596	2003	0.0968030877361625	0.779428241591644	73766	0.264991329321394	2	1	1	-6.79879450461249
chr12	37323770	57857579	0.498908996905056	1525	0.0875092345984764	0.81195863960202	75947	0.246071584061356	2	1	1	-6.86594084695096
chr12	57878703	72272719	0.498814715266835	333	0.099215459967957	0.762013247345475	19607	0.274670578591939	2	1	1	-6.89115509760219
chr12	72775928	133259899	0.0567392923876472	3250	0.070424210577215	0.787576656779096	125673	0.276509368542946	2	2	0	-6.744578735247
chr13	18177561	104931121	0.498892546134044	1683	0.103177260103738	0.75107044063949	96500	0.272190892318583	2	1	1	-8.20997526145419
chr13	105229958	114346441	0.10243092720616	339	0.102840216801734	0.437820033651887	9963	0.147389564295926	1	1	0	-6.770259768704
chr14	16099232	16401976	0.498972997562727	4	0.18029674613444	1.035272708069	17	0.198823728463179	2	1	1	-7.04795013607972
chr14	18322573	19900219	0.456413781307398	153	0.127890425248777	0.729760623372337	2710	0.22331846997837	2	1	1	-6.92363927132222
chr14	19933832	24630904	0.476872682851188	633	0.075291075670025	0.852011135501475	28512	0.248793956120414	2	1	1	-7.02852429097861
chr14	24634203	106874951	0.498911985101295	3809	0.0974332244128037	0.799278747560776	153413	0.276780582724356	2	1	1	-6.79803942920736
chr15	19841982	22126402	0.421237176925617	293	0.137102216488799	1.18514320588741	3776	0.47959993215825	3	2	1	-6.9122055590878
chr15	22221547	22491356	0.206363720709164	46	0.146482103901074	0.827574744923936	614	0.422929118511077	4	3	1	-7.12682537874163
chr15	22561533	62409963	0.106642090544518	1689	0.104094467579294	0.442284189932651	66586	0.156755850420517	1	1	0	-6.73634867926615
chr15	62508461	94856460	0.498898108261509	2098	0.0923244869512615	0.812923705590702	85108	0.271425878948504	2	1	1	-6.91957437366721
chr15	94964484	100574954	0.105950463314095	136	0.118223583460638	0.467058993074891	3926	0.211904664364961	1	1	0	-6.93408853501881
chr15	100610230	101931064	0.498748212302988	100	0.0919311221084634	0.767659465522999	3475	0.241920365579974	2	1	1	-6.74552147362865
chr16	22099	36104311	0.498899511248707	2731	0.0968699678995922	0.828758803983719	123496	0.2709855398919	2	1	1	-7.30694395004732
chr16	46386441	47628259	0.489747226948106	80	0.110974018369907	0.811743011817455	4249	0.260517843896029	2	1	1	-6.74531559838677
chr16	47660910	66663908	0.498889424480303	684	0.0919348500948225	0.806544393653473	32475	0.2766431090621	2	1	1	-6.78722865003719
chr16	66704946	67205604	0.334944680055635	65	0.0742454349801024	1.22602264002247	5844	0.354197619627398	3	2	1	-6.76222019177554
chr16	67231140	90095444	0.498913056358824	2331	0.0922483356368885	0.820751168586808	70771	0.270879449936575	2	1	1	-6.97372260020961
chr17	132094	938848	0.498656570087471	100	0.119709619623082	0.776662813614207	2675	0.267690472272101	2	1	1	-6.7354434485588
chr17	951077	21313290	0.49890882695827	2422	0.0940733510568491	0.837664375448938	91156	0.271779115190892	2	1	1	-7.22749089666713
chr17	21322174	25074459	0.367315114089248	206	0.128879396490236	0.758359958457559	1785	0.268334969141963	2	1	1	-7.36564765930361
chr17	26603729	46220362	0.498913179804693	1843	0.0876184760165632	0.827983591317258	90156	0.264964079146553	2	1	1	-7.05988908405839
chr17	46231456	83194874	0.342461148006854	4056	0.0987923386639342	1.19688049444592	171075	0.407180804154413	3	2	1	-7.0421046285958
chr18	47524	74046	0.0522909580393001	12	0.0364254115427761	0.906039631582832	116	0.42620748197463	2	2	0	-6.76139195119601
chr18	74651	108505	0.498724566484107	9	0.149884492563811	1.17333546797968	172	0.252889016604443	4	2	2	-6.75090249015375
chr18	108541	11639357	0.0417338211792758	864	0.0525088690801661	1.10394318660125	23944	0.405364078180932	3	3	0	-6.77481875296256
chr18	11645904	11727542	0.498859550525734	9	0.191369697473532	1.22803619902951	81	0.434286552368251	4	2	2	-6.74258146022268
chr18	11787643	15365250	0.0428485368966759	329	0.0658250960393467	1.11124654097562	10165	0.401143963925002	3	3	0	-6.74156222085467
chr18	20946254	21233834	0.0415958345758534	9	0.187993424825917	1.06042744809699	1000	0.425927637342603	3	3	0	-6.73793324176671
chr18	21239155	80251475	0.0406215312760648	2176	0.0590426189721996	1.08450488381037	89466	0.388526221591613	3	3	0	-7.25669259905745
chr19	107381	19761564	0.498918702706933	4083	0.0922800104983803	0.845082992898267	150604	0.266773237832007	2	1	1	-7.37671981206124
chr19	19764055	24364826	0.498858919248139	505	0.0948035562925478	0.708748369179439	14034	0.228375057963954	2	1	1	-7.3146784741977
chr19	27392054	46534048	0.498911238859452	2005	0.0896560354985684	0.829953786140086	92745	0.258356078597998	2	1	1	-7.10190706944688
chr19	46537279	46795359	0.122826331717303	27	0.111874293516686	0.495625541066969	1378	0.209321589827146	1	1	0	-6.78882465842153
chr19	47030311	54133802	0.498912275786588	1768	0.0951718038002319	0.820933974685208	54649	0.25569087953997	2	1	1	-6.82024986223372
chr19	54148468	58571468	0.494457810407432	1150	0.0894134453329261	0.808241249620323	32723	0.22970460296439	2	1	1	-6.75795138075376
chr20	96372	25866674	0.498882070995009	1139	0.0958083230700755	0.788791898912627	43012	0.26260416324373	2	1	1	-6.73528225886076
chr20	25908881	26168423	0.246919556512781	19	0.127199479567879	0.73870550327541	197	0.26368247315419	3	2	1	-7.47830384515728
chr20	28559257	31259408	0.373352132245621	626	0.1199974247647	0.77187118318257	3116	0.291680171507572	2	1	1	-7.34810408868345
chr20	31274165	64281506	0.498899539517923	2224	0.0919225476883073	0.822449880455445	96998	0.270552422322661	2	1	1	-7.11269889781973
chr21	5034010	10739816	0.423879887108126	874	0.127931145390798	0.891279048759422	5553	0.361899544114621	2	1	1	-7.28754624958337
chr21	13000764	46664370	0.34367630841218	2345	0.103190252502719	1.09187832781522	71919	0.38554046870193	3	2	1	-6.97075785538783
chr22	10685500	12813658	0.36862455330152	758	0.122454412666199	0.776674795617344	3470	0.290702115404543	2	1	1	-7.35978431953585
chr22	15553139	50774147	0.49891581516289	3555	0.0919451805247729	0.834003531901344	127282	0.274352682165174	2	1	1	-7.42444193532897
chr22	50777721	50808263	0.27268740939792	12	0.0847711714862518	0.579436524437268	115	0.251104175475571	4	3	1	-6.98463462689596
chrX	257814	1137177	0.0929192001857405	148	0.124498572697792	0.430101121077137	1524	0.193245558379148	1	1	0	-6.75335139768441
chrX	1138501	1192564	0.498355913493328	32	0.174990875338153	0.503744246791227	252	0.216363588901389	2	1	1	-6.87113886256602
chrX	1196990	57946534	0.102422632942904	1274	0.107420489444038	0.442196247038805	64312	0.158485586966669	1	1	0	-6.7398374590388
chrX	64426019	155941873	0.101919278021107	1380	0.102817608733518	0.438017148820825	82762	0.152966038557478	1	1	0	-7.03177077563103
chrX	155961083	155997868	0.365729898979169	13	0.0954451110888831	0.476197938887533	58	0.179347789961475	3	2	1	-7.23697592776947
chrY	10785294	56887165	0.356650914728784	270	0.124687673363293	0.884061211174516	1101	0.302767659496559	2	1	1	-9.85253752388133
