chromosome	start.pos	end.pos	Bf	N.BAF	sd.BAF	depth.ratio	N.ratio	sd.ratio	CNt	A	B	LPP
chr1	61987	13178963	0.00196281690567779	940	0.065743215668984	0.527846773382036	34115	0.177420326403027	2	2	0	-7.98341095517635
chr1	13224919	13246004	0.490044545202238	36	0.130012331527461	0.507125465521758	188	0.275213626103747	2	1	1	-6.73679588307373
chr1	13318500	16497842	0.000990725753972688	258	0.0559178053320816	0.526990783342192	7915	0.192167624967176	2	2	0	-7.02575112753713
chr1	16508139	16947199	0.498480271030422	161	0.185326070918562	0.49186831988935	1827	0.200545309677198	2	1	1	-6.73350546006033
chr1	16948523	19193288	-8.69151667675094e-05	224	0.0168377192171891	0.520489884838675	5469	0.174168313675495	2	2	0	-6.91344668858931
chr1	19198991	60097773	0.498912532890408	3051	0.0939395513940058	1.03508936840659	140132	0.354249487630812	4	2	2	-7.34728713387004
chr1	60844121	99582289	0.000717322947470178	906	0.0209517460794125	0.518114048638922	33317	0.188583239229349	2	2	0	-8.47680863281736
chr1	99686887	121429348	0.498877514682945	899	0.0912878391622807	1.02152518497221	40123	0.330422021816947	4	2	2	-6.97431641894654
chr1	124421017	143449352	0.303559858148538	42	0.128227657593411	1.2261899220243	1238	0.392338344324491	5	3	2	-7.05665772957342
chr1	143542957	248918526	0.33520319328969	7883	0.103334317076463	1.53401088540005	332756	0.54857971828223	6	4	2	-7.16424786806313
chr2	92388	90210631	0.00227713584354919	2639	0.031957146058478	0.51832262556993	100355	0.189113757932012	2	2	0	-9.87494114925793
chr2	90294392	91879850	0.413325934946551	54	0.161104256342284	0.490768962844551	805	0.213427769773763	2	1	1	-6.90258603414882
chr2	94218795	97215530	0.083357594282165	196	0.166658732438041	0.521365146087275	7212	0.175750503928287	2	2	0	-7.125707107016
chr2	97355418	157325299	-0.000674661383710307	1276	0.0565011392364572	0.514899849709298	51057	0.190139385650061	2	2	0	-8.75859011035359
chr2	157429789	242073780	0.498921428119111	4108	0.0895668435235622	1.03086204803543	167772	0.344903452264677	4	2	2	-7.80537123650234
chr3	197664	90507212	0.498910797061746	3609	0.0945143074337769	1.02864768693728	165970	0.346618230649753	4	2	2	-7.78304302004558
chr3	91445573	198120733	0.498915249292034	4431	0.0986214914292475	1.02994376142096	169103	0.364563628709141	4	2	2	-7.88693039907621
chr4	13995	8670121	0.498873314101545	840	0.0886794489910937	1.04269566184061	29522	0.346591306766384	4	2	2	-6.9177205767425
chr4	8727246	15614233	0.498765526951319	279	0.114564932220085	1.0145587442102	6598	0.390105212533885	4	2	2	-6.77412584261783
chr4	15630605	17842406	0.000201449384088614	113	0.00512853128318718	0.515641739994137	2624	0.198719394031093	2	2	0	-6.83520005789105
chr4	17874545	49023748	0.49885565768546	1069	0.0938698388637583	1.03240589281945	35258	0.385815778986401	4	2	2	-7.10859687575521
chr4	49105407	49153253	-0.000862595890242068	10	0	0.0723804204862943	53	0.0550517766580475	1	1	0	-Inf
chr4	49157695	49709464	0.498400029291673	75	0.170336950650048	0.961526795909714	557	0.579556294472754	4	2	2	-6.73329513368976
chr4	51996084	53458824	0.148727570446457	105	0.123753719742815	3.23841532824924	4528	2.28894933771912	13	11	2	-6.73412971697647
chr4	53461068	54382751	0.279340755844919	47	0.105768580398174	1.66986961057625	2065	0.703610561647791	7	5	2	-6.73576407037326
chr4	54426224	55600567	0.191641864077928	118	0.0990903622891491	2.65922731892014	4180	1.44423818108697	11	9	2	-6.73894846918227
chr4	55612203	55985529	0.0867202107952899	40	0.0729804988002151	4.7417987184967	2082	2.7011379024874	12	11	1	-6.74145614386661
chr4	56056873	61290697	0.250560001252558	321	0.115395088544879	1.86605751673386	8372	1.21690681671839	8	6	2	-6.73729105036225
chr4	61297825	65643476	0.147094971966854	260	0.0808502067106567	3.44766953361829	7138	1.88745733942621	14	12	2	-6.73474357762461
chr4	66199556	67347532	0.00582267706116624	10	0.0395284707521047	0.561253054919956	192	0.274145886055558	2	2	0	-6.92075360795763
chr4	67357284	67621525	0.471729753011766	25	0.0894639033353676	1.04151610702827	549	0.386114266303384	4	2	2	-6.79687269399299
chr4	67624301	68517713	0.00326988767086833	38	0.00291998558035373	0.504023144861191	1341	0.176961026998624	2	2	0	-7.42248674601887
chr4	68550838	81118853	0.498868759116786	573	0.0871002163412569	1.0106391030446	21436	0.338085861202185	4	2	2	-6.81347810180183
chr4	81153910	132190757	0.00156717546954738	1083	0.0360627847199732	0.516560005461562	39801	0.192751984734089	2	2	0	-8.65468204104867
chr4	132228055	153441498	0.498845801323547	568	0.0903805940684269	1.02610814550946	22707	0.383731976448778	4	2	2	-6.94441036487953
chr4	153558278	153690364	0.00450537162558884	21	0.00480079358519183	0.502661487382794	432	0.159593364169283	2	2	0	-7.22252370660821
chr4	153703504	165643265	0.498842497396856	352	0.0954373365928737	1.02733348319577	12692	0.360841857621745	4	2	2	-6.87569557738629
chr4	165664675	167011358	0.00245040535008989	19	0	0.553035059740002	577	0.229350361858224	1	1	0	-Inf
chr4	167312824	190179746	0.498848694956721	989	0.106119566997052	1.02562846596563	26229	0.460286634584585	4	2	2	-6.88989665126047
chr5	110117	46206800	0.498893358246596	1737	0.0930777613864418	1.02688614564271	54599	0.363822497927536	4	2	2	-7.23407287590391
chr5	49599621	49659485	0.0287692057230392	14	0.133630620956212	0.0978337482321202	40	0.0823527590495724	1	1	0	-9.47778024684885
chr5	50399974	58976534	0.00110027768181621	234	0.0961609805137261	1.04263620342975	11064	0.367675463423885	4	4	0	-6.89594650727654
chr5	58988381	59221269	0.00456494644093397	11	0.0232163735324878	0.520734832243669	213	0.194989903229862	2	2	0	-6.77171220912157
chr5	59780089	181288546	0.498918033639222	5060	0.0945299954716888	1.0245840453817	196844	0.35824108450886	4	2	2	-7.85117191784044
chr6	188598	356417	0.365488711317257	24	0.166986586070667	0.98757916394103	356	0.323093277441907	5	3	2	-6.80122494158869
chr6	367243	21337552	0.00248091696884328	962	0.0129828790196718	1.03431278468651	33723	0.391108307513638	4	4	0	-7.02205531558083
chr6	21366943	21464559	0.0655686067360711	9	0.079199817620441	1.22177959266454	108	0.524465989517537	12	11	1	-6.92137510355612
chr6	21494183	28732312	0.000986661267292854	373	0.011044582579129	1.00441594936039	16253	0.34558866980001	4	4	0	-6.76814996443101
chr6	28732723	28895963	0.0171765874927809	9	0.111	1.0898489349405	275	0.493072676367786	4	4	0	-6.75228582041422
chr6	28908732	29927086	0.000416369529345484	271	0.00328724181134487	1.00367595024283	3916	0.38570617582299	4	4	0	-6.74590919210289
chr6	29927214	29939038	-0.000249487643346091	45	0	0.603367666702142	122	0.268200631460146	1	1	0	-Inf
chr6	29939767	31176652	-0.000306642913823429	284	0.00843288559441928	1.0194485286449	9332	0.297343831178593	4	4	0	-6.74989191903544
chr6	31177330	31484494	0.00175506141390347	118	0	0.96543516501736	844	0.38660559873981	1	1	0	-Inf
chr6	31491216	31498770	0.00743925489471708	9	0.0303333333333333	0.926763544847077	44	0.349485459898922	4	4	0	-6.76900141319411
chr6	31498818	42430607	-0.000359488714758771	1356	0.00877814300772899	1.04226182623141	49332	0.343123221847661	4	4	0	-6.96701300052372
chr6	42451456	42702589	0.0114021297217721	9	0.263523138347365	1.07321479655973	887	0.381383394117605	4	4	0	-6.74352857854163
chr6	42750492	56433241	0.00157396955823891	664	0.0245292974988768	1.02647841960925	28140	0.331673623861051	4	4	0	-6.92133424369851
chr6	56472240	56870038	0.305344908048593	65	0.0799673972027639	1.53484555971991	2614	0.382355613937584	7	5	2	-6.78747800420228
chr6	56896584	58414644	0.498985177698711	39	0.0803520341541678	1.0402870784545	1833	0.374672899867657	4	2	2	-6.75962347420748
chr6	60291702	170582405	0.498912835009777	4081	0.0956005981455349	1.03044211006801	144892	0.367253078900696	4	2	2	-7.92228392847813
chr7	35489	58100446	0.498908452229572	3250	0.0998594959916052	1.03068602923701	100069	0.366262043883563	4	2	2	-7.42579602266632
chr7	60958088	63633966	0.49826097964018	45	0.187148291010853	0.603113737772866	813	0.303714795167546	2	1	1	-7.42849969589802
chr7	63642495	80671133	0.00146707673104718	717	0.0888529613095254	0.525186922910697	24737	0.212761195781169	2	2	0	-7.761021629704
chr7	80922146	100951903	0.498873811382728	804	0.0916777944455423	1.0395795662144	41986	0.338459799979388	4	2	2	-7.12729663198302
chr7	100951933	100965488	0.498510773817831	138	0.154441277405749	0.780257593640738	742	0.215749872762429	4	2	2	-6.74180693868858
chr7	100965547	142303642	0.498894771267136	1836	0.0949140911321092	1.0241021787901	77955	0.358364738107262	4	2	2	-7.15395811299824
chr7	142308504	142309136	0.114346341430971	10	0.0462655379305158	0.709222339115933	30	0.216993023882781	9	8	1	-6.74622732654585
chr7	142313134	142670876	0.498792827929432	85	0.141703261379949	0.992237755711269	1407	0.242775933078025	4	2	2	-6.7340957787408
chr7	142716955	142773976	0.0619066531540706	22	0.153173224802956	1.06474734403668	442	0.312009288200684	4	4	0	-6.83214702243754
chr7	142791806	152379984	0.498885789694856	663	0.0965362632716368	1.0210355845306	24551	0.322475751342	4	2	2	-6.84486597565556
chr7	152380003	152416418	0.449953441031333	61	0.178106803164094	0.634198121157582	217	0.373385218134505	2	1	1	-6.79079674416413
chr7	152418146	159177989	0.498816889364221	425	0.107899040090198	1.01547969838663	11008	0.390148121247371	4	2	2	-6.77524903916045
chr8	213370	43691375	0.498895040202476	2399	0.0966236219760174	1.0034791824385	74290	0.354302091423238	4	2	2	-6.89202242996501
chr8	45952307	145066761	0.49891073559662	3599	0.0941070893497313	1.0497191936141	133915	0.377304744767523	4	2	2	-8.40083860377403
chr9	117696	22393337	0.384557142830779	878	0.117704114297933	0.801106928350464	23535	0.296499955545152	3	2	1	-7.88552162602204
chr9	22540746	38917230	0.498869673183669	711	0.105270305038401	1.02142968347966	31021	0.345903616567914	4	2	2	-6.90026789827208
chr9	38977704	42795584	0.360085972019503	354	0.137039785764851	1.01099173665504	2719	0.415172253123619	4	3	1	-7.11387808058657
chr9	61221269	66813837	0.37709542980523	157	0.157844634983503	0.977773014090594	2005	0.415788239233888	4	2	2	-7.07646392381427
chr9	66813840	138217089	0.498916813009628	4224	0.0954282781836092	1.03077617174543	172468	0.350716544676908	4	2	2	-7.63219766594943
chr10	47864	38519093	0.498904686885245	2759	0.0923487726903814	1.34498179667111	83886	0.532699754926064	6	3	3	-7.2644417312402
chr10	38527690	39475690	0.498429913944223	52	0.139386399086773	1.32815515311731	364	0.671945883600077	6	3	3	-6.74496585703898
chr10	39986485	42280157	0.497834393618626	9	0.178902751360745	0.589991814062928	152	0.328438711600501	2	1	1	-7.16178108892271
chr10	42280230	133568088	0.498888722856765	3692	0.108111282486761	0.688287929510989	135534	0.235259752595666	3	2	1	-10.3064703759272
chr10	133568119	133787147	0.497762940623815	9	0.198951068802803	0.675580002895148	131	0.349148966856496	2	1	1	-6.84521145378105
chr11	209002	1011490	-0.00100941170611552	203	0.023947812677554	0.535181361717611	5716	0.155956358395667	2	2	0	-6.89903446065964
chr11	1016665	1017981	0.207866396523855	26	0.12830830658403	0.36733830767423	82	0.0774929550663425	5	4	1	-6.91890978673186
chr11	1018032	1090707	0.0192312665400129	28	0.0558976175770815	0.513354921563598	654	0.138128033850928	2	2	0	-6.80913966664067
chr11	1096089	1099604	0.351014979359338	18	0.13624180733299	0.483725164027054	169	0.100947298141022	3	2	1	-6.77838378279256
chr11	1102792	50339411	0.00233050737794527	1855	0.0282288655825501	0.531910583768204	63781	0.219816123621799	2	2	0	-9.51222644801181
chr11	54683506	56612658	0.499040200130731	79	0.0948658082973066	0.991416553940515	3342	0.229370108611351	4	2	2	-6.73866891175235
chr11	56700357	56700736	0.110538021609499	9	0.15555625991904	0.61923675035242	20	0.101765610466818	8	7	1	-6.76700403404772
chr11	56700783	112194760	0.498922302393962	2861	0.0920277849132071	1.0357170074364	144358	0.341121047958477	4	2	2	-7.60957420800698
chr11	112200848	134986952	0.00122077881434968	1056	0.0512001090076387	0.51289219114515	34602	0.177330892980763	2	2	0	-7.66115049728919
chr12	12233	60104	0.498117852620371	24	0.18301266587197	0.729420974721775	111	0.252320265009206	4	2	2	-6.77104374008328
chr12	91502	23570685	0.498892940994559	1709	0.0958729859981506	1.0194851804392	59408	0.333343347502811	4	2	2	-6.96746665464814
chr12	23825266	25102100	0.000385487675081841	23	0	0.545127199069957	809	0.21400979943308	1	1	0	-Inf
chr12	25104495	34249489	0.498838583507692	539	0.101071789288922	1.03634241475911	16149	0.377614023231075	4	2	2	-6.86963104912555
chr12	37466151	76312887	0.498916758308109	2180	0.089781304716471	1.03241612890514	102393	0.332486193428742	4	2	2	-7.33942582508336
chr12	76386702	77182244	0.00519318027285842	23	0.0463332148508926	0.520418974798744	1043	0.195723204917304	2	2	0	-6.79207399909139
chr12	77309523	93641633	0.498842126631663	375	0.0998246153990697	1.03655565833115	15199	0.376122511891723	4	2	2	-6.97614587080135
chr12	93779906	94354777	-0.00225257755743091	22	0	0.500111256540659	710	0.17619820381703	1	1	0	-Inf
chr12	94395580	133224730	0.498905262683015	2828	0.0946554263884681	1.03441592828847	112098	0.358129587860249	4	2	2	-7.29607190956735
chr13	18178016	18720061	0.0340029150219638	65	0.178119493167238	0.964920874567928	1054	0.347020153062717	4	4	0	-6.75515226210516
chr13	18725483	62871168	-0.000477228919662953	1874	0.0306616399992528	1.01664790555393	65648	0.377248176688162	4	4	0	-7.03162116309591
chr13	63052503	63466306	0.0145235036314146	9	0.18565432334793	1.05512108125127	165	0.413457594361926	4	4	0	-6.74556922377109
chr13	63487225	114281989	0.000401939841362109	1464	0.03866519404333	1.01115092484012	48605	0.379224547618181	4	4	0	-6.9908740189582
chr14	16037128	16098268	0.499844700337781	2	0.0318198051533947	1.25812313187923	17	0.225230502844896	6	3	3	-6.74955105086779
chr14	18289828	19614484	0.336975341815666	33	0.117890052141559	1.01378434506423	611	0.30446929855126	4	3	1	-7.05553833148111
chr14	19669018	59527137	0.498911247527441	2146	0.0928900090201716	1.0367357967178	76279	0.35142364898382	4	2	2	-7.37180775207153
chr14	59565278	89567969	0.000166201315819348	1056	0.0184203935051216	0.51280373838341	38782	0.185513690199532	2	2	0	-7.81244346710863
chr14	89568943	89836652	0.0363109600627863	9	0.171588898242281	0.51230687427325	213	0.235710699550403	2	2	0	-6.76667448767454
chr14	89860343	106874896	0.00246854400782054	1215	0.0770231616422837	0.514998843136339	34887	0.179064327137315	2	2	0	-7.54532279223396
chr15	19882294	27738490	0.4695282299432	728	0.116957626767581	1.00445493622906	14141	0.348621470110872	4	2	2	-6.80591453180272
chr15	27844776	28014907	0.0015984106569531	12	0	0.492146894012293	254	0.140867796960386	1	1	0	-Inf
chr15	28018250	40957270	0.498862525476523	792	0.11016268853643	1.02072559389047	27846	0.369384295829642	4	2	2	-6.84647032777518
chr15	40972085	46299850	0.00242087291502457	459	0.00590572247994296	0.519039722891846	19366	0.169299427884208	2	2	0	-7.23197702343787
chr15	46424455	47089678	0.499143659429301	12	0.0795286778845254	1.08439479939204	181	0.686026769956979	4	2	2	-6.74253671030449
chr15	47314314	47766732	0.00202711158677749	14	0	0.504683705471756	232	0.167400157227962	1	1	0	-Inf
chr15	47994157	99641556	0.498907378547778	3100	0.0940201425932389	1.02598721407304	124348	0.348574959881653	4	2	2	-7.31557486853483
chr15	99674730	100306586	0.00268533628515455	53	0.0284511906031083	0.513050946691501	778	0.182892751505534	2	2	0	-6.76692896831847
chr15	100349291	101870547	0.0155968373184513	157	0.101679275154365	1.00847287291471	4070	0.308758977352024	4	4	0	-6.75751478745632
chr16	55325	1224718	0.498881463171078	382	0.0847308164961395	1.05476217553042	10755	0.277293785670387	4	2	2	-6.787955500951
chr16	1227609	1256972	0.209684498586528	37	0.127035463587964	1.00928273872013	149	0.254158290806692	5	4	1	-6.74627770328864
chr16	1258297	33989597	0.498907341690208	3095	0.0983139889647034	1.03623829594222	116170	0.355122669038041	4	2	2	-7.24938503908043
chr16	34099259	34163177	0.0315494279370059	10	0.0320173564041617	1.08281797017315	133	0.361361031299586	4	4	0	-7.26863320271374
chr16	34163345	34595573	0.49852658521239	54	0.148913231762628	0.546663835397884	542	0.292246926393044	2	1	1	-6.77213996489078
chr16	34691446	35643886	0.000223222210228857	17	0	0.523502236291661	502	0.242697589570109	1	1	0	-Inf
chr16	46386441	46401482	0.391913592825724	51	0.132226226225968	0.407494774773294	613	0.108143505783953	3	2	1	-7.10205222696105
chr16	46401545	50608290	0.00458703291304113	72	0.056343248217673	0.536396184539817	5941	0.219480017736993	2	2	0	-7.17453531191651
chr16	50668131	50807573	0.467981223268015	11	0.199209483162369	0.927631979014806	734	0.329400038665882	4	2	2	-6.75046137778359
chr16	51117022	67003151	0.00139571522505882	472	0.0393263815209263	0.522734847407079	19171	0.200580145742121	2	2	0	-7.69168776458825
chr16	67058445	68766041	0.219644987017577	408	0.10258296639765	2.356681460067	25792	0.902964704937701	9	7	2	-6.73971390246062
chr16	68766853	69655864	0.498771165846787	105	0.106783369937636	1.12868754831118	4472	0.499013339181355	4	2	2	-6.77818303537379
chr16	69679216	70126770	0.00114946326760368	38	0.108525786671595	0.513121477809551	1369	0.214387448809089	2	2	0	-6.74793344084352
chr16	70127110	70166290	0.498478826924063	46	0.193895788534961	0.525915721714625	603	0.180269552252264	2	1	1	-6.73714196696163
chr16	70193806	70646947	0.00192201548450927	86	0.00520503018831648	0.530800963445248	2224	0.193194860797362	2	2	0	-6.86510665566461
chr16	70655284	71230620	0.498717125315665	57	0.112237170005427	1.35619206039928	2256	0.47065683497875	6	3	3	-6.74215098988855
chr16	71283664	77326122	0.00222684749341145	310	0.0891993417002959	0.513180608659693	10593	0.180396947519144	2	2	0	-7.00557581294553
chr16	77355865	78805508	0.496949395794189	84	0.104471925641652	1.00656784611599	1884	0.425217787712896	4	2	2	-6.73818942678559
chr16	78881323	90067852	0.000739757159714749	1074	0.0254304461375321	0.523927650222734	21001	0.181188221345593	2	2	0	-7.62586783639222
chr17	137637	1230558	0.498820255625898	196	0.102523461980223	1.01518295970201	4076	0.382003924142055	4	2	2	-6.74015455125074
chr17	1240054	1248722	0.163393787610535	14	0.179438639302479	0.978731038350858	48	0.51298351175582	6	5	1	-6.73642804599184
chr17	1249947	21290834	0.498908454018008	2539	0.0944299606304431	1.03024085677788	92789	0.329900812631234	4	2	2	-7.04283449151377
chr17	21290899	22145700	0.498584390495682	296	0.155898882506102	0.876183462588706	1557	0.334795020389814	4	2	2	-6.78562186091108
chr17	22145762	24421526	0.498783480954552	36	0.112639595930688	0.996068780381012	590	0.426037591895947	4	2	2	-6.73629391635835
chr17	26604082	83158753	0.498922626808338	5449	0.0944133756418071	1.06753007181793	233233	0.353025587705593	4	2	2	-8.38349249477133
chr18	49639	110425	0.172930843773436	13	0.145047207169571	0.64374384792685	226	0.477772914157404	5	4	1	-6.81840437954988
chr18	118580	3486138	0.498795727238747	255	0.0972428842612521	1.02282345101068	6692	0.389108693312849	4	2	2	-6.7626030983206
chr18	3489398	3550524	0.180235474431852	16	0.131982179984017	0.957161652468989	181	0.376398855721017	5	4	1	-6.76162412808342
chr18	3576817	15350568	0.498862583410783	692	0.0964545360076887	1.0250806137502	20310	0.379095384994214	4	2	2	-6.85036717765033
chr18	20953676	80250865	0.49889474363357	1834	0.0928263431010165	1.02933876286325	71611	0.381029924436286	4	2	2	-7.36271996647282
chr19	278962	871457	0.498812196218578	206	0.0967702622756835	1.00559009971709	4521	0.316288210100411	4	2	2	-6.73634330819386
chr19	876910	879427	0.101316312367615	9	0.145528443191624	0.551120639081966	50	0.31667963339009	9	8	1	-6.76437837945874
chr19	879455	24175288	0.498921890593889	4630	0.0952023524117672	1.02520563479272	165965	0.336919569836452	4	2	2	-7.01996442723977
chr19	27832088	39877880	0.498892792745104	1121	0.0916135023557004	1.02531179845066	49845	0.329130167957876	4	2	2	-6.89259233587525
chr19	39879009	39898556	0.498408513434443	44	0.141001722434114	0.966496009747144	273	0.23293607275268	4	2	2	-6.7331257825655
chr19	39899584	54573933	0.498916283867748	3095	0.0910459873759097	1.02037417846576	109434	0.320844314269546	4	2	2	-6.89946464821278
chr19	54573977	54632090	0.173410427109124	77	0.155183944829164	0.908875713435809	522	0.20681216788292	5	4	1	-6.8203079522151
chr19	54632735	58577684	0.498876144027482	925	0.101434423887368	1.00062973412758	28726	0.300741172750647	4	2	2	-6.7496501819212
chr20	96321	25773537	0.49889356709569	1368	0.092823704864576	1.02156567015221	45698	0.355852839553742	4	2	2	-6.97893522162355
chr20	25773589	26168423	0.473822378420092	32	0.163628485447981	0.934637457563387	344	0.352779537751391	4	2	2	-6.75187223782059
chr20	28559767	30828121	0.498639793211646	492	0.160926663644695	0.880801353797367	2311	0.369644541553729	4	2	2	-6.83568843828532
chr20	30828194	31244855	0.0982788346465689	65	0.172295751432061	0.713905506392212	288	0.436186131173235	3	3	0	-6.92296599986472
chr20	31440129	64281506	0.498910680691444	2467	0.0930754513913711	1.03071562667923	100793	0.356544148268872	4	2	2	-7.16588760533896
chr21	5032028	10737112	0.32473331545738	585	0.153885195104827	0.86745389063419	3558	0.404949624352013	4	3	1	-7.14712174582189
chr21	13000304	41108171	0.498861852650566	1137	0.100562681952472	1.02919962138605	37192	0.385154314255484	4	2	2	-7.04019502641126
chr21	41246125	46692843	0.00168256799396144	610	0.0294709158976462	0.514767879075457	14500	0.167090718902382	2	2	0	-7.05438195976317
chr22	10679605	12801469	0.498628894897796	606	0.15155537874325	0.901927310897027	3235	0.353567952056148	4	2	2	-6.79545663758964
chr22	15562384	16579817	0.498539574339982	65	0.151102291193238	0.96030510814152	778	0.351089564787117	4	2	2	-6.73434604768696
chr22	16582640	50782420	0.498917771096568	3781	0.0967817088955997	1.03208569882399	132568	0.35019659365478	4	2	2	-7.21877713870318
chrX	260275	57918804	0.498869270957082	1864	0.110294697505901	1.0335469965119	101415	0.373761953310197	4	2	2	-7.45808741001653
chrX	62594715	155961083	0.4988924231637	1675	0.0986153757322813	1.02349655853505	124001	0.352821279059602	4	2	2	-7.61644657330139
chrX	155985299	155997868	0.164363008561892	11	0.151608586947981	0.80085923982037	58	0.403160483403446	6	5	1	-6.749990755673
chrY	11113628	56837148	0.0285205476891291	77	0.152974572246273	0.463138959798792	192	0.441766970935976	2	2	0	-7.11210077699997
chrY	56854907	56884113	0.282611448003782	91	0.129591946229203	0.789700790787945	279	0.270244657543906	4	3	1	-6.78150611019394
