chromosome	start.pos	end.pos	Bf	N.BAF	sd.BAF	depth.ratio	N.ratio	sd.ratio	CNt	A	B	LPP
chr1	62124	16509970	0.498910430961056	1626	0.08224963350297	0.964469942924028	59256	0.315739842353258	2	1	1	-6.84142095261114
chr1	16510092	16950354	0.302250295995517	181	0.118337295604558	0.952556783037782	2595	0.286871733320582	2	2	0	-6.74790599446513
chr1	16975177	121568263	0.498926767413411	4543	0.0847106342587374	0.95088113695593	220940	0.319118826145494	2	1	1	-6.9517764719312
chr1	125094469	143437152	0.255838596119881	22	0.142029812125721	1.70366879304098	768	0.484452339641265	7	6	1	-6.80697765758249
chr1	143449352	240510117	0.498930927371782	4508	0.0862737549658911	0.955596601417136	217834	0.312666989727248	2	1	1	-7.06139269019076
chr1	240575760	242773065	0.336154304000882	180	0.111996732239285	1.35721364167815	4944	0.587676025026111	5	4	1	-6.75161556650522
chr1	242808881	247083876	0.498911022925882	225	0.0858373295417393	0.980039150286718	7878	0.353103460652636	2	1	1	-6.78289159033981
chr1	247086650	248922216	0.339425658619999	203	0.0965379074533769	1.25899513569796	6962	0.466444802647555	4	3	1	-6.78416614647228
chr2	37136	89610726	0.498922639022139	3148	0.0858549094303828	0.940651213826042	141802	0.322074345595073	2	1	1	-6.76918914955668
chr2	89611060	92012853	0.498645192562004	170	0.134867169959529	0.897060098007373	2507	0.28121514656147	2	1	1	-6.76079402289523
chr2	94190317	242183364	0.498933531091731	5545	0.0878733387948178	0.936171638051462	243584	0.342918880345459	2	1	1	-6.74286003840487
chr3	10374	90257698	0.498925269586762	3330	0.0866741386489999	0.954831157362847	158414	0.320226214903562	2	1	1	-7.00759511181656
chr3	91407304	125737689	0.498907715606934	1029	0.0822568400939722	0.924327656272692	44662	0.293550297527908	2	1	1	-6.7530273444421
chr3	125747299	125818406	0.239486803618501	26	0.155658067077019	1.00978111795062	149	0.604365766172773	4	4	0	-6.73954151532692
chr3	125819773	198119765	0.498904084809384	2689	0.0896123883222538	0.923356318263209	111194	0.315403842542427	2	1	1	-6.77805095108739
chr4	46210	39063471	0.498909362268336	1550	0.0862675925134448	0.918302087708846	52914	0.305171142708359	2	1	1	-6.79428307184299
chr4	39075059	39327482	0.2546647902202	49	0.0984484610839393	1.69263928966911	1804	0.590011882729664	7	6	1	-6.73841287720781
chr4	39342320	49092775	0.49882759066471	408	0.0954927178163204	0.904133965826979	14668	0.322294594863979	2	1	1	-6.78754189173718
chr4	49096234	49709464	0.490029460125892	129	0.142825131432128	1.12185604856581	1282	0.405633268730942	4	2	2	-6.76956645958367
chr4	52076858	190179746	0.498916685898997	3854	0.0878707171670506	0.907856315385622	149405	0.344291194787507	2	1	1	-7.20760219793694
chr5	110117	3670202	0.498808049771395	344	0.107345511201779	0.990638152603475	8025	0.355440911215035	2	1	1	-6.79365030619251
chr5	3818038	4352375	0.220245525597344	15	0.0957393783739406	2.83560605201376	597	1.5162264482278	14	12	2	-6.73491192570851
chr5	4419799	26342970	0.498791671471495	582	0.10569267320721	0.884307835051649	17495	0.441758666607322	2	1	1	-6.9194000660912
chr5	26612422	30577890	0.228810992696135	152	0.132525391005145	1.83444582453576	2970	1.4665052830476	8	7	1	-6.74107888906308
chr5	30661289	32419744	0.498803520548331	122	0.0913713167134605	1.09772749557702	4330	0.42382862512079	4	2	2	-6.85364588020346
chr5	32458077	32751921	0.240954495121226	35	0.0836295553079675	1.88899695180331	1101	0.788942042265463	8	7	1	-6.73326057853218
chr5	32763363	33963765	0.469150915320069	47	0.0834827251735662	1.20860227414127	1597	0.451814819784926	4	2	2	-6.82213808796462
chr5	33988130	34805733	0.173287205466487	135	0.112670726667896	2.65095654332945	3027	1.59014619201736	12	11	1	-6.73439197876676
chr5	34807823	35790150	0.428901395040121	85	0.0812400685591525	1.10562223272501	2392	0.340059187943381	3	2	1	-6.73556178794336
chr5	35796345	39056376	0.257525051854483	266	0.107864106233417	1.83106280864826	12244	0.85454964653965	7	6	1	-6.73750977034366
chr5	39073957	41372956	0.179566002383549	189	0.0859266653363668	2.50538096148989	8211	1.55025367637719	12	11	1	-6.73410452957197
chr5	41382434	43387779	0.246608529617377	109	0.112853665784828	1.89024355171469	4549	1.09588602566197	8	7	1	-6.7355370812719
chr5	43389115	46381390	0.498976257643098	44	0.0935582344567933	1.15021504010131	2084	0.46487112852867	4	2	2	-6.81182290968585
chr5	49601562	181283469	0.453185788518248	5088	0.0905429141858298	1.06671415323196	218488	0.373454898283343	3	2	1	-7.30750014580653
chr6	232535	60964236	0.498919356787176	3144	0.0871009515044229	0.935676300733885	138742	0.300206465019194	2	1	1	-6.73691923832445
chr6	61531726	170578605	0.498915253222965	3462	0.0865090304703189	0.931397883193321	135035	0.323756844086036	2	1	1	-6.73456115694625
chr7	37991	58091518	0.427001378109497	3155	0.096737286817299	1.1708286436405	112062	0.439087499587026	3	2	1	-7.35383151064862
chr7	60958090	159260906	0.416733264007291	5528	0.0973185919927134	1.11423565150988	219468	0.393742883120741	3	2	1	-6.79227552355754
chr8	240730	43173910	0.498900802182103	1995	0.0926985602516401	0.946587899353908	69926	0.327470523842242	2	1	1	-6.78429921016235
chr8	46043799	145009012	0.498911236349	2968	0.0870525284622726	0.970373177462203	127036	0.335878722984346	2	1	1	-7.45823894383932
chr9	10368	38620027	0.498894855478402	1439	0.0839190844127024	0.904660575608524	54105	0.295578726357588	2	1	1	-6.97233842291453
chr9	38620378	43242650	0.408725832567509	334	0.124814119656645	0.942646004162126	3018	0.415278199060548	2	2	0	-7.02363263776175
chr9	61165843	63833553	0.498574932114217	97	0.107948547746049	0.945146302192811	1130	0.300262920606815	2	1	1	-6.73619603155947
chr9	63837612	138176464	0.481773899278412	3820	0.0827013869964836	0.926418657889892	159412	0.307897108604562	2	1	1	-6.78420507209682
chr10	48086	39475684	0.498893299135226	1733	0.0910621527398193	0.844546185936137	55091	0.308949542207093	2	1	1	-8.52358095391077
chr10	41859953	42073592	0.364636553585672	21	0.142321283085305	1.61786543405835	204	0.968908071109326	7	5	2	-6.73551113702332
chr10	42121869	42273268	0.498029252780995	14	0.179615232839901	0.83911617368198	87	0.323867285645794	2	1	1	-6.74279054471981
chr10	42273277	133787094	0.498927448966406	3734	0.0871656316096492	0.869013169030245	154359	0.287497161435547	2	1	1	-8.97520058122571
chr11	197337	50512765	0.498921020595281	2590	0.0848709785082134	0.93414870476949	105460	0.288369225610663	2	1	1	-6.73387061625392
chr11	54603136	135028117	0.498929397801869	4146	0.0783713792490513	0.937611498373126	189972	0.293030345286842	2	1	1	-6.74790405554887
chr12	12259	34523014	0.496723219455936	1835	0.0845142687372881	0.931195482682393	72237	0.299416879640572	2	1	1	-6.73462660644491
chr12	37418138	40153907	0.388752013972077	50	0.0984392509238514	1.28895138669588	3092	0.494297312379445	4	3	1	-6.7621800391649
chr12	40163880	40624560	0.182849119235193	115	0.0673091538856071	2.39905203691282	4395	0.755548481202619	12	11	1	-6.73894799321415
chr12	40709724	43802604	0.498634056761438	90	0.121503856486425	0.715510856569801	3007	0.25575909149641	1	1	0	-7.2999472920336
chr12	43863053	44611041	0.266954868459355	28	0.0972187028841477	1.66688969392229	920	0.892399784409476	7	6	1	-6.73606466598301
chr12	44815940	46207477	0.304891982132879	29	0.0848919771430212	0.706740528117753	1909	0.232941456306686	1	1	0	-7.38015817759418
chr12	46766501	48560257	0.23943082297307	195	0.091801037602471	1.9123380232522	9104	0.892786973960365	8	7	1	-6.73337798349991
chr12	48569718	53945268	0.342174333887882	484	0.0959501763177313	0.716970303284861	26906	0.207008249815579	1	1	0	-7.17972788842075
chr12	53955581	54858428	0.246264376195906	50	0.118910352100794	1.75105398090209	5533	0.742988779807716	8	7	1	-6.74480827298341
chr12	54914115	55248287	0.396918540239087	24	0.0589826184173127	1.11821295991901	648	0.285563179416287	3	2	1	-6.85511504594087
chr12	55283972	59175574	0.264788994913761	433	0.0969018944114895	1.70010658468324	36451	0.625576921689119	7	6	1	-6.74351314663758
chr12	59187976	81202041	0.498841158767404	643	0.0924846549383146	1.01110534996677	28799	0.395703490152618	2	1	1	-7.23638711589913
chr12	81210994	105456524	0.409691043813678	616	0.102859269328389	0.794665384293097	29636	0.294744795423363	1	1	0	-6.98893323153988
chr12	105510188	109838672	0.363673807050972	286	0.100249017885686	1.35672392945334	14281	0.575402455817428	4	3	1	-6.76912424221376
chr12	109843248	111259652	0.199014014098853	258	0.103157334430711	2.33526075301589	12522	1.46218899258352	10	9	1	-6.73525651451657
chr12	111263733	111379563	0.49913117755264	16	0.0890055241731283	0.914995621332521	782	0.314933292031054	2	1	1	-6.73334747763036
chr12	111399928	112567396	0.262862203429943	178	0.123224772547116	1.74999391510812	10151	0.951308591766138	7	6	1	-6.73315782866908
chr12	112569740	113292900	0.499200934013912	86	0.069723409976627	0.970173269103474	3464	0.412789600653526	2	1	1	-6.73703298465222
chr12	113316000	114196022	0.177715514031751	113	0.110419279083981	2.56121171229047	4384	1.72875250470471	12	11	1	-6.73313356131504
chr12	114198434	117356031	0.138611481969028	550	0.0910612996362285	3.19753318231008	18096	2.31065443312597	16	15	1	-6.7341326005523
chr12	117469644	122670896	0.498836183853115	368	0.0986153851465189	1.00558817186015	21638	0.504484579442778	2	1	1	-6.80152921857779
chr12	122715787	123772957	0.252460314466709	119	0.10994702664593	1.76102110161222	10568	0.770738560954844	7	6	1	-6.73874830256498
chr12	123785558	124430590	0.492281895770603	73	0.0837719257289389	0.950934214545688	2702	0.286589386002967	2	1	1	-6.73986237333299
chr12	124447181	124514606	0.136096161522229	10	0.0600467410532088	2.67474771325895	358	1.25032363008327	17	16	1	-6.7348646722159
chr12	124547215	128863526	0.498812010147269	208	0.0999569740911245	0.975287125617613	4871	0.490884171499347	2	1	1	-6.7543484563794
chr12	128863633	129095689	0.217498189162815	38	0.0803008434719363	1.98732744916727	1258	0.943683429172813	9	8	1	-6.73487611123908
chr12	129166910	131739033	0.498648571690539	78	0.108821881063515	1.1302094836989	3377	0.658413212312506	4	2	2	-6.78026580963185
chr12	131753303	133231689	0.361695952512734	201	0.0870307136841823	0.708618906789624	7169	0.21046122419684	1	1	0	-6.9116790004879
chr13	18177561	114282277	0.498906550757291	2990	0.0870528433121591	0.936982925188814	108455	0.337359915760227	2	1	1	-6.74319005909686
chr14	16098268	16402273	0.498042800368527	8	0.146154272700361	1.0933332031241	38	0.271176909182859	4	2	2	-6.78749023095382
chr14	18330620	19747362	0.365898627132817	76	0.120326056299379	0.901328686294408	1145	0.351872677193765	2	2	0	-6.82716928085707
chr14	19747740	106874913	0.498929874724453	4255	0.0848469133109621	0.945260441215783	176242	0.312625150672686	2	1	1	-6.82567871808028
chr15	19881362	22774619	0.382182191364955	238	0.126754175814485	0.911774989240216	3707	0.325046160071094	2	2	0	-6.88259659491407
chr15	22776002	101980804	0.498923501854771	4134	0.0853484999544265	0.961334378348849	183470	0.321192777522029	2	1	1	-7.1243315564057
chr16	11651	33520050	0.498921484893561	2746	0.087020402183653	0.936624473349391	117364	0.300567452531936	2	1	1	-6.7368212232513
chr16	33593415	34266408	0.288288636710283	28	0.123497916782978	0.912345441149903	1023	0.289548333801865	2	2	0	-6.77470129579239
chr16	34573087	36162586	0.498623886579608	48	0.136117555511549	1.21108189102354	1310	0.791491711745399	4	2	2	-6.73636958779894
chr16	46386441	46401545	0.490342739156505	54	0.123332411181322	1.53442431845185	1057	0.40218082216282	6	3	3	-6.73681779211276
chr16	46437656	90067852	0.498915816892718	2674	0.0873974000330722	0.939262448240041	107489	0.30843553236741	2	1	1	-6.74616013297045
chr16	90092111	90166410	0.332526996243763	12	0.140220902561464	0.892022672054428	93	0.281879636132183	2	2	0	-6.73893608815723
chr17	137603	22429774	0.342262717508639	2257	0.102513925496126	0.729050018703924	76729	0.230399058982587	1	1	0	-7.39258602447202
chr17	25920162	68174833	0.17810789172478	3809	0.0927074447616103	1.41373278981459	211058	0.539338682513437	5	5	0	-6.81614495097064
chr17	68175061	69086536	0.498793427806955	136	0.110424062768693	2.10025811673178	5577	1.13436643465723	8	4	4	-6.73576898015765
chr17	69116003	83195283	0.348532045662313	2527	0.106307981854998	1.75997471437025	99860	0.76733808490753	7	5	2	-6.73838362430324
chr18	49147	110364	0.278277910956136	17	0.136840020375878	1.40458234619331	274	0.92330874314763	3	3	0	-6.73720001418518
chr18	324529	15371423	0.498894468947954	831	0.0846697946330782	0.950779745423416	24070	0.340351849837468	2	1	1	-6.76136643224874
chr18	21077220	80257347	0.498890640536515	1564	0.087511132129207	0.94044375526977	65497	0.333471076655945	2	1	1	-6.75424931049764
chr19	261438	1625812	0.498880642286018	371	0.081220114867443	0.935314366984491	12571	0.284642370671044	2	1	1	-6.73321617839332
chr19	1640875	3484554	0.34010375582983	343	0.106745500109371	0.741324417273556	10231	0.251717431409855	1	1	0	-6.87964396432766
chr19	3495338	7233290	0.498890772741526	720	0.0903870596558906	0.933734479066902	26094	0.318246500899225	2	1	1	-6.73314170081979
chr19	7237590	9114019	0.498772527330238	424	0.105016027034111	0.768084437407405	13221	0.25317619156718	1	1	0	-7.31411267118854
chr19	9115009	13321979	0.498888837337431	669	0.0813020577908221	0.927887393065144	34212	0.277736148509352	2	1	1	-6.73405866146803
chr19	13325015	17964998	0.354519321217058	713	0.0949974608658229	0.730488957463523	25799	0.239712454742129	1	1	0	-6.91767773147572
chr19	17970609	18356787	0.46589837594593	80	0.0632785633708484	0.921121501733748	3381	0.292839287571439	2	1	1	-6.90284259581372
chr19	18381464	24312267	0.3423165486092	506	0.10737715116658	0.691530722461908	20286	0.201912511484264	1	1	0	-7.6278380507212
chr19	27392072	30413830	0.394367417284294	99	0.0967222847696306	1.22017756688391	3110	0.775009286510003	4	3	1	-6.78304795452243
chr19	30433760	35166448	0.296693646762492	244	0.118040568426171	1.36105041621574	15880	0.833730558284006	5	4	1	-6.77843515033031
chr19	35169445	35437732	0.473735101677585	25	0.11123708913847	0.775975361713075	1341	0.320332540982931	2	1	1	-6.81898877389257
chr19	35440660	35599922	0.249003977490842	46	0.116340172549263	1.82314716931522	2487	2.54943712756537	8	7	1	-6.73637827413149
chr19	35615006	38570618	0.347525409112997	201	0.0993572262493282	0.735925180175329	15844	0.234022666988414	1	1	0	-6.88986450198361
chr19	38643918	41756940	0.28059506960674	650	0.109606837639874	1.60882214193782	32912	0.658279612441519	6	5	1	-6.73815483397455
chr19	41757015	42014674	0.477250238497221	59	0.101280117426157	1.16484007493239	2689	0.346407285680799	4	2	2	-6.77252125755624
chr19	42061531	42878776	0.330512514768545	102	0.0766612306362451	0.799321374578682	4696	0.315712990613358	2	2	0	-6.85939400137445
chr19	42879528	42961051	0.425439896311494	37	0.066765849643951	1.13728769473022	451	0.365095208147909	3	2	1	-6.73381573110467
chr19	42969076	43154413	0.215810165632233	28	0.0981689236272741	1.97174739722167	805	0.867287747350714	9	8	1	-6.73552550180209
chr19	43168289	43853894	0.419163134186518	147	0.0949523312271976	1.12999450257024	4821	0.340730662628034	3	2	1	-6.73685708828609
chr19	43939145	45133369	0.350010122596981	176	0.0891870236906984	0.724195729329296	6498	0.189933162169486	1	1	0	-6.91154550648705
chr19	45163169	45667271	0.259888838923699	128	0.104664924848788	1.66098144350824	6927	0.643378245863582	7	6	1	-6.73669054270169
chr19	45674329	46137307	0.359763870597298	73	0.0987790975954205	0.719118836376106	2961	0.204558247351923	1	1	0	-6.81480914448035
chr19	46154694	49399733	0.360114468653209	605	0.101002405585183	1.27242749188559	29172	0.517405713552263	4	3	1	-6.73643017521483
chr19	49401958	58569779	0.498916996962321	2205	0.0873707779042075	0.940926125162229	68412	0.281054671804137	2	1	1	-6.73834046340312
chr20	87623	25908917	0.498904186314197	1237	0.0815371399394462	0.940637204731898	42149	0.310846999742072	2	1	1	-6.74430568437159
chr20	25908950	26208565	0.498437263551774	25	0.129395543457519	0.907095750870478	247	0.326862006517175	2	1	1	-6.73443198578725
chr20	28559257	31067272	0.493781840569787	606	0.117930930908697	0.947337593163523	2992	1.20637210380429	2	1	1	-6.734944203729
chr20	31248651	34546427	0.498870653296448	352	0.0883496957016547	0.926373628945211	13840	0.299883412542326	2	1	1	-6.73418314270261
chr20	34831455	35753732	0.262752086373321	59	0.1186028962128	1.77229342891955	9961	0.763443305388058	7	6	1	-6.7330367487489
chr20	35758102	62394205	0.498895117220059	1279	0.08593422962958	0.967368243508956	60598	0.388402846555368	2	1	1	-6.87012655499312
chr20	62394395	64328010	0.405667115827652	322	0.0900491727066753	1.1457861447206	12835	0.3322507787328	3	2	1	-6.77394707258319
chr21	5034010	13035101	0.491089427144427	655	0.12744443180894	0.93166224300888	4486	0.486042501161601	2	1	1	-6.73599227984523
chr21	13227652	46663614	0.498894102517346	1583	0.0897655498171994	0.92455926248021	54776	0.305585968657784	2	1	1	-6.75003981503508
chr22	10685477	12813444	0.498741882471859	694	0.125653037856738	0.931084951834944	3530	0.342217458182089	2	1	1	-6.73312733035592
chr22	15541395	50744827	0.498924536251743	3206	0.0836451589802824	0.955180250311799	122685	0.316285470773297	2	1	1	-6.84940337985593
chr22	50754743	50808396	0.257723826814171	11	0.115765515355198	0.71329459752894	267	0.193220534519164	3	3	0	-6.89917636951979
chrX	262267	52862789	0.498801851291498	440	0.099911323697684	0.938414730777444	39629	0.311258155320186	2	1	1	-6.74477359577306
chrX	65539928	131078656	0.498233726892064	22	0.14918584969399	0.934566014889401	36238	0.277759428235351	2	1	1	-6.73491130596303
chrX	135615562	155993845	0.439029363506457	36	0.0748123313407283	0.934224520713263	17376	0.274850513170548	2	1	1	-7.10758027167165
chrY	4053856	11856425	0.314852155504251	94	0.133227488158438	0.943894882485438	2077	0.328202233071686	2	2	0	-6.73998189274372
chrY	26436900	56887043	0.381523309628416	223	0.11969678392678	0.948150293930646	1022	0.325605622182337	2	2	0	-6.93298680714483
