chromosome	start.pos	end.pos	Bf	N.BAF	sd.BAF	depth.ratio	N.ratio	sd.ratio	CNt	A	B	LPP
chr1	13273	786616	0.142748356044177	9	0.175400335740208	0.926648046743711	216	0.353712396460728	2	2	0	-7.10895400324971
chr1	817341	16496573	0.498884830253514	2238	0.107104902307607	0.948850218720701	69445	0.309956632192644	2	1	1	-6.73425351917288
chr1	16508139	16964634	0.363588470683004	218	0.130122132041517	0.914005468766154	2753	0.295084534427064	3	2	1	-7.33433860754141
chr1	16965909	124514236	0.498903400212467	6631	0.106189936478566	0.937519481100499	262355	0.324711559438646	2	1	1	-6.8758043309211
chr1	125094469	143838930	0.321005173186238	20	0.131042540300549	0.777997751028043	802	0.306473713665632	2	1	1	-10.5831366370062
chr1	143880545	248855287	0.49891962151877	7324	0.108903116678376	0.930597226013719	266057	0.309134497681699	2	1	1	-7.05926321428545
chr1	248855548	248945592	0.497933729826958	9	0.240023957137616	0.929278160452572	310	0.25791705525453	2	1	1	-6.73355306302973
chr2	188171	90234102	0.498893342527283	4407	0.105074471069906	0.936607608199239	171812	0.33020895056662	2	1	1	-6.86390725176759
chr2	90281038	92075324	0.498501768185234	132	0.160939654180575	0.850325502476319	1368	0.367417633279666	2	1	1	-6.83334821332702
chr2	94190317	95939329	0.482058743040117	66	0.124306812697389	0.896093866021141	3454	0.274592634302032	2	1	1	-6.79625920151168
chr2	95939402	95954051	0.22743827142098	51	0.118179706960438	0.740674861879162	160	0.237063809229132	4	3	1	-6.89112716005266
chr2	96022714	242183318	0.498920158351492	7520	0.102852849264757	0.931965877628637	278562	0.315177970429157	2	1	1	-7.1122080825211
chr3	10374	2224836	0.498614597936509	126	0.143884487399739	0.890487901732557	1634	0.32901438437726	2	1	1	-6.78755764890526
chr3	2225012	75630060	0.498903314630435	4123	0.104288155392152	0.933989940357318	171416	0.308442671758045	2	1	1	-6.89950926352607
chr3	75630786	75671748	0.473504342327953	35	0.166386928825655	0.754289398352671	202	0.375897106235382	2	1	1	-6.75762716863354
chr3	75672340	90303819	0.498793493293353	351	0.126638652386972	0.911862705672652	8782	0.359340676729731	2	1	1	-6.85736512738725
chr3	91404436	129991451	0.498892332166683	1894	0.101453692476295	0.931957624909476	66528	0.311273840096031	2	1	1	-6.84062111563045
chr3	129998109	130108059	0.497991628700817	23	0.184436102456455	0.868314883356858	199	0.337071042920079	2	1	1	-6.73802595563963
chr3	130121567	195774150	0.498884585748428	3167	0.103490103172588	0.929875680280441	108849	0.328442839137187	2	1	1	-6.93053406514723
chr3	195778965	195844153	0.498445214945634	64	0.14918475548742	0.812805801069424	517	0.266197176191894	2	1	1	-6.74687719847878
chr3	195848686	198113542	0.496507253540703	351	0.108449289984621	0.954815726211966	10395	0.350775517908683	2	1	1	-6.73374027324297
chr4	46210	49023704	0.498882862117327	2975	0.10887713236446	0.928006585226457	83750	0.326187492710106	2	1	1	-6.90954878543367
chr4	49061855	49711584	0.369868908143202	113	0.155271359259591	0.647605109077222	631	0.343436010856008	2	1	1	-7.58205884059693
chr4	51837444	189407803	0.498895035927094	4710	0.106701847110942	0.930117228953681	182007	0.338252053065355	2	1	1	-7.10361546426909
chr4	189473084	190179679	0.495376462731796	64	0.158681943917375	0.827295996990287	674	0.314960160792172	2	1	1	-6.81677334262336
chr5	44595	488195	0.369024532271658	21	0.123681676665774	1.50561710506872	2732	0.442132164913688	3	2	1	-6.78637652999713
chr5	491711	1225561	0.0375789847374057	150	0.151727048579657	0.436062719119694	2299	0.159096153939721	1	1	0	-6.90067789688531
chr5	1253629	1377819	0.241494780288286	25	0.102888693904303	1.91309547420356	1229	0.558406841613171	4	3	1	-6.73713209791159
chr5	1393845	1466698	0.00202711158677749	14	0	0.45560389798622	256	0.135354822774835	1	1	0	-Inf
chr5	1489591	3384089	0.351448812169189	98	0.158195051806807	1.23573743141218	1970	0.603833308734441	3	2	1	-6.80549197774053
chr5	3524580	4143885	-0.000844488821657441	18	0	0.455159584572557	306	0.215248338383099	1	1	0	-Inf
chr5	4210499	16214692	0.306758660590687	682	0.123509252483328	1.52641979804122	19845	0.73319957222495	3	2	1	-6.81939262299423
chr5	16329471	17271804	0.171828311631715	215	0.0879597035833251	2.66208704650974	6377	1.3987973868241	6	5	1	-6.73652851200481
chr5	17285746	30669149	0.384989332159395	424	0.114992374033713	1.37612494096013	10508	0.597892516079693	3	2	1	-6.88253454259693
chr5	30888410	37284624	0.245844559552639	575	0.113685900751555	1.6824999852547	22198	0.616030405330393	4	3	1	-6.88495866161979
chr5	37286074	37579323	0.498949640764884	49	0.0869761676638871	0.965587547368393	1228	0.347410963561329	2	1	1	-6.73340480282324
chr5	37599618	45816754	0.246076674695773	415	0.115024377229195	1.84873373600985	18342	0.72967565355393	4	3	1	-6.74182028949586
chr5	49600535	50661572	0.498007328057142	9	0.201137390855107	0.837997502570303	296	0.331920830125754	2	1	1	-6.82583603237796
chr5	50750133	181288546	0.498901843202899	5686	0.105827818158813	0.929221425452126	230259	0.321437210785293	2	1	1	-7.15172891809349
chr6	160049	32485632	0.332030176521706	3740	0.111490961323307	1.3851127103135	110888	0.467493493148818	3	2	1	-6.81518300585631
chr6	32521989	32581639	0.498371597495723	24	0.172040440139748	0.341283992880209	71	0.285402960565227	2	1	1	-7.16322632744693
chr6	32581704	32743158	0.2524745078827	114	0.121525920254026	1.34052360365349	547	0.410356109898111	4	3	1	-6.80333816609259
chr6	32745253	58414703	0.330629254063732	2550	0.107244798002826	1.40116002851532	97766	0.44648316346368	3	2	1	-6.76146681730547
chr6	60281479	60964235	0.00201723472078708	13	0	0.437630373583836	308	0.2087867534449	1	1	0	-Inf
chr6	61531726	170640200	-7.98063868754639e-05	3265	0.0260050695149106	0.467638406511267	112736	0.186679097277538	1	1	0	-7.27871464671799
chr7	37991	413634	0.481122345305159	63	0.107945449992536	1.77240147865443	1060	0.579459801545123	4	2	2	-6.75477734019309
chr7	430570	1772089	0.320657369664932	475	0.102725055224654	2.86727664020704	14140	1.05069251902603	6	4	2	-6.74216254058259
chr7	1773012	3424032	0.498812257204915	380	0.0997916032956735	2.07588913074321	11546	0.829354796028678	4	2	2	-6.7438233339933
chr7	3586416	5231042	0.000183072935329598	243	0.0276882935768378	0.939447674829429	5856	0.381186299069437	2	2	0	-6.73427497416525
chr7	5235906	5367749	0.141434062116306	62	0.0871622801922544	1.87015074976468	1477	0.646333041968992	7	6	1	-6.79572647051752
chr7	5377790	5732595	0.00129907812319674	68	0	1.00621506464874	2173	0.4589955931717	1	1	0	-Inf
chr7	5771669	5844356	0.498560281062067	34	0.120036896437049	2.35948452272296	740	1.212739401855	6	3	3	-6.7341988133313
chr7	5845021	6295555	0.257643647446225	267	0.117210733307003	3.62652817801647	7273	1.75285227608701	8	6	2	-6.73579111302272
chr7	6296610	6337402	-0.0030288779992631	9	0	0.966422148057257	290	0.41038035619385	1	1	0	-Inf
chr7	6339547	6619878	0.499140837031466	122	0.0794959530880475	1.97684485834885	3852	0.797207739357289	4	2	2	-6.73347034502856
chr7	6620602	6820481	0.287564334565153	81	0.13655541994388	2.78285066955098	2524	1.18145543729836	7	5	2	-6.73592919990961
chr7	6822112	8078014	0.00228583044985142	111	0.0846739789963996	0.931590989132425	2463	0.341810978508633	2	2	0	-6.73652978503853
chr7	8086564	11636750	0.498763540738822	185	0.102107727782257	1.94989493400878	4732	0.971831721334364	4	2	2	-6.73438344069454
chr7	11769292	20161772	0.00196211746755232	340	0.0565616538272326	0.989312902581996	8460	0.439959152570977	2	2	0	-6.77170967803758
chr7	20263641	25568319	0.498881104693841	504	0.0837228276237493	1.84001887530823	16532	0.687958073592313	4	2	2	-6.74104164141471
chr7	25689798	51348465	0.00183015401603731	1375	0.0560393776561434	0.934927710966797	47966	0.366804623122018	2	2	0	-6.7714246942635
chr7	51359789	57652084	0.498834472325459	666	0.103280827472035	1.83986446663442	17395	0.751305479827915	4	2	2	-6.74100658375104
chr7	57672920	58091518	0.498244328352231	32	0.197480817769972	1.75151379912764	354	0.752608379693881	4	2	2	-6.73617475900882
chr7	60958177	100955413	0.333982942140796	3614	0.116679022341597	1.3950910178798	127534	0.500917810239303	3	2	1	-6.78514868855677
chr7	100955962	100958510	0.103297657052826	26	0.114363368260995	0.73296893350502	164	0.357349858601435	9	8	1	-6.77292215101602
chr7	100958568	100976034	0.498613760022292	123	0.158352427000279	1.15235043216154	715	0.268024999820694	2	1	1	-6.73838546097134
chr7	100982751	152306956	0.336127093544645	4090	0.108092019213375	1.38294732874718	149934	0.471295301141263	3	2	1	-6.87370486682191
chr7	152323834	152410761	0.205166851652788	98	0.147378704847551	1.08230416582037	543	0.607740101284697	5	4	1	-6.82022362487196
chr7	152410768	159261057	0.347136971050339	698	0.119297209529609	1.37372905207582	17056	0.500147496074512	3	2	1	-6.76577775710399
chr8	213654	43500515	0.498884166828345	3119	0.107412120524889	0.913589427334959	84817	0.326189913498707	2	1	1	-7.12315976801022
chr8	45952307	145003393	0.498889569707328	3812	0.102254891703194	0.942951803674817	149679	0.33021540717716	2	1	1	-6.78370041219264
chr9	69434	33779524	-0.000650600272103619	1241	0.0143980877093903	0.470682845650636	30451	0.188916463630852	1	1	0	-6.80650780173063
chr9	33785442	43242683	0.498802244138382	918	0.134471510646931	0.931424510352021	26084	0.322111145630294	2	1	1	-6.75937407990559
chr9	61902912	63979982	0.320389861913272	90	0.166559673897342	0.837313333359605	1053	0.34863925084664	2	1	1	-7.52500914132129
chr9	64055256	96727038	0.498864450385712	1595	0.108091935443981	0.932616783320642	55836	0.334823295330956	2	1	1	-6.8070798641206
chr9	96734675	98379425	0.248056731270375	202	0.106991973645274	1.86978490718754	9135	0.659412854112136	4	3	1	-6.7339842598701
chr9	98447306	138176464	0.498900564023848	3382	0.102936440616694	0.947131316982897	128922	0.309662007420098	2	1	1	-6.73995134366157
chr10	47588	38527690	0.49888026090327	2711	0.11360873995619	0.927615283912589	76197	0.349154393109095	2	1	1	-6.85915958293902
chr10	38527868	39131354	0.379663789344172	77	0.147007383766088	0.743182658779652	381	0.354019027560057	2	1	1	-7.28260565407753
chr10	41860304	42279904	0.28618411631206	30	0.177126281336875	0.654396687153679	366	0.264335085545616	2	1	1	-7.96842146607113
chr10	42279945	75431683	0.498870027363467	1911	0.107496508886295	0.925384300458777	65791	0.327495136976807	2	1	1	-6.87989567662023
chr10	75467672	133597485	0.333359924786694	4017	0.10888769322699	1.39242665211005	166502	0.472052984244287	3	2	1	-6.83198714170724
chr10	133622304	133787106	0.137633353094367	10	0.107327329024604	1.20180179046025	134	0.492709005921109	6	5	1	-7.06734146898451
chr11	198665	997658	0.498874247367066	320	0.0949117538908947	0.953512919855824	8693	0.260794385911232	2	1	1	-6.73312919255835
chr11	1016665	1098163	0.498534999436125	65	0.141647283364756	0.900038610240784	1377	0.239242395135375	2	1	1	-6.73579616550826
chr11	1098718	50553118	0.498907966062132	3278	0.098749267348431	0.924804339950433	108525	0.301295599755502	2	1	1	-6.9980210971342
chr11	54591998	56700571	0.473431897919084	111	0.0873287987019121	0.884462837596633	3857	0.220275715616369	2	1	1	-6.92647957321631
chr11	56700635	56705771	0.108136415878507	20	0.111716028628982	0.611098627289567	61	0.0846174483679697	1	1	0	-7.27501705865898
chr11	56740404	124250452	0.498913638814802	4018	0.101401284218563	0.935577222044433	190123	0.29987238789785	2	1	1	-6.86838745828866
chr11	124260983	124274783	0.000679443956714598	11	0	0.550994525395106	79	0.16666779292057	1	1	0	-Inf
chr11	124309760	135028117	0.498832351725909	435	0.105643962856742	0.918809907742112	19726	0.300895382122576	2	1	1	-6.82185981549439
chr12	22477	34523014	0.334994287470468	3473	0.110413708672755	1.39282183249377	110946	0.470020196891007	3	2	1	-6.79148333841206
chr12	37323776	133224747	0.379171087282872	6354	0.107063824988672	1.22945014576291	302589	0.422190379569928	3	2	1	-10.5262598310291
chr13	18177561	18861784	0.498477824341293	73	0.149219946608198	0.781721125538059	935	0.328201978901691	2	1	1	-6.87774862284766
chr13	18883250	114325598	0.498891490619648	4102	0.111254329041016	0.931315081299473	131120	0.338000476393902	2	1	1	-6.96829921147495
chr14	16057734	16402218	0.497821962901857	4	0.190776265120516	1.00128959961323	26	0.458950193376144	2	1	1	-6.73559481296749
chr14	18289828	19936577	0.323607456919427	143	0.121143160436712	0.873819206278496	2241	0.292531145034857	2	1	1	-7.87734474600195
chr14	19975490	105393930	0.498911532643876	4999	0.104458627970532	0.93799318231137	199763	0.319006292139475	2	1	1	-6.8435750238346
chr14	105402482	106878743	0.498742427492347	419	0.13701538114943	0.882686288874722	6760	0.239913711003652	2	1	1	-6.82004277705724
chr15	19841981	22273968	0.458578093621168	281	0.129791487779242	0.876941058577702	3626	0.294470267234541	2	1	1	-6.90526543040318
chr15	22276014	101980762	0.498895025182064	4708	0.109989988068451	0.934709743814337	214892	0.316916539384449	2	1	1	-6.89103401314461
chr16	11641	32993084	0.498906711702875	4034	0.105571774728047	0.942014687871852	138506	0.312025241047856	2	1	1	-6.7561474460184
chr16	33048885	35414415	0.498468541431853	86	0.159826242860729	0.80842604158328	1964	0.282134775140542	2	1	1	-7.17597149919092
chr16	46386441	46437595	0.489863780629782	53	0.137842909263598	0.557518490542503	564	0.160338415239327	2	1	1	-7.06011174729624
chr16	46455290	69930471	0.498891218235033	1279	0.107947985645968	0.920980131940668	63986	0.316216035320801	2	1	1	-6.8849419908067
chr16	69932071	70680681	0.300831725582388	65	0.142685781392325	0.873867249534285	5387	0.312566842765938	3	2	1	-7.70799309906452
chr16	70692892	74359841	0.000438098325349134	164	0.036198054052158	0.476464975426729	7900	0.177712784733374	1	1	0	-6.73316795568791
chr16	74360527	74418173	0.00262257985756009	30	0.176579063077256	0.515208593475262	376	0.197882588854177	1	1	0	-6.73867351816297
chr16	74432229	90106232	0.000761236049518998	1645	0.0316081635675319	0.472972710229706	32043	0.183295179633534	1	1	0	-6.7452042034366
chr17	138189	21298703	0.498880663876126	2750	0.106201966382053	0.934856141474804	103893	0.3054379496334	2	1	1	-6.77832264060173
chr17	21298766	22693405	0.34454041193325	348	0.161842081295978	0.808591194939285	2307	0.336066095557902	2	1	1	-7.4326493341446
chr17	24421408	43334346	0.498889808297781	2030	0.105043180931368	0.935482490430768	82897	0.30660570000108	2	1	1	-6.77037852852578
chr17	43359210	43365196	0.0479986150615893	9	0.0571520875481475	0.96718440652645	30	0.234425450738658	17	16	1	-7.03580723487214
chr17	43367278	83104291	0.413733704726234	5338	0.10897761068947	1.13508030807832	186146	0.37649570828466	2	1	1	-10.1024957558485
chr17	83134125	83135542	0.498435448993216	19	0.142328793222303	0.896682054771179	56	0.38890675943273	2	1	1	-6.73312245354184
chr18	47492	82480	0.314860447909435	15	0.111833209140517	0.836438795481625	142	0.317937038568106	3	2	1	-6.80821810559087
chr18	108128	120881	0.497636850792383	9	0.169632282042986	0.680528673071665	113	0.501807901057609	2	1	1	-6.73657113895733
chr18	137129	15350701	0.498855390073384	1205	0.104963571440729	0.935901043080088	30528	0.348856708579075	2	1	1	-6.75516152956107
chr18	20944336	80250865	0.498876655077179	2390	0.107264479501262	0.924738816938995	80960	0.342166729343676	2	1	1	-6.98132637784761
chr19	107329	877871	0.498791340018378	236	0.104129642887835	0.945195960340606	5133	0.310833647894082	2	1	1	-6.73336547819704
chr19	877948	879855	0.356839195475493	15	0.167065085691604	0.248619573881188	53	0.0999123127884366	3	2	1	-7.07621278404484
chr19	880126	24394204	0.498916588280647	4721	0.10709501663654	0.941709906077337	178436	0.305633075812743	2	1	1	-6.75129119126843
chr19	27392127	58599150	0.498920903738533	5824	0.108051507777468	0.931607285137485	201914	0.29723563610445	2	1	1	-6.83197614031789
chr20	87623	25686006	0.498877996017235	1584	0.104141449609485	0.929604325256556	50159	0.318852203008599	2	1	1	-6.81840206930405
chr20	25773465	26133007	0.0689559535479691	39	0.183073092192764	0.849156915739717	395	0.378375004699984	2	2	0	-6.83663893738924
chr20	28560028	31237425	0.495936323304715	642	0.167674491835259	0.767803845958322	2899	0.337184104223702	2	1	1	-7.32509054632749
chr20	31248651	64327831	0.4989036375939	3197	0.10363731506216	0.939990552385182	111136	0.323582618652943	2	1	1	-6.76409708802297
chr21	5034010	13113074	0.397811902010838	778	0.161688968663199	0.686724590669743	4651	0.280397737294489	2	1	1	-10.4476919744149
chr21	13227652	23556656	0.00218095281837388	283	0.0719250587008284	0.464416169753761	6033	0.197474037170703	1	1	0	-6.82948545216363
chr21	23734519	46661749	0.498887883997219	1888	0.108129980700662	0.933034485204632	55417	0.313277622614417	2	1	1	-6.79002164218845
chr22	10685457	12797360	0.495958624284373	717	0.158321163645582	0.739659497525437	2998	0.314650035699384	2	1	1	-7.45520220107921
chr22	15350241	16397441	0.490327865570621	79	0.136507062780281	0.843507382328823	734	0.313663705014505	2	1	1	-6.82829924705424
chr22	16402224	16433986	0.116564429078111	11	0.0913237000007018	0.80005442643537	59	0.312548090981085	7	6	1	-7.15531489624979
chr22	16433996	50782306	0.498908913056777	4444	0.103152339191935	0.942882101381135	144196	0.316686328453946	2	1	1	-6.75256838447832
chrX	284193	57946559	0.00124487460500661	1959	0.0412847099037994	0.473349982010418	77464	0.192438926053577	1	1	0	-6.76387179457047
chrX	63895417	155996516	0.000987712805178786	1936	0.0426949814253789	0.469356507164955	94215	0.180308265095231	1	1	0	-7.05708219698993
chrY	11185998	11431322	0.186919561109336	28	0.198116261094472	0.337244522033247	83	0.438070846674197	1	1	0	-7.31436324404117
chrY	26436900	56858147	0.0529480038706495	74	0.170590559051395	0.328946695431588	162	0.223783857719554	1	1	0	-15.3941023436557
chrY	56858184	56885653	0.477921362713419	98	0.150653873589774	0.731880559457194	307	0.276400290801873	2	1	1	-6.76078204836566
