chromosome	start.pos	end.pos	Bf	N.BAF	sd.BAF	depth.ratio	N.ratio	sd.ratio	CNt	A	B	LPP
chr1	76838	3707302	0.434721926053038	541	0.102811143851538	0.79172362511811	17170	0.212031392994649	1	1	0	-6.8125655201645
chr1	3722110	108069032	0.49890310948755	6550	0.0969062816999815	0.972966876317481	319718	0.32261103472651	3	2	1	-7.07798894112461
chr1	108136612	121542067	0.498890071510256	701	0.0863174912571187	1.08242065978417	42068	0.32889526966317	4	2	2	-6.75759756574348
chr1	125065988	248945663	0.362984422335193	5871	0.104746072865825	0.859031694022651	277039	0.274340813068231	2	2	0	-7.04669641116406
chr2	242800	37329265	0.498893031093042	1715	0.0934214179201292	0.89297729732717	78106	0.306225119093784	2	1	1	-6.83159455077406
chr2	37354224	92075691	0.498865401886192	2648	0.103601794666833	1.00460835067243	116282	0.357084763640521	3	2	1	-6.9718339826044
chr2	94190317	225264471	0.498900889080514	5969	0.0968063150030812	0.977077174231164	265013	0.327864278727516	3	2	1	-7.02829425813044
chr2	225318770	242183177	0.498895089240548	1309	0.0888292756962787	0.865007886162399	49480	0.267509314259258	2	1	1	-6.75106722906874
chr3	10335	10576733	0.452795281744525	469	0.102217903161049	0.762034988923946	17848	0.25816683302826	1	1	0	-6.77631513462725
chr3	10593093	90507212	0.498887502914162	3527	0.0968693530849204	0.972376129583121	185489	0.333925708347655	3	2	1	-7.04467534376231
chr3	91404517	125705866	0.498896599809493	1324	0.0870260027756471	1.08498295422054	63235	0.35868481054873	4	2	2	-6.77286245754776
chr3	125712052	125884699	0.280509795943298	63	0.113113290498753	1.11090918565465	637	0.37628171650486	4	4	0	-6.7411613953224
chr3	125890454	187282241	0.492292258082222	2902	0.0953567204163919	1.14561588285566	139953	0.397249873586255	4	2	2	-7.06544189172386
chr3	187285707	198150609	0.357772421514224	1131	0.104596566073607	1.18398682322474	31498	0.405588713626076	5	4	1	-6.76131662422938
chr4	44248	1741052	0.430000868256947	201	0.0997585079103407	0.766996964617111	8127	0.22586352251322	1	1	0	-6.73555932244848
chr4	1742027	49711644	0.494338609104368	1772	0.107330327701921	0.994054419495229	87833	0.348572272650119	3	2	1	-6.87723676891567
chr4	56931099	78398690	0.498831428622918	242	0.0871528465901713	0.940837458877955	30337	0.356056878120146	3	2	1	-7.21281063710849
chr4	78413110	190179679	0.360730778608867	3990	0.110741747055831	0.845750884273264	149689	0.292559779722712	2	2	0	-7.52038204998909
chr5	44922	38823256	0.498826404344546	956	0.10295361122098	0.984305929502031	58427	0.346913720124258	3	2	1	-6.91116208857597
chr5	49600577	139175282	0.353378664260566	2318	0.109306076182442	0.99395357029997	145261	0.344325442280014	3	3	0	-6.78008917799713
chr5	139466927	181292406	0.49890521328614	2822	0.0916396668879569	1.14442545528709	132267	0.387261348074333	4	2	2	-6.95995166862037
chr6	188609	17965902	0.335378111346503	1144	0.105724400465412	1.14689378279301	43738	0.449813612823725	4	4	0	-6.90694222260131
chr6	17982391	29830840	0.273696014659035	867	0.103474372624726	1.11787878422332	34446	0.390624941409165	4	4	0	-6.76445153299014
chr6	29844501	40809385	0.313402985510925	1927	0.106329717748285	1.03601569818997	66994	0.306712732572389	3	3	0	-6.89346762021461
chr6	40820774	45512453	0.401349764486357	461	0.0926873411246292	1.17165287037763	27734	0.363822940466217	4	3	1	-6.81266308138239
chr6	45521021	60964236	0.421735770678431	447	0.09906031125227	0.926306636194621	23137	0.298947622415375	3	2	1	-7.16848954191208
chr6	61077160	168322595	0.370593380922866	3922	0.10735513398621	0.854671475775951	163390	0.294280388772199	2	2	0	-7.11163552280339
chr6	168328751	170718649	0.499000684146954	132	0.0796496259832338	1.20680595454599	4566	0.376258372746765	4	2	2	-6.81513358818095
chr7	31439	58091558	0.3403946842512	3742	0.112244918537801	0.974885239711922	128354	0.332683564158182	3	3	0	-6.80138480060383
chr7	60981490	100951953	0.297756984993571	2349	0.115352638912078	1.04981091761578	114434	0.387414175638484	4	4	0	-7.09158956723953
chr7	100952010	127577744	0.397715951057605	1144	0.113895888976235	1.0745246148612	55645	0.371294498854448	4	3	1	-6.80748187936694
chr7	127582467	144283144	0.471320249216333	1295	0.0931944314795912	1.25606259906813	66212	0.416070083452111	5	3	2	-6.81573699565856
chr7	144318565	159034723	0.361689562582885	1133	0.109858319547428	0.851521955461386	35128	0.279445214665622	2	2	0	-6.8177518313502
chr8	213654	43192450	0.375130435706868	2386	0.109652628472236	0.849152152816898	87029	0.286901475948403	2	2	0	-7.00009919502351
chr8	45952307	144891499	0.498908714353052	4405	0.0930003350785681	1.02015133449439	176150	0.360954930529416	3	2	1	-7.36649237871379
chr9	45915	31395744	0.498826758975447	959	0.111219837940084	0.843839252602985	37938	0.308877699183998	2	1	1	-6.97908241374461
chr9	31395901	38622260	0.498821949633915	451	0.0929637030313488	0.970968577471552	31147	0.309615293695545	3	2	1	-6.96024283928784
chr9	38631452	43242650	0.357132920911405	426	0.120647107032199	0.938157524903078	3967	0.357794607326593	3	3	0	-6.82775622624116
chr9	61320064	65648606	0.359990056160618	150	0.130024207692759	0.92135864577756	2135	0.367487880016477	2	2	0	-6.78780271236907
chr9	65649066	137515274	0.498909643012999	5466	0.0952142933032665	0.967229771696855	211905	0.32002790774973	3	2	1	-7.13045489276073
chr9	137522307	138220945	0.498522116335199	74	0.131303430618785	0.895000253854155	3695	0.33816647785678	2	1	1	-6.73501116724243
chr10	47485	5556184	0.44664353155363	287	0.100038206925954	0.943552900202811	9241	0.423765231808528	3	2	1	-6.77375124718077
chr10	5559254	17295043	0.498799361296465	751	0.110839053111389	0.753769954745647	25160	0.27747546468584	1	1	0	-6.99452775489245
chr10	17489575	27136513	0.382319851948359	501	0.104923834403572	1.02569989309458	22518	0.400566097642011	4	3	1	-6.92589532916487
chr10	27136978	28229685	0.262719437479709	224	0.105464209718512	1.61450875521486	4730	0.59125286735933	9	8	1	-6.7352878725505
chr10	28233933	28899095	0.498927245156404	52	0.105441245890029	0.872172312981587	1626	0.402825353606948	2	1	1	-6.73311446642203
chr10	28899181	31633357	0.29616747205131	203	0.110205252277807	1.33621066718002	8688	0.557324050311963	7	6	1	-6.76667136989287
chr10	31633418	39131435	0.414236852510633	458	0.111661188088538	1.05667858029656	15934	0.404154814111739	4	3	1	-6.79634202451685
chr10	41858385	42278436	0.486926022369552	56	0.165659334961059	0.842865757395911	547	0.360205502565117	2	1	1	-6.73945325371625
chr10	42278943	52869614	0.425297742603511	653	0.106359170312111	1.03666541120165	23729	0.326714015512099	3	2	1	-6.88018053706856
chr10	52885193	133787225	0.362397783559821	3736	0.109015070222312	0.893396249655954	185925	0.298049217310815	2	2	0	-6.96793118159053
chr11	213523	50553108	0.498907952703473	3477	0.0902216636878275	1.04729326164457	141508	0.347328664183228	4	2	2	-7.32599077418672
chr11	54591643	69400637	0.498881125129232	1572	0.0912892739060678	0.977026436610458	89615	0.280698287291513	3	2	1	-6.96921450865796
chr11	69440598	71058861	0.209120840837152	195	0.101607132415262	2.54048054723837	11731	1.0208344083715	17	15	2	-6.7344045814231
chr11	71062071	72424748	0.355951968778389	243	0.103406231876709	1.53260720456719	8662	0.505319498672135	8	6	2	-6.73406878364147
chr11	72437200	73830053	0.472966430038806	134	0.0890479252589867	1.22579741787375	7749	0.413416735206316	5	3	2	-6.76265275087074
chr11	73831711	83597397	0.282809782527645	724	0.115717880347682	1.9121620433863	40324	0.882266094901583	11	9	2	-6.73595243544668
chr11	83667750	135028117	0.361076571850372	2200	0.105417321738304	0.86516818443797	101461	0.276607869226687	2	2	0	-6.78651753910768
chr12	12259	6289036	0.341303446035196	552	0.103545635197622	0.964787082858968	21230	0.304387166829669	3	3	0	-6.76774325050481
chr12	6292138	27969960	0.401677701621423	1672	0.0990174891238046	1.0682454280723	64392	0.344395270332192	4	3	1	-6.84042177149404
chr12	28032034	34523014	0.49886841749204	714	0.0909543652483237	1.16852271498233	16465	0.426493059125296	4	2	2	-6.8051813397249
chr12	37540858	101646569	0.49891100452439	3643	0.0882247949647854	1.27278140901272	204345	0.445734861327516	6	3	3	-7.08283679112092
chr12	101647979	132801659	0.332255001796508	2056	0.111054982989008	0.989355571358969	119851	0.334562099804523	3	3	0	-6.73427139307875
chr13	18177561	46988898	0.498873718069728	1396	0.0955971142609681	0.857451742395871	59446	0.295395739780346	2	1	1	-6.81176107614862
chr13	47063943	86363901	0.421934977010553	853	0.115471346822453	0.746197719173171	33328	0.274546218239255	1	1	0	-6.85335952643151
chr13	86363949	114299210	0.355170311231647	1086	0.111101786128943	0.935888525934805	42694	0.333155679210823	3	3	0	-7.19168391976047
chr14	16098225	16099351	0.193916730913151	3	0.172152064563087	0.80284618695497	7	0.130529507702099	9	9	0	-6.75425791569141
chr14	18311908	106874951	0.366504630346437	2402	0.105897618389611	0.953775710786653	229042	0.321907434185447	3	3	0	-7.40818173227695
chr15	20190582	22912621	0.323338749626122	223	0.136578760158145	0.758676838275454	4170	0.271777122175399	1	1	0	-7.05021285235698
chr15	22914936	50576845	0.376942501242904	1904	0.103999532619508	0.855612252544666	80593	0.271456427931665	2	2	0	-6.84473642870327
chr15	50586312	86131643	0.412406939745805	2314	0.0972746333172864	1.05065775986285	122168	0.352877276414068	4	3	1	-7.11854756246525
chr15	86154365	101790153	0.498872581988939	1098	0.0900847865805122	0.923132545696551	34619	0.310970213747926	2	1	1	-7.00109089623612
chr16	11641	4950944	0.498892775275732	1285	0.0865320117726406	0.905448771847166	46057	0.253688908313329	2	1	1	-6.78716135524334
chr16	4952902	34064767	0.498863682644658	2395	0.10433977927551	1.03071291977459	111774	0.349994992604036	3	2	1	-7.14230656126231
chr16	34071624	36104316	0.303761491879942	80	0.118122468494741	0.807588056674885	1873	0.322310081386033	2	2	0	-6.99016084923059
chr16	46386441	90175110	0.37262021813189	2138	0.107627496475268	0.864316726219595	133091	0.285673130593555	2	2	0	-6.78001283812671
chr17	165265	20431085	0.498885817541758	2632	0.0987878549605582	0.964527785372406	112820	0.29803271419139	3	2	1	-7.00426026205248
chr17	20438820	22704557	0.37075401686256	512	0.116558490697851	1.00990665301174	6456	0.344645787897468	3	3	0	-6.82000962513166
chr17	24421438	27008756	0.347131046657779	34	0.147015150734387	0.954785097036843	323	0.592755228454335	3	3	0	-6.7491124301929
chr17	27025282	83135650	0.498925153200017	5645	0.0920352840439697	1.08923329031303	301339	0.349216626296562	4	2	2	-6.77197313669223
chr18	47858	15341512	0.370300872539366	600	0.110464559756327	0.908916521942978	32939	0.335490547236713	2	2	0	-6.84989758382777
chr18	20946254	80257347	0.388090821288805	1879	0.100716675353412	1.04807342436378	97866	0.373866408442977	4	3	1	-7.32368498014882
chr19	107381	24394239	0.498900816190256	5951	0.0934577508332151	1.12511596993622	232970	0.360933370653193	4	2	2	-6.77979649145117
chr19	27392054	57605855	0.498919230432212	5363	0.092690560916788	0.868917177735213	205195	0.266560140756485	2	1	1	-6.74479253690232
chr19	57650301	58574974	0.484607939697046	190	0.10512681922469	0.75892565776022	7656	0.209130359673988	1	1	0	-6.91834133338566
chr20	87623	26081461	0.478279966264395	1259	0.102209987265357	0.830106970433581	51223	0.290984910235691	2	1	1	-7.22848236814706
chr20	28559257	31244855	0.389343676400705	662	0.126077845992237	1.04995602341912	3715	0.394533319450821	4	3	1	-6.75952278676339
chr20	31248651	64322547	0.498900155660759	3056	0.0913383327897784	1.24276520466833	151677	0.431549934169246	5	3	2	-6.92943774922678
chr21	5032028	13035101	0.364847675478068	795	0.120435752064323	0.886457517620401	5693	0.320803579368325	2	2	0	-6.7422615605845
chr21	13255015	46697420	0.498894641955027	1925	0.0994667013746042	0.867579348958718	67141	0.289953689085972	2	1	1	-6.74955542897328
chr22	10684424	12801469	0.498757379651332	732	0.121108868479622	0.952885945824126	4019	0.341733447142043	2	1	1	-6.81152404381865
chr22	15541341	19603454	0.489119712648502	472	0.110149820419249	1.17244512351431	15966	0.419825459128712	4	2	2	-6.79108774944992
chr22	19633488	20430622	0.31348342363876	111	0.103781681169835	1.7448223722068	7534	0.525613477315245	10	8	2	-6.73512031771995
chr22	20437534	22856975	0.498856778811899	495	0.0864406732802178	1.35363315411393	16839	0.443058833079719	6	3	3	-6.73548110164259
chr22	22887738	26381829	0.36785473676134	493	0.104874011654713	0.950767555941878	16097	0.35464748823771	3	3	0	-6.84606883080401
chr22	26429808	34834819	0.378788870329276	676	0.102243007548647	0.818463066948248	30247	0.281174087018255	2	2	0	-7.00777954687386
chr22	34879532	38209060	0.402798161510118	490	0.0950738037215495	1.33043373790409	23733	0.430125866596187	6	4	2	-6.74206774394877
chr22	38211387	42499984	0.290443051542431	875	0.106150804320681	1.74767923555446	42245	0.671468969258106	10	8	2	-6.75346369829818
chr22	42500468	50808396	0.384323025113931	877	0.103077187158199	0.86483986100616	31631	0.279335668695755	2	2	0	-6.75299477928153
chrX	302004	57220895	0.498871400367014	2000	0.104702990300368	0.924026211048124	123629	0.320678309575684	2	1	1	-7.59193036560091
chrX	62901041	115467779	0.420188249321022	735	0.108252866375274	0.795837805830074	67208	0.269097319645316	1	1	0	-7.49659110965661
chrX	115487465	154396528	0.49885800352142	814	0.0982731579355829	0.884411238887574	66826	0.29274726266774	2	1	1	-6.76530954612598
chrX	154398308	155985886	0.376989051053426	119	0.0945383651885436	1.21062498751209	7086	0.339036682719402	5	4	1	-6.75316429865603
chrY	10934817	11722097	0.487378058157779	66	0.135737063286526	0.804285299824656	412	0.376517047643318	2	1	1	-6.76166972247514
chrY	56826657	56887102	0.48540045764391	214	0.130791504139892	0.915710404160939	684	0.28947108046556	2	1	1	-6.74139942064131
