chromosome	start.pos	end.pos	Bf	N.BAF	sd.BAF	depth.ratio	N.ratio	sd.ratio	CNt	A	B	LPP
chr1	69511	847601	0.120198825781039	9	0.188724078426092	2.59468915323723	284	3.13366419770435	9	8	1	-6.73538513645992
chr1	856883	1468636	0.00367093240550598	153	0.0203051984376251	0.46628136913094	4375	0.135478240320405	2	2	0	-6.84876061796492
chr1	1486536	1640502	0.288003203289085	17	0.162820746799157	0.4067413536927	867	0.125290069282441	2	1	1	-7.849974885026
chr1	1641275	13225986	0.00272358960069874	802	0.0207166771560696	0.423040456001207	26025	0.157800867590295	2	2	0	-10.5880107626845
chr1	13227417	13243105	0.498396079152404	11	0.135486731990459	0.342408444825513	67	0.226047407802878	2	1	1	-6.75941629197735
chr1	13243874	15690069	0.00323487335193784	131	0.0662675762479158	0.422153473830054	3476	0.17575652398731	2	2	0	-7.85767083654416
chr1	15727156	54854301	0.498907260351438	3084	0.0971291427971985	0.887800182376224	141307	0.337915161233862	4	2	2	-8.77044894980181
chr1	54855121	60750481	0.49881534288245	216	0.105496543717954	1.15528035285419	7733	0.467482979248186	4	2	2	-7.05230008932771
chr1	61088129	61586708	0.0362520079222949	10	0.162233336757756	0.847494014792318	403	0.478178829222205	3	3	0	-6.78228779619144
chr1	61595851	62381281	0.486138265231671	86	0.136504786625033	0.734592117006025	1969	0.302850086076837	4	2	2	-7.19231217326974
chr1	62400092	121530950	0.498904078508334	2100	0.0930749773312048	1.08380822489625	99485	0.422884543519029	4	2	2	-7.80057964834124
chr1	125065938	143231415	0.479364375684751	14	0.19297389221582	0.39353159090714	285	0.150508746596587	2	1	1	-13.7077878544787
chr1	143437064	146139360	0.498801688308506	117	0.119822199180476	1.65544839469704	6543	0.640017169655552	6	3	3	-6.77126070036624
chr1	146139478	146757826	0.0341957218528923	12	0.0730198706870364	1.21199441493433	646	0.553083863686799	5	5	0	-6.86297545132288
chr1	146771646	149250725	0.35349465603827	229	0.11391252485472	1.71358966623077	6692	0.724253822280986	6	4	2	-6.80153648784334
chr1	149475955	150308908	0.0359011048020679	59	0.0809152170815091	0.926967572643822	3016	0.34786399974154	4	4	0	-6.87259582425838
chr1	150318165	151529261	0.33855419780922	198	0.110651051771619	1.10087765837539	10691	0.3688198564654	5	3	2	-6.99768684084115
chr1	151535585	153483270	0.350568871390531	188	0.109062112718112	1.66740933825069	11287	0.550221681197345	6	4	2	-6.79080762441942
chr1	153487405	156908005	0.336994911559188	602	0.102777278421925	1.25115677923736	33875	0.422038505653793	5	3	2	-6.9504462917484
chr1	156908643	157527370	0.328331672335637	113	0.086450453682128	1.57322250717086	2620	0.539729991478923	6	4	2	-6.73791964016921
chr1	157534328	158755932	0.0492644322258065	98	0.0369066195867982	1.19826068623996	4879	0.318972316842507	5	5	0	-7.66034467028247
chr1	158861556	164996124	0.498880593418286	559	0.10434919146286	1.91459578907369	28617	0.817055398175766	8	4	4	-6.74362548109326
chr1	165039014	166352787	0.0581850641319205	81	0.068869441699494	1.12279822516727	2085	0.458430608766259	5	5	0	-7.17632840917824
chr1	166352801	168495544	0.371028734240584	170	0.100910315555893	1.51834056018727	7179	0.56059468279415	6	4	2	-6.81620299816694
chr1	168523519	169114868	0.0627006331182803	25	0.0677994100269316	1.22737081251123	568	0.430795170553943	5	5	0	-7.20737552006258
chr1	169247207	176349569	0.333285380946812	430	0.106967851023057	1.70886603251107	21608	0.747181449906616	7	5	2	-6.85375918740075
chr1	176377376	177819987	0.0552810377522546	22	0.0442210112446316	1.21559134461063	1816	0.542637880743488	5	5	0	-7.55125885945779
chr1	177856268	184236500	0.337597720993922	582	0.108932630500274	1.58569363065185	23483	0.66231827673152	6	4	2	-6.76067575309269
chr1	184238266	188418810	0.498865033787794	283	0.123474678845772	2.26616276335122	13041	1.04267599097251	10	5	5	-6.75529009063448
chr1	188572863	189717621	0.0428322801331615	25	0.0518989402589301	1.36720674252102	469	0.681454439167873	5	5	0	-7.12799598747545
chr1	189798582	199836509	0.331916022117407	347	0.109224417510098	1.81428357445113	13770	0.861589526290368	7	5	2	-6.84899605235122
chr1	199909042	204906904	0.331342873924102	692	0.0980826527835544	1.39554691968204	27163	0.508304071896802	6	4	2	-6.7932929803172
chr1	204944143	206124163	0.499226428901846	122	0.0699684819786521	0.953894775633904	5351	0.306108861626571	4	2	2	-6.74995651738049
chr1	206393536	206482075	0.00252127348326248	14	0.00320713490294909	0.526287733301496	365	0.137286895168939	2	2	0	-7.0900205594706
chr1	206492563	208889662	0.498940850726896	137	0.0841662829262586	1.08502855497179	6445	0.381258019308661	4	2	2	-6.79815944188167
chr1	208944461	213007021	0.0963849960425591	145	0.0804091953530068	0.55621588477659	5592	0.201951107005999	2	2	0	-8.10154827959881
chr1	213144453	214738964	0.183199743327827	58	0.0909395869214804	1.09757803861123	2691	0.414690301813934	5	4	1	-6.84619650783775
chr1	214780806	216325650	0.112208528884189	35	0.0575435092967476	0.664505748587959	1745	0.199716246848566	3	3	0	-8.75269776601294
chr1	216418661	222664874	0.498812703629728	269	0.0976704251907603	1.07201711540655	8613	0.500457145241736	4	2	2	-6.80443649699162
chr1	222712777	224560691	0.110426002264257	111	0.0772187613260994	0.510661880408116	3191	0.186423698886603	2	2	0	-7.77572359608233
chr1	224574465	228653610	0.498863418025027	320	0.104649762006838	0.977139378297695	13591	0.324585306549178	4	2	2	-6.74559811065779
chr1	228828639	241210312	0.102965658194872	582	0.0922146976571861	0.534138336664629	17067	0.20596040897721	2	2	0	-8.07977299721493
chr1	241548722	242254631	0.492458145914827	72	0.0966710052450375	0.919980828806411	1957	0.325040828400939	4	2	2	-6.7644976285697
chr1	242274479	243958048	0.349056685041611	92	0.114463534023365	1.46144383994212	3249	0.666592855479048	6	4	2	-6.74588209863048
chr1	243994112	248936648	0.49893886257618	406	0.0964743296955966	1.01779501042012	13030	0.395038323594345	4	2	2	-6.73894691402231
chr2	576262	23711663	0.498874653278854	879	0.0958421473879277	1.03091353493002	29204	0.422672565868241	4	2	2	-6.80385596194425
chr2	23754507	28939888	0.498875186220361	410	0.0845785923913014	0.866941552507709	22653	0.310014581131457	4	2	2	-7.3303663242444
chr2	28946746	37255742	0.498857076514398	463	0.094934288606767	0.986937791257656	15898	0.400392142874657	4	2	2	-6.7385637703309
chr2	37277962	37481936	0.00748814631426908	18	0.0226738742865748	0.529075100986302	263	0.167272266082855	2	2	0	-6.81166290636818
chr2	37664130	92005066	0.498900628670427	2326	0.102999347520015	0.98701779022724	91998	0.411233692143544	4	2	2	-6.7663021700105
chr2	94190317	95939051	0.498681449393914	51	0.104253886935579	1.00984687144049	3337	0.310852194203043	4	2	2	-6.73414849073726
chr2	95939110	95954090	0.189973476863897	60	0.126495041326631	0.788756753452049	203	0.298491668566281	5	4	1	-6.75811653278072
chr2	96106976	97149219	0.499227528079883	64	0.0746931138721679	0.870178165273974	6107	0.246802605044052	4	2	2	-6.92557131123933
chr2	97151732	97164316	0.49816233117297	28	0.173008440935466	0.978635495659842	138	0.303663692610908	4	2	2	-6.73313593331062
chr2	97164367	136807752	0.49889063242147	1660	0.097433658757007	0.982520032859606	64191	0.390400246992727	4	2	2	-6.78175394449623
chr2	136864822	196343807	0.498906543152605	1924	0.0849700766522355	1.15068968237223	95210	0.422490557220901	5	3	2	-8.58303690278318
chr2	196379401	208256465	0.342473226557508	704	0.10728205964048	1.41491048757453	36720	0.671913149978651	6	4	2	-6.79090418226455
chr2	208261791	218060849	0.349660502679662	586	0.111583053142523	1.59130143370602	20378	0.703321273343811	6	4	2	-6.78693272009738
chr2	218062136	219637693	0.352565007898497	307	0.0852648205872244	1.32195183595569	17900	0.36927434041194	6	4	2	-6.87224543540195
chr2	219640699	232334536	0.00287089827574338	426	0.00825450459901076	0.488906925796123	13314	0.194973682955932	2	2	0	-6.90474341613098
chr2	232334636	232381292	0.00998840580015314	15	0.12963623097326	0.45498864605379	222	0.153771016179316	2	2	0	-6.7471273882827
chr2	232386656	242183177	0.00111233043418696	658	0.0188742615901874	0.488367898352349	20097	0.162003351010851	2	2	0	-6.85764873265899
chr3	38293	2239016	0.366062560168895	134	0.11324849110877	1.64947605818991	2428	0.770323878990901	6	4	2	-6.80270321663414
chr3	2353861	9324912	0.251823434844659	576	0.111724018097304	2.16702534060849	16395	1.14396180169528	8	6	2	-6.75363424982993
chr3	9354346	17348019	0.246762489724625	1094	0.105323317071627	1.88003396927932	42467	0.916733370521229	8	6	2	-6.75541947034911
chr3	17371910	29309611	0.333912766252456	387	0.11173201327116	1.63359828507648	16132	0.841646040755082	6	4	2	-6.8056078662444
chr3	29346615	34279406	0.498797784024401	272	0.0957604580283163	1.00669928229213	8933	0.422100880321062	4	2	2	-6.73384438672573
chr3	34608830	35505056	0.361519746244344	24	0.121446684192897	1.8622916444405	526	0.937914168218766	8	5	3	-6.743530337255
chr3	35715286	46940839	0.498886933317082	623	0.0889548016330381	1.01742360300866	30862	0.364413470038718	4	2	2	-6.74805799368271
chr3	46941247	49394988	0.498860224214336	252	0.0935650827704601	0.831730317344593	18505	0.246002108381127	4	2	2	-7.46327772175037
chr3	49399151	50387746	0.335726420470454	104	0.095134356761609	1.29999666480459	12068	0.447080170331894	6	4	2	-6.7936504282449
chr3	50393979	59927542	0.49887307560518	502	0.0824284696734258	0.92882116942016	29840	0.332497396220771	4	2	2	-7.00340162002398
chr3	59928719	75665035	0.49883936430965	604	0.0953911172829995	1.09002415896306	19558	0.441847750507956	4	2	2	-7.07183869819667
chr3	75665051	75772805	0.157965839601681	146	0.153103600603362	0.766506951976886	578	0.352636608184531	5	4	1	-6.89980490733465
chr3	75783425	90507212	0.498807536811885	270	0.0957439294552758	1.18628903431032	9071	0.521349673109157	5	3	2	-7.4002911900002
chr3	91445573	93844766	0.498069934960041	9	0.197825329801598	0.320756581035885	107	0.407475738562669	2	1	1	-8.08585785378379
chr3	93844768	129936385	0.498899628078246	1425	0.0858348520206533	1.05925493062403	66817	0.395863961146116	4	2	2	-7.15802075880754
chr3	129948662	130089850	0.498123037369022	14	0.165128721019375	0.962268556149361	248	0.384693380070042	4	2	2	-6.73395799458131
chr3	130090026	181745850	0.498900818228317	1935	0.0877501781147415	1.10385416195989	76744	0.449415757919295	4	2	2	-7.94641747328798
chr3	181800194	187131243	0.49886013552161	432	0.0900773318084141	0.909209189081681	17889	0.356509220505526	4	2	2	-6.95327950302836
chr3	187133300	195166972	0.498842882423843	383	0.108511886671587	1.11448837754358	11305	0.439536433517269	4	2	2	-7.01234363813058
chr3	195167317	198150609	0.498769637224006	459	0.125428105938051	0.816446387060236	11264	0.300602692606282	4	2	2	-7.45438300676726
chr4	13970	9723544	0.49887772563876	977	0.0950595771523468	0.901437460952929	29890	0.307690720921184	4	2	2	-7.33272683727069
chr4	9735127	38909974	0.498861421259232	868	0.0901261497778502	1.08929036252538	30082	0.477879044657998	4	2	2	-7.24613166125917
chr4	38913699	41014467	0.00011444142847139	151	0.0896320829110633	0.749067176950838	6317	0.286814468718227	3	3	0	-6.73305809515541
chr4	41016954	48849920	0.498866266110903	305	0.0946374813108023	1.07077934752093	11199	0.433322262726026	4	2	2	-6.84764259485442
chr4	48851702	49711665	0.147944524509909	56	0.155683007105139	0.871897210718211	893	0.48464726870182	4	3	1	-7.02143588832841
chr4	52076798	54691818	0.47047601416512	85	0.0938977287978221	1.044462407133	3563	0.480776988620667	4	2	2	-6.80453359229939
chr4	54723492	55376000	0.211834127981494	58	0.130215509626805	2.60264046512867	2151	1.10912605492881	10	8	2	-6.73849407610927
chr4	55416135	58507284	0.499008593691199	152	0.0793891037398122	0.878064291209662	5518	0.355243237771523	4	2	2	-6.9722021224703
chr4	58749450	77028892	0.00137799740149269	511	0.0414229125935469	0.549260232697459	16440	0.197786998166192	2	2	0	-8.53597668696916
chr4	77048161	77308409	0.497739120675391	9	0.16547742377067	0.978759468711421	452	0.558268271143882	4	2	2	-6.73337464616758
chr4	77308517	189984205	0.000521004425179911	2520	0.0276004463031033	0.541983704244669	89968	0.209209470184677	2	2	0	-11.1364598474158
chr4	189984440	190179679	0.367682460597636	20	0.141158095392141	0.90013160533632	220	0.470114413354702	3	2	1	-6.78592702125521
chr5	36595	1285860	0.186377625303836	297	0.0832273414121847	2.46618572751077	10680	1.08152921248027	11	9	2	-6.74243660026503
chr5	1292868	3755352	0.279541352727191	164	0.106012824641541	1.75950436173998	4473	0.802696247826505	7	5	2	-6.73512833892463
chr5	3818050	4975561	0.446700255626412	29	0.0698406701845183	1.21042067806171	577	0.583432301896835	5	3	2	-6.99209940591434
chr5	4975605	7724653	0.24345111836894	160	0.107911153182292	2.3334232082271	6380	1.25616240937175	9	7	2	-6.75753901841716
chr5	7757592	10125898	0.498656137643436	74	0.170550048243741	1.16289913987403	2073	0.620471518473529	4	2	2	-6.81587573274565
chr5	10211796	15673092	0.00285579996782914	161	0.0373805468058335	0.525594999560798	4856	0.19220354330603	2	2	0	-6.9490676127121
chr5	15927818	20305592	0.219389095084765	384	0.11157537531477	2.25762380631098	9776	1.29048264090202	9	7	2	-6.73343362548467
chr5	20423639	28501748	0.187853389113505	433	0.110991138928397	3.05994094379471	13038	2.29252794653708	11	9	2	-6.74528461861195
chr5	28773111	32987167	0.453134942202825	189	0.0901580035740899	0.922114565606882	5714	0.42055247979447	4	2	2	-6.9836823577007
chr5	33062083	35860966	0.163440218037201	441	0.0894327404760579	3.31326883265652	13778	1.74423707399138	12	10	2	-6.73924081598082
chr5	35873503	35965509	0.480652648782184	13	0.042743420546325	1.19117250227148	326	0.311601919905686	4	2	2	-6.87083817439703
chr5	35967898	36301272	0.174339585647148	47	0.111351544724303	3.50115483126514	2716	1.47632992432681	17	14	3	-6.73669856375012
chr5	36348653	38985167	0.323926801598096	162	0.100134718701486	1.45341716385141	7622	0.618293967415998	6	4	2	-6.74245946556697
chr5	38994132	40320162	0.144685102909216	146	0.0990515115316414	3.71390348868693	4452	2.6302076141145	14	12	2	-6.73363747306017
chr5	40323316	41160209	0.49910652105061	43	0.0905397130856161	1.00220722812871	2214	0.522522844433794	4	2	2	-6.73309635930575
chr5	41320792	42565725	0.00893523432516752	29	0.0156379133830371	0.600757409963994	812	0.212102413201346	2	2	0	-7.43541229180749
chr5	42627926	46206799	0.49878592793271	107	0.105799415457063	1.09896418634954	3949	0.460518052885546	4	2	2	-6.82177703984608
chr5	49602118	70219446	0.00309833810035653	429	0.00860944677014698	0.524126018812218	16249	0.209854038721434	2	2	0	-7.37443942297387
chr5	70219739	71207763	0.143172626746445	13	0.167593525362974	0.548353024151948	222	0.636152578453992	2	2	0	-7.15419110216286
chr5	71396636	138578193	-0.000737927753006018	1439	0.0267640263177786	0.526613592074857	59068	0.209674458176304	2	2	0	-8.52835022487353
chr5	138627112	170895915	0.498908744327688	1508	0.0863509028217632	1.01702561416059	67902	0.382845211897209	4	2	2	-6.77013347829871
chr5	171105101	181281814	0.49884629106812	923	0.100833058377547	0.894176975106103	31833	0.335486865296016	4	2	2	-7.34588374988728
chr6	203845	356417	0.498453483531054	26	0.158788805069453	0.48916807161746	301	0.162747798286724	2	1	1	-6.73475812640776
chr6	367352	2796389	0.00352980858974095	89	0.00451204267614327	0.563156105574087	2030	0.217785921233422	2	2	0	-7.48485099636789
chr6	2834031	3085243	0.212874843006105	16	0.0833244411922456	0.967922915829871	741	0.304629663813277	4	3	1	-6.8515703796347
chr6	3113038	3177634	0.0015984106569531	12	0	0.528052480079181	247	0.208387157393267	1	1	0	-Inf
chr6	3213023	7264091	0.00142284856497921	215	0.105259006783362	1.04337419980691	6409	0.409210824370813	4	4	0	-6.75908173152179
chr6	7269315	7346505	0.000679443956714598	11	0	0.516838292098527	294	0.36903504864223	1	1	0	-Inf
chr6	7373016	8538532	0.341928208293537	120	0.102741965547647	1.53724447162752	4450	0.630406412812616	6	4	2	-6.73827603432561
chr6	8538544	10969462	0.256473785751776	227	0.107920325315097	1.9453995431294	7153	1.06439933170431	8	6	2	-6.73618080009767
chr6	10975270	16912647	0.200612103831338	755	0.102092880244082	2.69838056129126	24090	1.55607976517899	10	8	2	-6.74159711846715
chr6	17018570	21863668	0.498726146604546	262	0.120145304151103	1.10322914627155	9100	0.49540283610643	4	2	2	-6.84508648893452
chr6	21878797	23972860	0.408166558722412	56	0.0840517292018325	1.66071180759072	1831	0.845149124951722	7	4	3	-6.77302145758972
chr6	23976824	26032190	0.0034674354913492	152	0.0113109277290908	0.513987661450205	4065	0.181135872779147	2	2	0	-6.81718051747596
chr6	26093008	29836701	0.461954171901422	395	0.0950513042189375	0.903602095563844	12276	0.275360801585192	4	2	2	-7.11807510788902
chr6	29871604	29939049	0.134014712565082	33	0.121369793993149	1.09070037666389	300	0.424790150815264	7	6	1	-6.78594802338361
chr6	29940267	30909983	0.498920647713123	252	0.0957118004795001	0.87833496654935	6302	0.281998954406597	4	2	2	-6.85394490763353
chr6	30910802	31228051	0.344885695158491	159	0.0974859770596286	1.15466388595767	4119	0.284748886855697	6	4	2	-6.8981207086424
chr6	31232204	31357653	0.283244431414861	69	0.124601821057084	1.42525117337211	693	0.366120856257807	7	5	2	-6.75685361258286
chr6	31366487	32473619	0.373892040575727	497	0.0888418146982514	1.18274542390251	15186	0.325659567969941	5	3	2	-6.8035641880896
chr6	32485610	32607104	0.202442821252873	45	0.157370315376237	0.96948996744524	199	0.507831897961299	5	4	1	-6.75138684994435
chr6	32618701	33185751	0.498760835848416	261	0.101923081438478	1.41726198463367	4358	0.407971053485842	6	3	3	-6.73971325253166
chr6	33198257	41569606	0.382030776667697	742	0.100867063317601	1.21746623555349	34704	0.470509044165892	5	3	2	-6.76785977656588
chr6	41590207	43072240	0.498764890199472	137	0.105981160274788	0.736885937465999	6952	0.254870249154063	4	2	2	-7.7969470345392
chr6	43226317	43411463	0.230534749359654	21	0.116831278427687	1.98733200446531	2318	0.847662011625321	9	7	2	-6.7384506231339
chr6	43431673	43747400	0.496375374962499	43	0.104952106358159	0.828292938212583	2702	0.518431375386392	4	2	2	-6.75868027050402
chr6	43770613	43963401	0.178460618714373	25	0.112435655673219	2.63689227672602	610	1.41044212705963	11	9	2	-6.73366774227786
chr6	43969164	44450183	0.498697021071718	63	0.115802292805217	1.13188168433831	3370	0.873684750119327	4	2	2	-6.73889394863643
chr6	44469418	45142472	0.217060124632911	35	0.116790101169116	2.95312675834065	1332	2.1444399143627	14	11	3	-6.73590483890153
chr6	45143125	48952215	0.374903600105709	141	0.105950965508572	1.59658804016356	7469	0.846831384585399	6	4	2	-6.83634986526054
chr6	49022849	50570899	0.218206409697582	79	0.123420705562341	2.68810130195599	3573	1.8957598867079	9	7	2	-6.7418251070387
chr6	50668895	58380586	0.364323543834852	346	0.0992041121964505	1.62676422755412	19743	0.679954577908216	6	4	2	-6.8560267814286
chr6	60272666	60964215	0.0787199785163662	76	0.0596848022031998	6.0538932921555	2378	4.27134242835309	13	12	1	-6.74235819701547
chr6	61077116	67220254	0.170570620486103	237	0.121218733135445	2.74610314072425	8079	2.13887949596707	11	9	2	-6.73819281191813
chr6	67621378	167297930	0.00156322907054987	2610	0.0221874612549238	0.54510533765443	94629	0.211625645177309	2	2	0	-11.12127511707
chr6	167298057	167376127	0.293625046081471	9	0.0967923034130297	0.518298923183585	264	0.117141526979171	3	2	1	-7.26581404920595
chr6	167382936	170737131	0.00191049876438953	132	0.0306958168389236	0.545541679493669	3865	0.179330254174001	2	2	0	-7.17588561660268
chr7	50354	4787699	0.498863846489454	493	0.102751085679286	0.848007918844152	13868	0.297772495498343	4	2	2	-7.49880783907033
chr7	4787849	6888763	0.498794699121083	254	0.10557888755332	0.700526916529041	9331	0.252922410433321	3	2	1	-8.02242689826239
chr7	6896650	43671720	0.498897821732979	1620	0.0928424933261525	1.0880352061012	54141	0.42234824872764	4	2	2	-7.50374884624639
chr7	43696302	45657698	0.498815028272194	160	0.100923658800404	0.885679787920696	7789	0.311303260259808	4	2	2	-6.90720683474155
chr7	45664236	55599006	0.489876032572204	409	0.0814866346326778	1.10201961250794	12706	0.423003584017372	4	2	2	-7.0407114847591
chr7	55605490	56016896	0.499027572083201	48	0.0833201097664265	0.68364423722632	1358	0.264891851817372	2	1	1	-7.05883793380926
chr7	56019772	56021328	0.010937360824584	11	0.0391289244328633	0.396869072305884	29	0.122762937877261	2	2	0	-6.78285292627119
chr7	56102754	58100284	0.445820221056886	78	0.139592239540719	0.814729549580756	2517	0.330565057589297	3	2	1	-7.17341388901204
chr7	60958088	65781120	0.498711312285771	247	0.137374645139791	0.818177618897313	5763	0.314357563236359	3	2	1	-7.7100378617116
chr7	65783450	65822270	0.498434361932624	91	0.151392697042984	0.571891019598982	243	0.266965371106052	2	1	1	-6.73897806299542
chr7	65853042	77004716	0.498835412899489	683	0.111604597753699	0.717540097075723	24639	0.328374369144317	3	2	1	-7.94614343238124
chr7	77048943	97852500	0.496597829256633	659	0.0884656196164986	1.14397081018841	29683	0.447185865953838	4	2	2	-7.6912422378205
chr7	97854528	100952148	0.498833884651532	346	0.10147981561934	0.777405491565304	18612	0.259343363586804	3	2	1	-8.04785203535914
chr7	100952233	100959720	0.106875071774763	55	0.135130456981542	0.571455086949298	413	0.187732848999276	7	6	1	-6.93084953732127
chr7	100959783	101204238	0.498619115367598	114	0.142807812872692	0.672274877561994	3596	0.150455814009279	2	1	1	-7.25290122644156
chr7	101206523	104469958	0.498808971144121	272	0.104269660709924	0.861637106469415	9131	0.340061282559161	4	2	2	-7.08732742476615
chr7	104476703	104764461	0.0451833100534289	9	0.161281586053709	0.728625940341675	170	0.421382846437585	3	3	0	-6.78057287340033
chr7	104902547	105872249	0.497246555797097	39	0.0719818915599653	0.826079590284889	2962	0.309990119205045	4	2	2	-6.94737417972302
chr7	105872926	128231972	0.498886541037787	614	0.0846496405631777	1.12966510344	28621	0.426705240292322	4	2	2	-7.66555084871489
chr7	128254354	138088091	0.498881818088486	517	0.0957040681678567	0.968066544894092	22451	0.384807392978675	4	2	2	-6.775026437206
chr7	138088545	141124135	0.498830633206858	237	0.0971971607819787	0.819602202752762	9023	0.317172388008451	4	2	2	-7.37618493791623
chr7	141138753	142752462	0.498826361925919	209	0.119411090788247	1.10504781567769	6115	0.310661633531378	4	2	2	-6.83137429142954
chr7	142752700	142774520	0.0869423470490983	53	0.171439356129766	1.08952890780548	370	0.263191456054525	8	7	1	-6.83140436670229
chr7	142774654	152273771	0.498890578477472	696	0.095525435521412	0.97504755912042	25388	0.338999604313741	4	2	2	-6.76484209986156
chr7	152295782	152416481	0.133805428681116	76	0.164394093781302	0.66045494660399	438	0.35411733387671	5	4	1	-7.0551256641611
chr7	152442769	159234700	0.498852074510721	430	0.0946533891674269	0.928737294203997	10796	0.358893313963724	4	2	2	-6.90164851929357
chr8	232794	12185296	0.00204260080079449	823	0.0597607905861512	1.00298197968428	16292	0.412367572256421	4	4	0	-6.73408158794456
chr8	12185371	12588269	0.498515147943668	40	0.16663120456065	1.03697735825779	425	0.427485394769691	4	2	2	-6.73481203458663
chr8	12595674	43438973	0.000880486280329218	1658	0.02193584475761	0.949751086167231	60698	0.390423693074064	4	4	0	-7.04153135049079
chr8	46033949	58220305	0.000254184851309347	316	0.00540215820213627	1.00433692082518	14980	0.44996392516177	4	4	0	-6.73500542257037
chr8	58230114	85231345	0.00157664202437569	1205	0.0100749324462076	1.61572075699147	46269	0.766049898296438	6	6	0	-6.89604885420911
chr8	85262094	85741067	0.0111113236059426	16	0.157454318772144	1.56192092015318	869	0.632155097097071	6	6	0	-6.73718732153714
chr8	85922612	95566372	0.00175707318997476	382	0.0127550456211546	1.58053642938802	18910	0.765153473215036	6	6	0	-6.77121102190843
chr8	95671656	95762976	0.136551305186967	9	0.156136514342773	5.44674890282998	231	3.89482673363968	15	13	2	-6.73378751925003
chr8	96081858	98822758	0.00497303204474198	167	0.0230266702957718	1.45517883885623	6476	0.68679925158542	6	6	0	-6.76411182782959
chr8	99007876	99211963	0.0949587619755464	14	0.129159242372003	4.40277571606222	1465	2.56418047760019	20	18	2	-6.73424541170433
chr8	99824044	136281940	0.00126331745721231	1835	0.0181561991218555	1.62126624744649	69495	0.755004385730031	7	7	0	-6.95250706950723
chr8	136287765	136470243	0.497769993976995	9	0.220301182727445	2.15150646111986	113	0.859587240530848	8	4	4	-6.73387919105774
chr8	136484103	140327988	0.000765711977411321	231	0.00647113209078752	1.63478445114503	5750	0.806473194507197	7	7	0	-6.75786577835227
chr8	140329893	144512433	0.00333572175300367	641	0.0163847278508759	1.40551787758521	27359	0.444931636642957	6	6	0	-6.81112837338603
chr8	144513800	144524688	0.0049182556596612	9	0.158505520408596	1.54328047844191	492	0.252044385367842	6	6	0	-6.73369001063634
chr8	144527516	144761848	0.00366146251686938	38	0.0077866282142766	1.27135296316933	1124	0.490767693680766	5	5	0	-6.86301226702016
chr8	144765998	144782530	0.0372732846702725	9	0.117008665396106	1.11886015114646	234	0.352064637174428	5	5	0	-6.79428967763825
chr8	144783151	145066250	0.00136286970898652	79	0.00288174367497251	1.43853019965259	2135	0.573892041556588	6	6	0	-6.8652206045002
chr9	214427	39028359	0.000907318182470196	1184	0.00949271197956439	0.503104256704748	39588	0.195871492552734	2	2	0	-6.76098464100443
chr9	39033140	43242683	0.284827072842674	299	0.167771792228888	0.566753850130448	2574	0.254004278113306	2	1	1	-8.1447689753402
chr9	61173426	66826972	0.498479457987741	131	0.1806503560612	0.559531871378968	1493	0.30279810879315	2	1	1	-7.16745843783722
chr9	66908658	123366487	0.00191561406109786	1683	0.0303569563743604	0.499930660119847	65550	0.189909699561777	2	2	0	-6.73546818611263
chr9	123373022	138120899	0.00289238965201344	1296	0.0468002901702239	0.436002126966055	45791	0.152000040861549	2	2	0	-10.4048979563556
chr9	138141483	138177317	0.498281938304002	19	0.168918091504217	0.588475770959287	99	0.370708682989467	2	1	1	-6.73723729322906
chr10	47485	38638124	0.00039663253738198	1340	0.0391557276396309	0.470052780480768	40662	0.190324161128305	2	2	0	-8.52173670451129
chr10	38646448	39131435	0.498222172945832	30	0.194309339817287	0.517452743849355	139	0.184502472448728	2	1	1	-6.74307193018489
chr10	41860304	42280334	0.261109205566651	15	0.145306015344301	0.387084725406922	79	0.177055105049115	2	1	1	-8.5150967638605
chr10	42283185	54237050	0.000718174045894748	435	0.0972453282650569	0.522275139395007	13631	0.210683567037481	2	2	0	-7.02414433907595
chr10	54389672	68493356	9.66166500053767e-05	436	0.000882519735782228	1.09249020655984	16400	0.552693836574499	4	4	0	-6.9490888239374
chr10	68524075	68721632	0.497588280648475	9	0.147428325335097	0.639977939938593	710	0.275901452598061	2	1	1	-6.82651946815751
chr10	68721790	68860176	0.00201723472078708	13	0	0.584219996774157	538	0.230447898486652	1	1	0	-Inf
chr10	68860935	68974833	0.0207335954158043	9	0.088706131568104	0.700896734211186	613	0.27147081408332	3	3	0	-6.76989103839487
chr10	68989028	91673239	6.73243018088909e-05	1159	0.0103543805567431	0.973056196336137	45733	0.387520428670915	4	4	0	-6.80036754417222
chr10	91683317	103470575	0.000935604794642886	720	0.0122367665741057	0.90205928890102	41050	0.320378485739012	4	4	0	-7.39263322802464
chr10	103473353	125860018	0.000139706133497675	1060	0.0161447856072388	1.01042550444843	41213	0.393922213846447	4	4	0	-6.7422065056134
chr10	125888830	125918096	0.17385548108532	14	0.134934273784529	0.770588552068716	101	0.341691867443795	5	4	1	-6.79047389150413
chr10	125918286	133129328	-0.000602027738538458	360	0.0225030105623706	1.01522564274436	11080	0.364697705666281	4	4	0	-6.74078732686851
chr10	133129581	133689420	0.00148921060795892	128	0.0824802466061816	0.906932111836339	3250	0.270712397503311	4	4	0	-6.77673113481183
chr11	197557	1011490	0.00153458459681666	205	0.059378191550056	0.440913827027096	5749	0.132253822034543	2	2	0	-7.14594320055191
chr11	1016665	1018355	0.269761280478853	32	0.109060425504811	0.350116968940639	106	0.0750805258032779	4	3	1	-6.94455404899201
chr11	1018374	9074946	0.00228274552949248	874	0.058430724479274	0.508859614206898	23175	0.147859554465802	2	2	0	-6.80069117884644
chr11	9100591	9910606	-0.0017570187270679	55	0	0.406118946249859	1879	0.162316359777586	1	1	0	-Inf
chr11	9915170	18225199	0.00200850111534406	349	0.0164448460366719	0.536806241982524	11080	0.185120640973157	2	2	0	-7.39706201946421
chr11	18245809	18269417	0.140878751625268	13	0.11075336424826	0.501719001404152	95	0.263702669444851	6	5	1	-7.00029884537791
chr11	18269516	30336477	0.00303636803001517	328	0.0385674751310948	0.54091472834986	9017	0.211767712386078	2	2	0	-7.59710849963626
chr11	30408553	32847236	-0.00164935368993241	110	0	1.12297685021094	3745	0.503164498745097	1	1	0	-Inf
chr11	32847298	50339481	0.00120223980044065	437	0.0263754497657452	0.47332796045463	21501	0.188062220790438	2	2	0	-7.51737074174686
chr11	54592419	55529942	0.497893523402467	11	0.200297914481041	0.866163832060068	772	0.43135661062754	4	2	2	-6.79494541408271
chr11	55572353	56644115	0.167533024903146	67	0.147361412175241	2.01913802533283	4529	1.44000039262271	7	6	1	-6.75613825896103
chr11	56646953	56740404	0.117096778546601	32	0.142451349929631	0.962821592895453	186	0.411676403787768	7	6	1	-6.86847073130692
chr11	56741143	56971613	0.499474799985959	12	0.058572410508082	1.10689951151261	209	0.337165954658624	4	2	2	-6.74557627580604
chr11	56989090	57784082	0.178977394129892	106	0.0979632295283421	2.71449225972127	8962	1.25998354283878	11	9	2	-6.73358570045609
chr11	57790422	58108970	0.0746648628208073	54	0.0591553551652255	3.96938593172702	2289	2.83859060837379	13	12	1	-6.73485133455562
chr11	58203296	58358832	0.499489296897194	17	0.0424335986467993	1.18979862610226	459	0.33693279032674	4	2	2	-6.75781475372814
chr11	58366265	58530202	0.140124202106334	35	0.0642008665089826	4.84256703129248	1087	2.52408950268126	14	12	2	-6.73574296237247
chr11	58564284	66120945	0.0032153136017315	639	0.0183566094380545	0.448169154650668	30698	0.145003548617126	2	2	0	-8.61684975910695
chr11	66125899	66640387	0.105981390309558	179	0.0649664399150396	3.92662807478114	14389	1.71072603218486	19	17	2	-6.73692671035696
chr11	66668975	67796770	0.252681476243119	178	0.092779080368791	1.74530879297288	13198	0.646905791310006	8	6	2	-6.76342444838048
chr11	67808067	68511361	0.162900200486721	148	0.0958227069897752	2.6662697523534	7096	1.57525982018154	12	10	2	-6.73632444775338
chr11	68521099	69166000	0.11269794183563	209	0.0760459201101743	3.62545543198164	7898	1.78363357376922	17	15	2	-6.73864446218348
chr11	69184229	72703144	0.225806425077142	599	0.101216591435982	2.04638970568408	20929	0.934134590740225	9	7	2	-6.75551487696731
chr11	72711823	74965749	0.276808967239783	227	0.101267033363844	1.69965787220415	12571	0.652483263645774	7	5	2	-6.74038840615098
chr11	74995838	75864261	0.133844098855736	196	0.0741013510689646	3.55214924255135	8355	1.9114798205951	15	13	2	-6.73347860909212
chr11	75865730	76907900	0.0883093183636396	206	0.0758125978196241	5.13883372665273	9239	3.09930341999948	20	18	2	-6.74731191361945
chr11	76917698	79596233	0.109574610069048	463	0.0706343372357861	4.09495804723013	23102	2.33906597428907	18	16	2	-6.73593085468644
chr11	79601468	80437554	0.0897262708786727	74	0.0722912997889501	5.87150939552178	1869	3.91216820062969	20	18	2	-6.74596851503366
chr11	80530581	86412425	0.00287758256517107	125	0.0230040305023889	0.534631952902105	4430	0.206203671664885	2	2	0	-7.09239553583529
chr11	86421341	87481068	0.143082939458517	136	0.0762185582876702	3.44680175669441	4404	1.98929119920326	14	12	2	-6.73307313824712
chr11	87487781	107428905	0.00161516735693806	428	0.0395926871824782	0.568035793896869	16393	0.203064311239692	2	2	0	-9.56795195808116
chr11	107433511	125612818	0.00157438506572671	851	0.0284861612203921	0.479370747789907	32039	0.170604371739332	2	2	0	-7.33813935769745
chr11	125613990	125661591	0.00516962692155409	9	0.110145358504115	0.419609599359591	206	0.115261126795746	2	2	0	-6.7997543103319
chr11	125746484	134383910	0.00235502106110991	260	0.00472714987555355	0.500408733913288	9023	0.18093288306839	2	2	0	-6.87845101145844
chr12	12233	9059915	0.498891117065954	928	0.0922595087546558	0.912316469130572	33145	0.322332538311128	4	2	2	-7.14448006148151
chr12	9060355	25804028	0.498891739572476	919	0.0918571521441688	1.08052033729347	31154	0.408975494108119	4	2	2	-7.07253179636675
chr12	25804106	25804438	0.0961771437911876	11	0.0695518119494708	0.775765270924575	19	0.0829031351913871	10	9	1	-6.77427626792798
chr12	25847603	31372541	0.498868877829823	332	0.0824442474880581	1.08894091762874	10564	0.400120784241426	4	2	2	-6.87951229168557
chr12	31409709	34276724	0.498830728386668	170	0.0993880096922573	0.827357878688363	5168	0.386716537965301	4	2	2	-7.12052795101026
chr12	37431985	48347436	0.498880311300253	490	0.0923056417172999	1.10572977938928	19794	0.410324907232391	4	2	2	-7.10172475185961
chr12	48394745	51394556	-3.2195371663768e-05	262	0.106737352916762	0.794744713219096	16141	0.270155907774331	3	3	0	-6.81446144584102
chr12	51403330	57922962	0.494540162005069	742	0.0885951935314409	0.916135377297714	41534	0.284676695539436	4	2	2	-7.08520102298361
chr12	57924023	108523541	0.492263302184096	1835	0.0911488937495182	1.03376737022079	77568	0.433584958128691	4	2	2	-6.9094337832822
chr12	108525389	123737249	0.498891294791135	1102	0.0924013755447643	0.781149530449619	53290	0.302114269852751	3	2	1	-8.38134810276564
chr12	123738140	133234117	0.498886315822029	676	0.0948315976172519	0.896289861942196	20911	0.349283587981934	4	2	2	-7.2472536566887
chr13	18177561	18212193	0.157087729930459	21	0.137583758039205	0.744940864882567	105	0.437450175708167	6	5	1	-6.78867845407374
chr13	18213154	41661046	0.498891548060158	1265	0.0920363295096955	1.00535646916869	44043	0.396203181283248	4	2	2	-6.73558561495364
chr13	42002840	88518638	0.00286074370533906	785	0.0433353478760261	0.549810114109523	27781	0.222490154223274	2	2	0	-9.70600853239161
chr13	89107379	114332365	0.498902316836876	1143	0.092899606154723	1.04185025888639	36870	0.416033730440096	4	2	2	-6.87597351071384
chr14	18330642	19680240	0.498477151699268	62	0.161134880649817	0.548071846472507	771	0.226016472669064	2	1	1	-6.86351800654297
chr14	19733881	106234934	0.00249759733053456	3469	0.0349457830850418	0.479052124200192	120592	0.184109294132844	2	2	0	-8.7225148594107
chr14	106334934	106762648	0.498525179746724	35	0.135793386059406	0.536870480298652	1380	0.135089798720334	2	1	1	-6.80327423953273
chr14	106823865	106875065	0.00108190323440083	16	0	0.689005465491966	158	0.216309914329717	1	1	0	-Inf
chr15	19932762	23440748	0.49869232760844	339	0.132886319428251	0.804592448204926	5304	0.335012972813815	4	2	2	-7.51036648682799
chr15	23441767	40480988	0.498879264578789	1031	0.0959871954537266	1.01273205613701	33915	0.381886970874767	4	2	2	-6.7441485345665
chr15	40491277	41506881	0.498824155139903	127	0.0993094655798519	0.723481901974253	5384	0.265219783741708	4	2	2	-7.52644621402783
chr15	41508883	46875437	0.498878202679077	455	0.0797217268983332	0.883028508681255	24317	0.291811311164564	4	2	2	-7.26844208686352
chr15	46923944	47257317	0.0610456762293217	9	0.144393559413154	1.23382177380583	179	0.61999351691723	5	5	0	-6.83848909550118
chr15	47294468	50242635	0.499112665977401	115	0.0747462710395973	1.19369690282325	6947	0.384000648831532	4	2	2	-7.08705565253661
chr15	50254477	50593779	0.498997978476384	30	0.0913107930068523	0.734655949497655	1219	0.306689551067568	4	2	2	-6.93226159418669
chr15	50607091	50731019	0.497834809441082	9	0.202758751009941	0.603089726322373	434	0.26502995571797	2	1	1	-6.7700327182705
chr15	50748601	56666830	0.478515617418386	336	0.0797656248270593	1.00090075073002	12076	0.399839312515548	4	2	2	-6.77625913663185
chr15	56700646	56992174	0.000679443956714487	11	0	0.551614646462383	172	0.233884098698109	1	1	0	-Inf
chr15	57072616	62686817	0.499002424470177	270	0.0855590377851237	1.00642565471328	11134	0.376771878595187	4	2	2	-6.73405670578299
chr15	62693068	62805632	0.000223222210228857	17	0	0.600417388681706	478	0.168900509704794	1	1	0	-Inf
chr15	62838918	75301734	0.498885172162146	834	0.0861736671579185	0.93738931602943	38918	0.355336657037937	4	2	2	-6.97167737747473
chr15	75356985	78544020	0.498743346267449	218	0.106884120404716	1.27546876517291	12547	0.5184770822308	6	3	3	-6.91474871313675
chr15	78544377	83460851	0.498840262034793	307	0.0945681351616164	1.02208138937328	12922	0.374542850954156	4	2	2	-6.74304985481205
chr15	83597912	84084997	0.497851841356983	11	0.20950964395247	0.816212581740667	816	0.411171656745572	4	2	2	-6.80361519222111
chr15	84390716	101876423	0.498894451019419	1167	0.0956269808443279	0.976399728229436	35646	0.380849890156622	4	2	2	-6.77440320864203
chr16	11641	1220780	0.499160812985578	355	0.0738901913138944	0.878938216429947	10419	0.253068442256088	4	2	2	-6.9162965001816
chr16	1227615	1313877	0.185551298474017	19	0.136288200825349	0.767709121939637	406	0.309624420613583	5	4	1	-6.86544519861405
chr16	1314364	9001997	0.498888849294799	873	0.0913047904049146	0.805548440233185	32404	0.268926599120764	3	2	1	-8.55740699399005
chr16	9002780	13245245	0.368456170131849	452	0.110485938531871	1.17242712493563	12350	0.545872325935992	5	3	2	-6.81650278092871
chr16	13383944	31915018	0.0025300139149334	791	0.0861396205402829	0.395510281197627	38445	0.151724330652085	2	2	0	-13.5975191472333
chr16	32052353	35174097	0.397773721678173	77	0.161853733028992	0.508609816971091	1603	0.20290472719232	2	1	1	-6.97639898698442
chr16	36853668	46401174	0.253851354281649	60	0.119608537571057	0.50803573520225	683	0.171045785880272	2	1	1	-8.62256992679767
chr16	46401251	55816796	0.000416682148264902	267	0.0127436099474147	0.488005484098314	10821	0.191959094927207	2	2	0	-6.82339793964108
chr16	55820347	55828805	0.0732027889413633	9	0.211673753162214	0.642778713514619	87	0.148658689760019	3	3	0	-6.80941022010973
chr16	55828808	81812339	0.00122712917109308	1279	0.0777864465380163	0.425154073727358	44605	0.17262764638156	2	2	0	-11.8964511831739
chr16	81829426	90044028	0.00249996374566958	724	0.034619370279441	0.444143107928472	16818	0.154605211926468	2	2	0	-8.76423551203143
chr16	90092111	90096004	0.49800198513188	10	0.183571239577446	0.539770161145921	55	0.0847358422567627	2	1	1	-6.73500116499438
chr17	132129	10337865	0.498893588064932	1413	0.0961375841634531	0.798670138161941	53936	0.258551178406393	3	2	1	-8.47107687798844
chr17	10338949	21290834	0.498877038851288	954	0.101745869987115	0.892829510490294	34496	0.324944474383345	4	2	2	-7.44308036897183
chr17	21290899	22715632	0.277891672805021	338	0.151869432018124	0.827476082840933	2123	0.351691857769117	3	2	1	-6.87788155365752
chr17	24421526	27000484	0.498050176536199	15	0.151242882555873	0.67478916017325	153	0.434401541107313	2	1	1	-7.3917576231953
chr17	27025086	30959837	0.498831428622918	242	0.0971373412249466	0.870254249619565	18130	0.294035755572785	4	2	2	-7.21952877595631
chr17	30971286	31411181	0.0272397709695831	11	0.14684370169426	0.45136072803621	991	0.244254586812852	2	2	0	-6.79966967244515
chr17	31418114	40329749	0.49666309357632	641	0.100821868540967	0.823927767365397	30040	0.314123399643693	4	2	2	-8.28679510881209
chr17	40351606	41591788	0.498917039491998	218	0.102024643090492	0.991441462753672	7400	0.279046394309222	4	2	2	-6.73381853871657
chr17	41598045	51831696	0.498886477480253	934	0.0941987652730845	0.823417895383728	49874	0.279817673742584	3	2	1	-8.79117704628732
chr17	52072363	58445816	0.498858094074496	236	0.0882590451544129	1.00262362280005	9941	0.392505492936663	4	2	2	-6.73328874055603
chr17	58462749	61069876	0.482193216054265	143	0.094583289853918	0.774978563460241	9280	0.298410146858324	4	2	2	-7.72219280366026
chr17	61147757	64139161	0.337025100209595	217	0.0973521592382323	1.29488994165214	16215	0.525717394499674	6	4	2	-6.87128179653598
chr17	64149692	68175451	0.499039724845504	341	0.0833411307489964	0.821736257793036	10956	0.351465618554291	4	2	2	-7.40611340522613
chr17	68182775	72935818	0.498802873698991	221	0.0918364200864703	1.05281711303698	7587	0.407608029521038	4	2	2	-6.77810093575147
chr17	72939188	81935118	0.498917591075248	1152	0.0843180234468033	0.841363332629629	46018	0.272302932117925	4	2	2	-8.368353166016
chr17	81936254	81946415	0.497773232303254	9	0.171182975529435	0.834053697322683	134	0.246662000105486	4	2	2	-6.73643218353987
chr17	81951661	83135705	0.494268758843307	207	0.0996419694077011	0.859204815779371	7501	0.256648085213479	4	2	2	-6.97391155989362
chr18	47554	2503542	0.322024830606514	217	0.129415724405894	1.35176182929445	5034	0.784184890919325	6	4	2	-6.76348814921115
chr18	2505738	3790446	0.196798328707778	338	0.105703949433387	2.20834153935927	8683	1.04332921156176	10	8	2	-6.74447339402244
chr18	3814148	7485434	0.336265348620615	242	0.0951060423321792	1.57731300164717	7193	0.700081038126539	6	4	2	-6.74488901382749
chr18	7517598	8069888	0.0114140342233044	13	0.0229623437560113	0.555502101590119	275	0.181210853365827	2	2	0	-6.98732901925849
chr18	8076327	15341512	0.341582527164307	604	0.106206264012646	1.45424829397318	20831	0.665056320346825	6	4	2	-6.74614530953633
chr18	20944392	26607933	0.3108783700682	315	0.10561951626549	1.33565889209267	16558	0.651112805807892	6	4	2	-6.8662285689001
chr18	26610327	43996285	0.32641454549182	589	0.114466676072839	1.67251654940592	25758	0.799241989202805	7	5	2	-6.84138312638037
chr18	44017888	67289360	0.332489817722016	1164	0.103298215972008	1.5069529530708	46684	0.686062568206502	6	4	2	-6.73367897633971
chr18	67371009	80261982	0.200058452585329	1029	0.105900816005343	2.61315603986688	31951	1.5048279007834	10	8	2	-6.73968788903258
chr19	282753	3434415	0.498891522402531	741	0.100488639617612	0.785867283336109	22597	0.255091206596714	4	2	2	-8.07272535571751
chr19	3447024	3550671	0.00156388983846278	27	0.00615840287135601	0.428707971985265	571	0.145183944317723	2	2	0	-6.84057457367479
chr19	3559987	15045116	0.498901538380731	2205	0.101376003876281	0.7067361695986	75767	0.23177507768499	3	2	1	-8.43862977905063
chr19	15053541	24163222	0.498890350917784	1412	0.0925992488196391	0.763350467959921	45226	0.255062822241217	3	2	1	-8.2416230874935
chr19	27646333	31934660	0.000304024647127935	117	0.0915672557971326	0.960240470431115	3972	0.424661221988514	4	4	0	-6.75653666074457
chr19	31946143	41390240	0.498883721633416	1112	0.0926462005461774	0.746184198350797	49194	0.244165137230842	3	2	1	-8.21713560267654
chr19	41391769	44494414	0.460593194932581	395	0.0841514246814088	0.85214578393822	17664	0.273688453498001	4	2	2	-7.43939315056894
chr19	44503024	51325233	0.498889765995091	1048	0.0998493851796693	0.718169209388308	45791	0.238817163663721	3	2	1	-8.18006024724748
chr19	51332587	51363787	0.0940106276310789	10	0.123138630097229	0.491076456769512	247	0.193018424445369	2	2	0	-7.06398491308952
chr19	51364954	53471581	0.49669030539522	521	0.0902623349530508	0.721696634461388	12222	0.231404283574173	3	2	1	-8.27946684022083
chr19	53476381	54091591	0.499045728579249	135	0.0873274547665154	0.553485658787113	3114	0.201471146219691	2	1	1	-6.82541861678239
chr19	54095957	54866553	0.496454912125234	440	0.124190844540467	0.747912474254353	7314	0.209765015924549	4	2	2	-7.51069794568456
chr19	54874490	55103303	0.498813788539524	92	0.116123660856032	0.631446818000997	1734	0.231085436454252	2	1	1	-6.86987364563258
chr19	55132755	58545676	0.498879678524179	625	0.0954797481547386	0.779006948801838	21051	0.251805157670108	3	2	1	-8.19128648428679
chr20	87623	6144118	0.498872950477998	638	0.0898538453156518	0.878290757603695	20008	0.310568794337762	4	2	2	-7.30947889098586
chr20	6201614	25773465	0.49887496581031	694	0.093312162341634	1.05355126838832	26643	0.426892527254207	4	2	2	-6.90295605157502
chr20	25773519	26208565	0.0164127602681514	42	0.189099313913742	0.930391149588828	426	0.325691152617205	4	4	0	-6.75036176507286
chr20	28559285	31061420	0.49863455031567	536	0.162263526051282	0.789554179247571	2564	0.355196599039126	3	2	1	-7.32998752310184
chr20	31064241	31074275	0.475350493821819	19	0.214064686621777	0.144423735423628	51	0.0638632914904955	2	1	1	-8.43511377473138
chr20	31285774	37213349	0.498858444207481	513	0.0865066705926054	0.797639087354959	26322	0.286675146241058	4	2	2	-8.39140841943474
chr20	37221478	53821533	0.498884030920527	955	0.0846448665730373	0.904183406299114	41669	0.349143829343495	4	2	2	-7.46623513804834
chr20	53896255	64208267	0.498891522402531	741	0.0859123423320418	0.95960319461615	26928	0.334506972303707	4	2	2	-6.8261170641509
chr20	64212162	64328010	0.0136203679211676	16	0.08025	0.597207602822933	308	0.298126197740451	2	2	0	-6.77482068856739
chr21	5218123	13113074	0.498687402929819	650	0.150192718015034	0.783088218855231	4225	0.393328481507538	3	2	1	-7.44049705674419
chr21	13238671	15579894	0.498762581255733	131	0.109801915279029	1.1561018083664	2846	0.470432934570762	4	2	2	-6.86360945525742
chr21	15590397	36102721	0.31334977941779	1138	0.116008822442067	1.52858431828156	39119	0.736274502987616	6	4	2	-6.75878117697367
chr21	36112128	36486659	0.350433334135236	106	0.0901041690258064	1.02342750234422	2561	0.384558387082613	3	2	1	-6.89781966750874
chr21	36488487	40883335	0.321030178477929	349	0.113558508393578	1.48227603194793	11052	0.627704834528881	6	4	2	-6.74102443149698
chr21	41120584	41922136	-5.84229293141836e-05	102	0.0163100658761304	0.978807044004871	2770	0.345977370237592	4	4	0	-6.73489636949328
chr21	42035848	46689753	0.325291132098216	586	0.0948143401590334	1.39361328307181	23820	0.465471489785903	6	4	2	-6.80646390848009
chr22	10663052	12705540	0.262355586056051	700	0.150938347796308	0.83488346675026	3423	0.456813989434621	4	3	1	-6.92263626848087
chr22	15551143	22080156	0.326758210565517	705	0.110297437293881	1.27079893130433	28837	0.470160632526577	5	3	2	-6.9913440099708
chr22	22086938	23057565	0.340851496578712	227	0.0931794197918076	1.55677259615692	5326	0.538416826423432	6	4	2	-6.73969067895304
chr22	23060241	50782420	0.328739464017614	3674	0.104299719656719	1.26855969132866	134128	0.500874973783353	5	3	2	-7.01498532257819
chrX	267760	3089439	0.00337125610518002	276	0.0820099678218105	0.348463440738993	4117	0.150385299421425	1	1	0	-10.6994001164174
chrX	3100884	57975897	0.00122798977025768	1077	0.0256282558740486	0.491892240488625	58698	0.197689828823039	2	2	0	-6.9539036431457
chrX	62883537	96514966	0.000669694706865009	372	0.0126799446885459	0.502735847578752	24277	0.19834059773372	2	2	0	-6.74942680031995
chrX	96515014	98049622	0.00511619587354006	9	0.220479275922049	0.467029212765533	257	0.319740519083862	2	2	0	-6.77508610195954
chrX	98529806	156004380	0.000297234996246842	1099	0.0601326760632134	0.520003591317969	59264	0.189392416049429	2	2	0	-7.93100185577156
chrY	11111654	11186020	0.33832437520487	9	0.154695220065492	0.917833062232275	23	0.259572192886985	3	2	1	-6.76051510143407
chrY	11293602	11381796	0.301324633749619	23	0.186025573064544	0.284363506132274	64	0.240935823780017	3	2	1	-7.50499071544878
chrY	56830389	56837147	0.0369565904069274	55	0.162165320724843	0.281675257516595	119	0.21619153400667	1	1	0	-6.76526298570883
chrY	56854777	56885614	0.290968826137077	99	0.139787109536534	0.705378780930698	306	0.297975788108597	3	2	1	-6.78842480009026
