chromosome	start.pos	end.pos	Bf	N.BAF	sd.BAF	depth.ratio	N.ratio	sd.ratio	CNt	A	B	LPP
chr1	76811	121568263	-0.000342472299584756	7599	0.00854032324710043	1.05411575099565	164499	0.351244059093498	4	4	0	-9.21966424785379
chr1	125094663	248916725	4.14492232614361e-05	5784	0.00851910279655093	0.876696924292101	115049	0.277225599449355	3	3	0	-7.18467401156456
chr2	45495	91987666	-0.000673765106553842	3249	0.00594736842105263	0.772499519197572	56917	0.309041553883361	3	3	0	-10.1208563559775
chr2	94190317	242183350	-0.00126777906404563	6677	0.0101421353392778	1.14974369543554	149784	0.352359825914521	4	4	0	-6.76722704739738
chr3	224829	90303816	0.000144007647284616	3047	0.0110022265726262	0.923711102247385	76334	0.343661080690435	3	3	0	-8.58035962104763
chr3	91374173	198119765	-0.00124245509493517	2242	0	0.673636069160346	51720	0.315596009451894	1	1	0	-Inf
chr4	46210	27476718	-0.0003320636642416	825	0.0158410666919685	0.732794643033009	16930	0.583378003210748	3	3	0	-7.73528424141189
chr4	27481918	32033820	-0.000583750105851155	208	0.0173343811320384	2.78684426915458	2939	1.77579566442802	10	10	0	-6.73425197130228
chr4	32224186	49709723	0.000474099075908341	842	0.0199917767035534	1.23073249278003	13475	0.507280280820499	4	4	0	-6.94856733474582
chr4	51838796	190179746	0.000972630849608969	4117	0	1.05230347388913	75556	0.392306410768192	1	1	0	-Inf
chr5	110429	46008888	0.000286333189315868	995	0	0.678745516550428	17700	0.276709091273078	1	1	0	-Inf
chr5	50190403	181281775	0.00118004644016903	2637	0	0.842139000797212	82693	0.287061654586159	1	1	0	-Inf
chr6	177697	57918189	-0.00135085966706233	3813	0.00832109452751401	0.985026813954366	78196	0.333689076459443	3	3	0	-10.0473447882777
chr6	60291702	170594710	0.00136604989387559	4162	0.00387515404043472	1.03780551558473	71342	0.332217620751649	4	4	0	-9.96158031613154
chr7	37981	58100446	-0.00179965112278696	3427	0.0139265687450854	1.26182732687278	57378	0.662582472952129	4	4	0	-7.43366816861664
chr7	61725388	159315787	0.000817563643051022	4917	0.00850924428298585	0.854635824861213	87819	0.260858784647781	3	3	0	-6.74646128214232
chr8	213476	43173910	0.002066108976851	1045	0	0.623300739624154	22356	0.250659081781727	1	1	0	-Inf
chr8	46893065	145055899	0.000655194533836501	3096	0.0112826943283202	0.968170671281769	60284	0.316933857944891	3	3	0	-10.8140418378639
chr9	117666	42975562	-0.00048158169844964	1057	0.00513663820353922	0.706828014764022	19297	0.351002095278629	3	3	0	-10.5722301137633
chr9	43115273	138177101	0.000455047051441504	3077	0	0.760804053087615	60843	0.430708245504915	1	1	0	-Inf
chr10	48005	39475690	0.00124899414037671	1108	0.0140296552857447	0.900971187123633	25268	0.336844788870649	3	3	0	-7.21423394355058
chr10	42245918	133660221	-0.000119260827515733	1943	0.00524053444175337	0.706686964999994	56953	0.386772950710335	3	3	0	-11.8791042124868
chr11	187629	50422372	0.000589793376797432	2829	0	1.05091723648083	59902	0.551886229012278	1	1	0	-Inf
chr11	54683428	134986843	-0.000678248858402258	5138	0.00398996405458375	1.75726244589808	137911	1.61381779899039	6	6	0	-6.76154513894271
chr12	12867	34672954	-0.000442471993413907	2288	0.00418121005003545	1.15139942584043	44694	0.352879967625891	4	4	0	-6.74873588160014
chr12	37540792	133262441	2.43573715801582e-05	5781	0.00850954054549196	1.19198053978093	138351	0.427971661830865	4	4	0	-7.24029683515849
chr13	18177561	114324544	0.00099833951755196	2394	0	0.595655091857323	32882	0.188801896852439	1	1	0	-Inf
chr14	16098225	16401976	0.0492179490131956	2	0	1.28118201159368	6	0.252356625961489	1	1	0	-Inf
chr14	18330620	106867797	0.00121707707551946	4541	0.00835024646580363	0.845012448529714	83298	0.261478156457567	3	3	0	-6.90174463413737
chr15	19858909	101819000	-0.00102326424887139	5083	0.00622763162305708	0.889459722405113	92584	0.288537050090309	3	3	0	-7.46197018515762
chr16	55444	36104247	0.00125018672049423	2634	0.011221646606659	0.89429610516085	61485	0.421997601237183	3	3	0	-6.95056509996396
chr16	46386441	90167920	0.0010762881578299	2010	0.0048290412079148	0.798987015360941	45836	0.407098447213562	3	3	0	-7.45977834278095
chr17	132094	25074459	-0.00181254686448351	1561	0	0.665252135558788	36171	0.248449696075343	1	1	0	-Inf
chr17	25389878	83194874	0.00116321025889937	4976	0.00692104900921359	0.937583618156813	106347	0.460884999399734	3	3	0	-7.8374653364236
chr18	47858	15371619	0.0012072365137667	1110	0	1.15287975543608	14872	0.399720050323859	1	1	0	-Inf
chr18	20979714	80186948	0.00159801384322139	2235	0	1.19999926033792	39783	0.442264667239622	1	1	0	-Inf
chr19	282753	24394204	-0.00122063142250564	3198	0.00505739416818165	0.740381398990891	73205	0.255876127473224	3	3	0	-9.61308675237686
chr19	27392149	58571468	-0.000726350786130869	4667	0.0111873986208487	0.843183004595362	97154	0.233770832032761	3	3	0	-6.82758932574076
chr20	96321	26168423	0.000898802150422984	927	0	1.01227603599908	20309	0.610461313102346	1	1	0	-Inf
chr20	28559767	30921131	-0.000280268374745485	454	0.0374340851784129	0.896499519526123	1675	0.427623697963155	3	3	0	-6.74856738086046
chr20	31058983	31074237	0.00165291279327395	20	0	0.243715216482387	62	0.13221639874578	1	1	0	-Inf
chr20	31248651	64328010	0.00132230563152902	2642	0.00583653169230722	1.12403355248008	59844	0.353815709386498	4	4	0	-6.80761687281796
chr21	5128482	10739816	0.000992254780306567	611	0	0.570928761698907	2403	0.258055642222032	1	1	0	-Inf
chr21	13010950	46658699	-0.000886846266771379	1734	0.016994393782388	0.849558289130095	25905	0.275774095269618	3	3	0	-6.75604362240161
chr22	10633680	12705518	0.00110991373146008	562	0.00497752957919325	0.724771014684158	1919	0.434610358912548	3	3	0	-6.9426310877105
chr22	15553080	50782510	0.000535600343814308	4050	0.00164991582276861	2.51195750398452	103005	1.99022634230811	9	9	0	-6.79854666188156
chrX	256771	58042596	-0.000409962282594989	2506	0.00799041724551242	1.12139193959757	53660	0.364749686045587	4	4	0	-6.82784890057818
chrX	62888861	155985470	0.00113475242952593	937	0	0.544210607103531	33644	0.162525220299209	1	1	0	-Inf
chrY	11293652	56885732	-0.000414182727506818	129	0.0110056363290703	0.460699666878008	359	0.27150630102436	2	2	0	-12.4599672773722
