chromosome	start.pos	end.pos	Bf	N.BAF	sd.BAF	depth.ratio	N.ratio	sd.ratio	CNt	A	B	LPP
chr1	133483	16482476	0.498895950420775	1159	0.0879861709213944	0.90997577190555	48621	0.335740456849238	4	2	2	-6.7333022865611
chr1	16491182	16938871	0.49864295727144	175	0.1287440780598	0.902639422312091	2234	0.529626445374868	4	2	2	-6.7331832714188
chr1	16943232	78015956	0.498914343753406	2848	0.0862138942746234	0.915072228963737	134505	0.34303942264226	4	2	2	-6.73849453764314
chr1	78493085	97828265	0.171188601536305	312	0.101373185736157	0.562437141369696	14584	0.203837400714851	2	2	0	-6.77834320181047
chr1	97898874	124514252	0.498888956021951	672	0.0874414876670988	0.915800551780188	33952	0.337419372118146	4	2	2	-6.73656148720698
chr1	125098033	143352020	0.178603142163168	28	0.130501895422996	0.853758217355076	742	0.522797400933915	4	4	0	-7.06122676995672
chr1	143766539	155688550	0.498857165892112	520	0.0910534184075774	0.957157199290051	37699	0.398853153862866	4	2	2	-6.8396951194587
chr1	155765221	156271910	0.278815981236818	72	0.0922103764287228	1.62136562741322	5200	0.701301231815451	8	6	2	-6.7333139631792
chr1	156298539	195094020	0.498904768033961	1257	0.0835804941601129	0.932631967873083	62668	0.360191706922901	4	2	2	-6.82787535168392
chr1	195874139	198949373	0.206524626792305	52	0.0871520467971645	0.585480460973488	2855	0.23077119726984	2	2	0	-6.8813332605672
chr1	199056422	248945592	0.498906085441435	2289	0.0911790445837303	0.917979412583785	91192	0.339513913368014	4	2	2	-6.74702257705073
chr2	212548	83264262	0.498907721316969	2145	0.0870268259899297	0.911474269273307	109347	0.350835051684511	4	2	2	-6.73314292044339
chr2	83309910	89818628	0.180176805752512	160	0.112149153127297	0.570636557889817	7968	0.196985921545113	2	2	0	-6.8034099914319
chr2	89828649	91987666	0.221648232635572	105	0.143653997724641	0.736985288601062	1781	0.392057116869517	3	3	0	-6.93757580399967
chr2	94190317	97167605	0.496211324257644	135	0.134828117756482	0.894254081351343	8284	0.316146346915793	4	2	2	-6.73985318896897
chr2	97167729	239367666	0.498927876428142	3820	0.0882270340111227	0.922888901377383	192002	0.343808001836098	4	2	2	-6.84663622741107
chr2	239374692	242183450	0.357398384250498	294	0.106363799052278	1.22118120743379	10478	0.463672436437744	6	4	2	-6.74386860249504
chr3	16686	7922595	0.077510228547451	286	0.0715316286182126	1.54319312833564	9534	0.739864365519184	7	7	0	-6.7785072205956
chr3	7932748	19346624	0.137789636092644	407	0.0855814406995902	0.948515776153698	22739	0.360053803657087	4	4	0	-6.88028649593222
chr3	19510260	33866453	0.227703875667246	139	0.108969539056018	0.600849072136679	9087	0.229560113156237	2	2	0	-7.70842415299945
chr3	34137325	75643712	0.498905770604628	1324	0.0848276766466964	0.90751084264905	85578	0.327001495171369	4	2	2	-6.73712455440179
chr3	75665314	75701273	0.264230856698333	38	0.125039205800412	0.846711999496994	172	0.238414732471219	5	4	1	-6.76018398336531
chr3	75701429	90261565	0.498812623376315	151	0.0862863393709045	0.901734069952169	5630	0.358830600571545	4	2	2	-6.74065541650332
chr3	91404517	180015965	0.171112244148407	1237	0.10177850866418	0.558863812504826	71519	0.196222033860478	2	2	0	-6.78296672356705
chr3	180325717	182759511	0.379731264788628	34	0.0933777953047269	1.32397028129794	2656	0.631384242519251	6	4	2	-6.76775699923137
chr3	182767355	185969948	0.28503346883449	343	0.104562777749295	1.62236382590684	18211	0.753071197128863	8	6	2	-6.73400297450621
chr3	185973327	189511271	0.378281539032867	162	0.0854735349359661	1.27193008749853	5771	0.5611923224576	6	4	2	-6.76151285358677
chr3	189620094	195608466	0.111219477626018	265	0.0809266686599679	0.868381431341803	6739	0.327105130478276	4	4	0	-6.81029921977554
chr3	195611790	195786872	0.106654828591465	100	0.130800832095089	0.635202578420538	1174	0.30845082931385	3	3	0	-6.78658189766485
chr3	195788132	198120733	0.105423951187268	223	0.113755781447759	0.885974929623221	7194	0.340357302914696	4	4	0	-6.74346491998959
chr4	68116	11031299	0.16267981427035	597	0.100104911747836	0.554751690068202	18486	0.188807095993115	2	2	0	-6.75142903654922
chr4	11235245	11920694	0.0854381128761762	19	0.0766792514461323	1.09879128696317	302	0.402919326850609	5	5	0	-6.73740408976464
chr4	12208696	49061855	0.365266591730456	1145	0.107260934832789	1.26487327125779	45557	0.602207092411676	6	4	2	-6.7348311592664
chr4	49091992	49711855	0.481254642411768	149	0.142549492107064	0.889704911835772	1507	0.427927344292117	4	2	2	-6.74455288267098
chr4	51838815	58749493	0.498835466735769	421	0.127162506256359	1.78178796745707	16192	0.996943038179457	8	4	4	-6.76943712348323
chr4	59183247	181534160	0.115644786810485	2533	0.0859950531896762	0.879988291560271	107047	0.339827436456018	4	4	0	-7.42603555847005
chr4	185588593	190179746	0.498336088604548	19	0.149031865975111	0.771818056520362	4046	0.340192077659759	3	2	1	-7.15740973122408
chr5	58660	6880336	0.222048135298016	664	0.0999941004706379	1.95216050209175	17144	0.953404485469851	10	8	2	-6.7379367318918
chr5	7054854	15552866	0.271026192740757	296	0.111708518194025	1.59402678433092	12727	0.767881285512058	8	6	2	-6.74035307942102
chr5	15583159	18034181	0.226469895065184	160	0.11822497990121	2.04143687939887	5821	1.222219972404	10	8	2	-6.73464808397772
chr5	18046709	33666787	0.364869175803263	409	0.103211303150107	1.22515432392567	12045	0.592992835576253	6	4	2	-6.76433660671087
chr5	33770766	45596256	0.49882812941004	317	0.0890048529810079	0.934955096176511	15976	0.368319752770394	4	2	2	-6.76734856443823
chr5	49599598	49661122	0.279577807889249	72	0.122022045136186	0.798736229075914	658	0.26369419234094	4	3	1	-6.76792412225067
chr5	49661585	181283430	0.498922117487688	3313	0.0861877234479368	0.920531791948535	166798	0.351327303822747	4	2	2	-6.79772911751658
chr6	178170	6174633	0.498830309382753	235	0.122436836241734	0.89910612941171	6871	0.370134345708726	4	2	2	-6.73782980569411
chr6	6261303	60964236	0.370757305752685	3169	0.0983149647785432	1.25143348984669	144269	0.506805438036598	6	4	2	-6.75989625448807
chr6	61134108	61865399	0.498841634606188	10	0.1140421462053	1.09464965265254	219	0.467726141423181	6	3	3	-6.77562238158929
chr6	62157084	65065492	0.131743869175383	137	0.106407669364635	2.91494734308416	5596	2.49986037181471	18	16	2	-6.73992066425929
chr6	65119885	67300836	0.219321338000374	25	0.125540657424862	1.34796550150365	832	1.35251988243893	6	5	1	-6.73578035676623
chr6	67934005	170469085	0.166052408409713	1642	0.104955128052578	0.558195153515594	78819	0.199524169773832	2	2	0	-6.77551877476942
chr7	96163	2168006	0.373189822889345	196	0.114083362068204	1.24890237827172	6931	0.559900893171174	6	4	2	-6.74228202325932
chr7	2206819	58100632	0.49890230501803	1659	0.0915122403320775	0.917007219942039	72439	0.350326136537184	4	2	2	-6.74382839509705
chr7	60958181	98429027	0.498869510211401	1307	0.103421791058631	0.914159883637303	51523	0.382968587595734	4	2	2	-6.73462875783177
chr7	98454161	105220224	0.194272399816964	419	0.105803796287553	0.561956784644822	20561	0.195402440594346	2	2	0	-6.75740827982768
chr7	105258201	108571909	0.0781896154248362	217	0.0665997061955635	1.56172876315873	10842	0.699047763218268	7	7	0	-6.76844693260043
chr7	108600134	113118639	0.132342652576566	65	0.0812497928991443	0.92542802668463	2958	0.3821746397371	4	4	0	-6.7834451865475
chr7	113358636	142463155	0.0742075411159314	1476	0.067002415808837	1.53269262139606	65385	0.739036935015767	7	7	0	-6.84604852499284
chr7	142463487	142507632	0.498346660627391	25	0.1416577448171	1.64531661830517	369	0.421122608598542	8	4	4	-6.73314052861699
chr7	142507777	144259649	0.0778207086287135	148	0.0689923305249439	1.55248085503686	6592	0.541225804512865	7	7	0	-6.7608331252419
chr7	144318341	144388394	0.498148829869514	9	0.193654833258673	1.79939838066729	315	1.24283456500863	10	5	5	-6.73332860072637
chr7	144395622	152241386	0.0824984397284219	693	0.0646074927750655	1.57645496306844	24222	0.7320443417397	8	8	0	-6.80218131594355
chr7	152241498	152404837	0.251765177992466	44	0.11697689549795	1.36279883953947	837	0.885749623794236	5	4	1	-6.73979030148994
chr7	152404862	152408028	0.41522050243602	39	0.101083702839563	0.924300859840419	102	0.269796427530628	5	3	2	-6.73431348161435
chr7	152408060	152431380	0.148338654838943	23	0.142385339765852	1.40050809655441	114	1.09349486883975	9	8	1	-6.73482661576578
chr7	152442769	159260919	0.0773364072237651	405	0.0764100116410664	1.60230745682373	14959	0.78536526511012	8	8	0	-6.75927258245951
chr8	233002	39107752	0.18882867687863	1166	0.10896255644756	0.560943120800241	36325	0.203616247284011	2	2	0	-6.78697103128389
chr8	39283601	42102442	0.498934373182777	97	0.0882030019028465	0.908664844380775	3965	0.41467724152933	4	2	2	-6.73319844064897
chr8	42126366	43536858	0.253438757754414	75	0.120426751689658	0.685120137058322	2896	0.289092130527112	3	3	0	-7.29914408839842
chr8	46596061	60928952	0.00127364687998938	330	0.0894153950238692	0.917653018607761	13471	0.37275234596462	4	4	0	-7.5101564295114
chr8	60935885	145055416	0.31607379993644	1658	0.1036316889577	0.69050642488047	73095	0.253763325903501	3	2	1	-8.95135893339742
chr9	117713	39028381	0.485406582786909	967	0.0884301660677496	0.89383448873599	46542	0.328556573653968	4	2	2	-6.82904948388494
chr9	39029868	43115273	0.444534526240665	216	0.129125049976519	0.914848055907379	2334	0.372068409770683	4	2	2	-6.8420137174369
chr9	61562455	66182470	0.318370433100424	108	0.132846654298573	0.914798149966084	1355	0.348430405298645	4	3	1	-6.73955172886299
chr9	66636004	98708366	0.498868382726958	746	0.0942156772378078	0.95855694948464	44102	0.373622134007739	4	2	2	-7.06656023866062
chr9	98790673	99149374	0.173134756622922	19	0.0824758337811431	0.608592432159547	709	0.174334742332665	2	2	0	-6.79525457489216
chr9	99166862	138214444	0.498910769466613	1651	0.0887725137792497	0.919098759287031	92033	0.350253929122313	4	2	2	-6.74703234095449
chr10	47876	27526972	0.201966814426698	837	0.114786593964983	0.566811063888465	26392	0.208500166116523	2	2	0	-6.90109910789301
chr10	27615812	39199420	0.498821391282972	475	0.105460461420099	0.914736641016355	14039	0.414606250364489	4	2	2	-6.7336846511952
chr10	41859741	42280157	0.489259609363091	46	0.159547998320618	0.890179322842391	504	0.358893006739962	4	2	2	-6.73682198595857
chr10	42280230	132830433	0.498917956325553	3037	0.0858134707530899	0.907813215623352	134895	0.344585364417013	4	2	2	-6.73975942881162
chr10	132833035	133787104	0.240464539107096	96	0.1140604059529	0.575398354047023	2788	0.192195335652753	2	2	0	-6.91589904177851
chr11	198062	970320	0.160542983551944	142	0.0840055603660279	0.550406555092383	4493	0.171006777025325	2	2	0	-6.76647399266704
chr11	995153	1099604	0.280043032898714	96	0.118510313045935	0.491712457962587	1164	0.16798340391718	1	1	0	-6.89332603314624
chr11	1099802	49271357	0.169306973143633	1546	0.0969155442245162	0.545427063123531	57298	0.183996096308393	2	2	0	-7.0215487996859
chr11	49573106	50553275	0.442295600926748	20	0.154215800610361	0.888510540523901	1205	0.296393321409238	4	2	2	-6.82016394763907
chr11	54855109	57096768	0.260106915827555	129	0.0705075616855736	0.864373118787102	3839	0.245206602430979	4	3	1	-7.02751750095011
chr11	57159660	58571155	0.361216028072272	106	0.0773381090324504	1.23462959906284	5789	0.468652137760851	6	4	2	-6.73584186344092
chr11	58610951	66156553	0.163094406747716	491	0.0888551263351647	0.552802070376378	27088	0.17377847263662	2	2	0	-6.75864794796292
chr11	66171618	69605035	0.0906736997023347	1092	0.0687216945060535	4.64174939516361	60608	3.20232752758684	17	16	1	-6.76218391367414
chr11	69617057	69836083	0.1528729379137	64	0.0827158012101755	3.1117006660826	1947	2.41249113127153	16	14	2	-6.73395957700201
chr11	69837086	72940660	0.222351484007535	283	0.102365699630871	2.02561869793061	17737	1.13687499273993	10	8	2	-6.7374892286426
chr11	72940816	75156654	0.0542041350368343	601	0.0492234171102872	7.68676933547539	36128	4.9759080565795	10	10	0	-6.83364604643679
chr11	75165959	75822904	0.174133351618965	71	0.11606871100363	2.53161736951242	4080	1.559160689582	14	12	2	-6.73461086769779
chr11	75825018	76865535	0.0928102042759086	178	0.0728723227333589	4.46348754535141	8116	3.12321608471125	16	15	1	-6.74265384241759
chr11	76882050	81466945	0.0695092412893515	705	0.0597297004611815	5.63283055620799	32142	4.05130941800017	20	19	1	-6.7637583408359
chr11	81525403	89228020	0.170361747958463	111	0.0988774222739683	0.563261165798951	4692	0.1977652818307	2	2	0	-6.76047352045457
chr11	89353005	89713627	0.0542138648647239	31	0.0385453789261325	6.29817883291652	2657	3.8354951572715	9	9	0	-6.75673428258887
chr11	89753680	93310413	0.186984232769571	43	0.142135477306658	0.859469382643106	2192	1.4168084591691	3	3	0	-6.83478335845737
chr11	93352371	94800207	0.182626738511261	27	0.0848959812672404	0.554953748351675	2203	0.17885113997622	2	2	0	-6.73364769600375
chr11	94912372	95888137	0.386793584784245	42	0.109471470729138	1.4138696464982	1739	1.04765038137855	8	5	3	-6.74377470720238
chr11	95923947	99819697	0.204425972773141	153	0.126494358591275	2.38569623397801	3549	2.7772232516794	12	10	2	-6.73634033380517
chr11	99885045	100525905	0.0685837991061319	25	0.0621237474722831	4.48676693852697	1475	4.69610067290591	20	19	1	-6.73807799285813
chr11	100606985	100904537	0.348618241477041	15	0.136038054899915	1.68807513659997	303	0.876393334133163	9	6	3	-6.73433202332865
chr11	100943839	102597850	0.0886531814284365	204	0.0694553821258612	4.58169833277933	9723	3.31371038293817	17	16	1	-6.74493949528284
chr11	102606646	134965392	0.175382088226958	964	0.10013401392178	0.608188847193748	41030	0.520854963540283	2	2	0	-7.26789649044496
chr12	12906	34523014	0.4988930764703	1407	0.0913024394280444	0.910877161966439	61336	0.339264764348323	4	2	2	-6.73315282070473
chr12	37323776	80271617	0.498904784161481	1269	0.0884703082165723	0.909468217745947	84890	0.333598916226861	4	2	2	-6.73403711301001
chr12	80313430	80462077	0.172038656084051	24	0.111787380675374	0.572642922436268	438	0.213782757505032	2	2	0	-6.7378401467513
chr12	80669485	130891406	0.498908552892242	1918	0.0890179548433493	0.920674626706119	89859	0.36343502894757	4	2	2	-6.75703082253459
chr12	130954426	133120199	0.176516073590464	144	0.100420327772778	0.554301559397368	5149	0.18058393055499	2	2	0	-6.73398971721848
chr12	133120544	133234117	0.498999177566981	15	0.0908982686198986	0.206106574858521	298	0.100994217544833	0	0	0	-6.73906622960648
chr13	18177561	23385599	0.360660675816905	326	0.0984608827255182	1.21787213697937	10833	0.531542364921988	6	4	2	-6.75027135616402
chr13	23394040	29325552	0.292669810594564	502	0.112372159694187	1.59964450025677	16378	0.807304550884581	8	6	2	-6.74079292805896
chr13	29332903	31440816	0.385278474775658	97	0.0952766082920087	1.26514482038274	3620	0.523352021828781	6	4	2	-6.77614383839411
chr13	31585097	35352360	0.227355479520099	217	0.0963051990925091	1.90577358139793	9645	1.00399149348961	10	8	2	-6.73671793200373
chr13	35457937	87893292	0.178099946805997	526	0.114207102936007	0.585777864886893	27594	0.270124107717582	2	2	0	-7.7436855070613
chr13	89568966	92144711	0.417828825455369	33	0.0742184786677656	1.13553795596971	1238	0.746424429919769	5	3	2	-6.73789587745176
chr13	92295159	106879837	0.172035856449029	234	0.102539395677448	0.5737579597621	10259	0.239817338564498	2	2	0	-6.88905539538186
chr13	107063131	112129313	0.463997053954048	192	0.0855982894861697	0.936900545776791	5315	0.364338337075464	4	2	2	-6.85489473513187
chr13	112270594	114346441	0.222687332817098	128	0.101112726217085	0.589757069094674	4196	0.207611631366904	2	2	0	-6.93889626396537
chr14	16098225	16401976	0.431357492517228	8	0.126479812053714	0.930488395016787	21	0.274160953768819	5	3	2	-6.79882030079622
chr14	18330620	19936577	0.327956796770517	129	0.117620026730079	0.875333662361002	2236	0.294258618500389	4	3	1	-6.77400994436372
chr14	19936715	106874913	0.498924674818297	3229	0.0872719839518996	0.907823118359211	148310	0.340222107827952	4	2	2	-6.73961769835775
chr15	19987698	22608113	0.456763995280655	203	0.117515009039936	0.910663016443015	2712	0.363407300520442	4	2	2	-6.81317383023134
chr15	22609161	101876423	0.498921798077536	2889	0.0877727483696218	0.915111574445101	155311	0.347362055738889	4	2	2	-6.74005687176258
chr16	35629	35908151	0.170981373221719	1758	0.107785155647517	0.549096608427649	69573	0.190981590003067	2	2	0	-6.81934818900408
chr16	46386441	46571472	0.447638770380745	57	0.116254819071699	0.448075323440973	1068	0.143550725773848	2	1	1	-7.09198841100907
chr16	46671590	90095170	0.162826774115451	1933	0.103414182628234	0.55483130857031	63586	0.195451564139124	2	2	0	-6.75104044215951
chr17	137603	20493761	0.498907460096831	1425	0.0916420035438039	0.902541505447701	72040	0.331242902340746	4	2	2	-6.7434285798846
chr17	20493890	22715632	0.48158657854664	358	0.104269574187372	0.897108099570711	3537	0.37149888947142	4	2	2	-6.75405442838568
chr17	24421526	30808851	0.498833616594216	182	0.107378383186012	0.914717464118674	14828	0.323873826302509	4	2	2	-6.73361883783375
chr17	30971286	32344109	0.151733222715535	75	0.119197315406011	0.52940037837251	2864	0.219707442267552	2	2	0	-6.80630436023395
chr17	32365527	57982032	0.498905399867723	1303	0.0798550722281847	0.913439462920469	76125	0.33511695561743	4	2	2	-6.73391014841634
chr17	57996211	58323256	0.316021279591958	31	0.0936316851985388	1.50420947291372	2292	0.904073513205268	7	5	2	-6.73344848941267
chr17	58341665	83135282	0.498908074408527	1464	0.0902623502107153	0.923361980124327	78803	0.341582631227367	4	2	2	-6.75515988122147
chr18	47492	110425	0.147601843124612	47	0.157094758608423	0.986507051500107	409	0.720346210029623	3	3	0	-6.74248434008147
chr18	117394	5586543	0.263740663993842	391	0.108651156225317	1.57900557211332	11567	0.740561974929804	8	6	2	-6.75224128913215
chr18	5604750	15341512	0.499073069432516	426	0.0880815423969123	0.902105848092185	14225	0.353083694309022	4	2	2	-6.73788843539655
chr18	21239143	23687614	0.404876847185175	42	0.0894093926216162	1.0891200293875	5576	0.574439392467678	5	3	2	-6.74665841964419
chr18	23692607	24839317	0.260855494061788	55	0.0897322691938643	1.60521237182499	3959	0.717513788725164	9	7	2	-6.75505923097243
chr18	25111023	32645778	0.498977041177221	110	0.107530465842183	0.933959995671817	6869	0.388093597609452	4	2	2	-6.75117157358415
chr18	32677037	78347141	0.180977214828341	572	0.106349488912265	0.564323524723152	27134	0.20390020795975	2	2	0	-6.88691327149155
chr18	78361555	79579562	0.477879384926106	39	0.0851841618524202	0.927298096339114	1262	0.303107892942095	4	2	2	-6.77563415263127
chr18	79646998	80250865	0.13911585553541	21	0.136566641677416	0.55697623189293	887	0.172301726270651	2	2	0	-6.78639596650955
chr19	263280	17250255	0.165792998370112	1746	0.0975188945700437	0.556893518372009	71583	0.19262701576082	2	2	0	-6.74709273954381
chr19	17255504	21157734	0.0480938016174977	707	0.0580752057927462	1.93934153120421	39795	1.06285527049714	10	10	0	-6.73492628044817
chr19	21221548	22664999	0.175107709919387	144	0.10151006606265	0.553444924223018	3182	0.176006028266299	2	2	0	-6.73486813105793
chr19	22987078	23731905	0.0351746533697083	77	0.0750328590584323	2.53054501322689	5164	1.55363423311954	14	14	0	-6.73414865559879
chr19	23736505	23762146	0.461492010859103	9	0.189859889860333	2.49591535893837	452	0.994380646918075	13	7	6	-6.7331912953701
chr19	23781613	24394098	0.034997599808859	54	0.0506279402093278	3.2630507716492	3066	2.58776554315316	15	15	0	-6.73395050436085
chr19	27392054	32953801	0.200574723832171	105	0.102858919525763	0.583814224005728	3875	0.251508511359409	2	2	0	-6.88314707722541
chr19	32954174	34218358	0.499197057535331	113	0.102440325973651	1.10425577891826	3980	0.604458290272999	6	3	3	-6.7720057198535
chr19	34219627	34470047	0.172234121775155	73	0.11484176129347	2.76291281884858	3181	1.82613142180019	14	12	2	-6.73342238102663
chr19	34479639	35306685	0.367549812037456	132	0.094208939352857	1.31418206021092	4284	0.617814853291575	6	4	2	-6.73899161030304
chr19	35345037	57254064	0.16694988063637	2371	0.102476629794368	0.545537472129881	90899	0.184673966591341	2	2	0	-6.87022168164483
chr19	57266320	58080053	0.222029387793898	145	0.103857229127999	2.14365789713486	11630	0.988112546159352	11	9	2	-6.73939510163326
chr19	58081807	58571001	0.38176953445946	114	0.104287694882161	1.17304972290675	3932	0.550439057424712	6	4	2	-6.76563638800689
chr20	153555	23711484	0.367098635805227	973	0.101331776870217	1.21950800536467	42239	0.511614354791574	6	4	2	-6.81375288518966
chr20	23750789	26273425	0.498816666208855	125	0.104911506180363	0.916306060061527	3409	0.341722477896406	4	2	2	-6.73349838786489
chr20	28559798	30919423	0.459852828202658	430	0.128842984134307	0.886028217942622	2212	0.362216752028246	4	2	2	-6.7992355452854
chr20	30919437	31274572	0.123664544163119	46	0.150268423275871	0.953506430372499	413	0.327420397167535	4	4	0	-6.74224101748507
chr20	31274889	62085956	0.498883931432903	1095	0.0881804407714598	0.914374258026708	66821	0.363094499761583	4	2	2	-6.73473819287247
chr20	62127946	64327831	0.36773755718551	297	0.0950622883000333	1.23355597139028	13255	0.484161856513151	6	4	2	-6.74137320847967
chr21	5218123	10325710	0.149011606902492	137	0.146213878189392	0.768908230917879	1093	0.712247516937036	3	3	0	-6.75093716796641
chr21	10326762	13035101	0.351641822333466	429	0.125325425466109	0.858159756681414	2637	0.363738551055928	4	3	1	-6.85940512799597
chr21	13252473	15625696	0.495533401077534	67	0.0834485327671253	0.946132856158382	1932	0.367882130818404	4	2	2	-6.7495345719377
chr21	15763076	28004675	0.221960573967099	104	0.134027132395173	0.588185486364598	4339	0.249066534093924	2	2	0	-7.15190389095155
chr21	28472166	38916867	0.371706030918731	453	0.0985978814966963	1.22940352425856	23306	0.499846943096306	6	4	2	-6.76454299361629
chr21	38963529	41179699	0.169866280511272	177	0.111850911540449	2.57055139186753	7559	1.6956632019591	14	12	2	-6.73398352730989
chr21	41219082	43286785	0.245394049815126	275	0.101834241102469	1.90150595131357	9915	0.936514309002397	9	7	2	-6.74067704477647
chr21	43644415	45986698	0.186075203530615	191	0.094262202391358	0.561250189477796	5167	0.191360136846846	2	2	0	-6.73936746327783
chr21	45989199	46649541	0.123990218793494	144	0.0758749994399706	0.915312698676787	3859	0.306193569625262	4	4	0	-6.7541543808814
chr22	10685500	10776773	0.377966784972269	116	0.138750133784395	0.589575288178276	377	0.245715704833877	3	2	1	-6.77599918687304
chr22	10777188	12632366	0.308425148505255	385	0.125141493349264	0.82161482961758	2099	0.36922516038967	4	3	1	-6.81985234851179
chr22	15541341	50744827	0.498911855538622	2602	0.09008897386947	0.886204587846878	103672	0.333835435271085	4	2	2	-6.87714174707609
chr22	50770140	50808396	0.499072269073315	9	0.119311566916205	0.722341070817688	141	0.315226320491642	4	2	2	-6.74551098426961
chrX	267093	52862789	0.172056407401968	240	0.122785833379348	0.878896674741409	31825	0.319330456160305	4	4	0	-7.26365773516019
chrX	65956689	155985955	0.498476182321076	38	0.138753896053357	0.904604699918514	47941	0.319895305254547	4	2	2	-6.76148762903246
chrY	3852176	11333988	0.297677871021368	87	0.134082962544441	0.726387604769029	1095	1.00633009247044	3	2	1	-6.94534391555115
chrY	11336571	12340933	0.458684196907745	118	0.166605817662296	2.1621928122107	1568	1.21346415665136	11	6	5	-6.73303327731534
chrY	12777994	26437116	0.143711482644935	9	0.165489425644057	1.95440351397378	2796	1.66750255343238	10	9	1	-6.73369238421013
chrY	26437123	56884113	0.492994881226286	169	0.150583943904175	0.486567525409306	645	0.268175332875144	2	1	1	-9.47445794478295
