chromosome	start.pos	end.pos	Bf	N.BAF	sd.BAF	depth.ratio	N.ratio	sd.ratio	CNt	A	B	LPP
chr1	87190	16508139	0.494499429320828	1089	0.093965139802173	0.98701175868505	48105	0.437676940795615	4	2	2	-6.74390912131765
chr1	16535801	16945941	0.259191952166764	158	0.113353957890365	1.0117621828512	1725	0.555953435733779	4	3	1	-6.73708077619005
chr1	16946998	58196719	0.498908441459006	2091	0.0962542674212714	1.00383677400998	115543	0.450387111186281	4	2	2	-6.73486347002053
chr1	58468204	58631181	0.49784062743588	12	0.157569873870341	1.04878895557829	280	0.440585777682575	4	2	2	-6.7342836439126
chr1	58645123	121436587	0.498909420070042	1554	0.0939329921550086	1.03438055046024	81236	0.502548749965803	4	2	2	-6.89856564850975
chr1	124124286	143267087	0.144858595272346	30	0.158337134860594	0.850847408811698	1013	0.260926129945483	3	3	0	-9.11430317889961
chr1	143267121	248945585	0.498931261283991	4592	0.0954313525600104	1.0011234668324	203990	0.45549757064638	4	2	2	-6.73346690268212
chr2	119437	90190754	0.498923317842	3012	0.0959152258838665	1.02333246494292	130285	0.499328786654012	4	2	2	-6.84591760531286
chr2	90293878	91987666	0.498526913981211	84	0.142832619022402	0.947030031637926	1130	0.464297100485395	4	2	2	-6.74704270214536
chr2	94199564	95939023	0.498995585186066	39	0.0998204663687406	1.02328130891971	2644	0.532660679845791	4	2	2	-6.73503233742643
chr2	95939417	95951483	0.155463578227035	34	0.130897573270313	0.925694293074961	149	0.745749104780537	6	5	1	-6.74045323843616
chr2	95951529	242183202	0.498932950890763	5047	0.0953164692355389	1.02233846607367	217496	0.484209456367785	4	2	2	-6.90987275401759
chr3	276616	989559	0.305804800544724	27	0.0910423964354956	0.99522785282138	864	0.499886177975193	3	2	1	-6.92132424003331
chr3	1017531	15477334	0.498887405209738	530	0.105063402255112	0.996233153807307	24670	0.437990084787491	4	2	2	-6.73375292448136
chr3	15477382	15725796	0.33948171599008	26	0.158370218645572	1.43606737935293	1221	0.875150090018475	6	4	2	-6.73430368788703
chr3	15738532	75598793	0.498904469080482	1774	0.0962095371855033	1.00173991486554	105042	0.446674170730217	4	2	2	-6.73363007623367
chr3	75630742	75669248	0.102589442148721	22	0.126866463524052	0.799055928072722	151	0.336509155381587	7	6	1	-6.91572318973707
chr3	75672211	75736862	0.498369576808471	42	0.166945288596105	0.923486193506265	148	0.455390144815651	4	2	2	-6.73427291112502
chr3	75736929	90613961	0.472005339811087	128	0.116848308986447	1.01987784388508	6195	0.539226606415974	4	2	2	-6.77910124166311
chr3	91344407	129944074	0.498899184956148	1004	0.090374528362247	1.02207231749624	52374	0.469810163003113	4	2	2	-6.78256430413726
chr3	130083158	130170314	0.122267230234543	13	0.147032091386323	1.03926155447951	76	0.558066803521749	7	6	1	-6.79003188530818
chr3	130210025	195619082	0.498903702351206	1818	0.0950369123684763	1.02531326162749	82348	0.491885092870477	4	2	2	-6.83252675738227
chr3	195619606	195994507	0.498648144496037	184	0.131066114665986	0.95786545251941	2270	0.370537968867357	4	2	2	-6.73613292968998
chr3	195997520	198119758	0.49884421345854	157	0.110348404862322	1.00347766655794	6776	0.512900537909909	4	2	2	-6.73315272682342
chr4	46210	49050947	0.498914329782276	1944	0.0934951132470148	1.00732955884136	62474	0.48220053122668	4	2	2	-6.73978351056105
chr4	49103917	49149825	0.00248131387812622	12	0	0.0779839452651638	56	0.0896391593897661	1	1	0	-Inf
chr4	49157790	49609124	0.440396776346607	63	0.138473225214778	0.799498455142914	298	0.372683049129053	4	2	2	-6.9382851546219
chr4	52079633	190008438	0.498922519571129	3267	0.0972880763066059	1.03041264898723	141724	0.517204896971931	4	2	2	-6.99808875046801
chr4	190026296	190179679	0.498512768243916	9	0.207034484513517	0.552141976440179	107	0.446095970287113	2	1	1	-6.73760468634815
chr5	163090	677947	-0.00103355233536562	28	0.0687895340876793	0.46911793425117	1142	0.193686736791911	2	2	0	-6.76648541820105
chr5	710429	840813	0.0349983368397387	33	0.191091724960776	0.61161180863008	601	0.258379757036745	2	2	0	-6.80027281491107
chr5	869431	1232293	0.00142137475039894	43	0	0.452558918250042	834	0.149981557225768	1	1	0	-Inf
chr5	1243776	1520550	0.200169283777636	31	0.0891497592250954	2.08053184427903	1814	1.3250092949223	10	8	2	-6.73622220706232
chr5	1572174	29405785	0.00186710369435145	315	0.0506105245440252	0.524689079499333	10601	0.492568910594478	2	2	0	-6.88941011444784
chr5	30072884	30609300	0.10423293424502	17	0.0701248361642209	3.80185362469757	523	3.5850640464884	19	17	2	-6.73440079444108
chr5	30888410	31929615	-0.00132340384423557	28	0	0.505981991982493	879	0.197040349106905	1	1	0	-Inf
chr5	32046829	32194805	0.498436798475456	12	0.181529027647889	0.889064089729509	638	0.658196815457375	4	2	2	-6.7359081644563
chr5	32380302	33595891	0.00245040535008989	19	0	0.512908125736156	953	0.214363492385578	1	1	0	-Inf
chr5	33615799	33731398	0.49884235506155	9	0.21154005399556	1.00212885409075	189	0.329419511088391	4	2	2	-6.73305048970083
chr5	33751349	37789959	0.0019808745515088	124	0.0346964006443949	0.516608659051089	5120	0.245835625043114	2	2	0	-6.77740754071977
chr5	37899384	39786873	0.150358752604521	71	0.142871888977362	2.37669013445282	4309	2.22077848693549	12	10	2	-6.75327066651385
chr5	40157602	40945752	0.0319770760936683	120	0.0474130776260304	6.01997395782024	5530	4.67026456324448	20	19	1	-6.81924472878011
chr5	40954777	42565741	0.116088238151892	128	0.0979222103962015	3.95485915904997	5167	3.12238549707798	17	15	2	-6.73369580564583
chr5	42627920	44809060	0.0100661705549699	38	0.0499762959459008	0.63372583225281	1583	1.38378290341325	3	3	0	-6.77661310944154
chr5	49601562	50399214	0.497662563028585	9	0.163953075942817	0.287940405118379	39	0.59709557485052	2	1	1	-7.11645358863557
chr5	50402346	176600645	0.498926700792607	3589	0.0988813244216229	1.02511013817705	160474	0.511736883659934	4	2	2	-6.9053962723098
chr5	176623714	176896297	0.167664760892131	34	0.0907023545025126	2.23789826722926	1805	1.69498989840453	12	10	2	-6.73798915180359
chr5	176911287	181281769	0.49887637047097	427	0.0932818677147105	0.980732481074004	15166	0.401282927175751	4	2	2	-6.73929638012205
chr6	168197	29890580	0.498906219953993	1350	0.096777044759537	1.00200517755899	45505	0.468185316595471	4	2	2	-6.73342164647373
chr6	29890698	29896646	0.115279627236753	9	0.0883583297965984	0.529720301882049	22	0.314100133618873	8	7	1	-6.80346320950927
chr6	29896845	29927920	0.499094564499519	20	0.091624462373665	0.893432473582189	96	0.461982152836529	4	2	2	-6.73419806925318
chr6	29928162	29995149	0.489734053641725	74	0.142368009502071	0.827074126736285	295	0.308123206807022	4	2	2	-6.75137507327952
chr6	29995173	32519517	0.49889869918339	633	0.0900379054042388	0.991169764675467	18089	0.371298760533458	4	2	2	-6.73399037309973
chr6	32521978	32584262	0.141265511361159	35	0.145385954033573	0.230674963727527	83	0.221432242515113	1	1	0	-7.25685687438958
chr6	32740297	58123392	0.498896617126119	1113	0.101426942240865	1.00852284007847	57372	0.454619438466932	4	2	2	-6.7383603664591
chr6	60254368	170640022	0.498913642258276	2646	0.103503491782948	1.03099357357289	125914	0.518559595485249	4	2	2	-6.95372786577198
chr7	37991	5126869	0.498870476882678	468	0.097168780094586	0.973908500304268	12667	0.457854647504701	4	2	2	-6.74330068436437
chr7	5127529	5132685	0.132176949329633	9	0.133623018642415	0.738796274765377	33	0.308629727524944	7	6	1	-6.76091765231692
chr7	5136999	58091518	0.498900279688308	1791	0.0986260520285507	1.01741245547315	69422	0.481901788314691	4	2	2	-6.77343971009088
chr7	60985026	65771802	0.498794320745181	180	0.111853449361556	1.03066356835798	5579	0.457411157416752	4	2	2	-6.74556693386166
chr7	65780836	65819856	0.0743235754352141	39	0.149498978823822	0.784624438897762	137	0.38335000968698	3	3	0	-6.87810043473257
chr7	65820695	100952148	0.498882770478111	1168	0.110208068357153	1.01501245949056	63900	0.484070233966342	4	2	2	-6.75290680689506
chr7	100952233	100960725	0.111931144937083	69	0.103990521487536	0.650178070721487	521	0.187222600389376	8	7	1	-6.92063858940956
chr7	100960738	102201571	0.498725207429694	123	0.122185007521006	0.871645379173492	6382	0.391950254294019	4	2	2	-6.82322747188992
chr7	102237893	142749281	0.326022680876862	1510	0.127303830819365	1.52973939009648	88698	0.872051608793699	6	4	2	-6.74725868386452
chr7	142750586	142773646	0.0520278870959	42	0.0910578940547518	1.3112382941334	361	0.439767151919113	15	14	1	-6.82647325843363
chr7	142773737	152349393	0.328275888263171	617	0.11010320773594	1.47063618475323	27089	0.810040668763476	6	4	2	-6.73772772586395
chr7	152379803	152416484	0.0960206623510725	85	0.141830567241063	0.812694965246115	278	0.827149238264398	9	8	1	-6.7729905835157
chr7	152429815	159267643	0.323894868831587	352	0.123190223229995	1.49148570381556	13529	0.865137978417849	6	4	2	-6.73672953048168
chr8	213654	12533121	0.498888916531209	671	0.0897365364183941	0.990572903017901	13141	0.484571150601872	4	2	2	-6.73596519239358
chr8	12541596	12664413	0.498450886478528	50	0.146508932652377	1.07662486700824	453	0.657950415608414	4	2	2	-6.7340236909412
chr8	12682009	43618035	0.498899354841795	1011	0.0951836908100836	1.01952033021716	49714	0.46946782035987	4	2	2	-6.76430997117199
chr8	45952307	100693340	0.498881197771149	1104	0.106832058102259	1.03485554949543	56013	0.533012371641451	4	2	2	-6.86556361258353
chr8	100706704	100709589	0.0277238172168113	9	0.138645931943366	0.758665203204538	68	0.260718326272018	3	3	0	-6.75692835335425
chr8	100730654	145055416	0.483361195075186	1151	0.0984584379258133	1.00516187797151	55441	0.468937934926372	4	2	2	-6.75327750566492
chr9	117877	3087067	0.357967451980913	142	0.139545343193216	1.3918373672548	4636	0.926370209518402	6	4	2	-6.76328554898417
chr9	3617602	34513218	0.00164450582132258	524	0.017245441789207	0.512431430846082	18730	0.201927028394429	2	2	0	-7.00016173339869
chr9	34595767	39586643	0.332603353691249	479	0.123138386140618	1.45947206312703	19216	0.803501030269723	6	4	2	-6.73653733273517
chr9	39586782	41319680	0.198834712066123	142	0.139752300245948	0.98174411774505	906	0.952828942284774	5	4	1	-6.7991869684993
chr9	41439043	42975562	0.413423214990121	121	0.150655028470031	1.55348213127332	1374	1.25374503039336	7	4	3	-6.74740475137254
chr9	43111221	67800317	0.03332509895643	135	0.161263884905776	0.880472835468282	1629	0.764738806241554	4	4	0	-7.14343591466412
chr9	68499396	138177100	0.00154807394764456	2158	0.0376577186657529	0.500236828445297	84609	0.199798618393392	2	2	0	-6.73424534323158
chr10	47876	38455661	0.000814328596882574	929	0.0675560194682675	0.512752277475844	31795	0.215487183726107	2	2	0	-7.03166953791945
chr10	38527682	39114427	0.498298083110314	40	0.172308368101926	0.50986571032339	157	0.218008274404068	2	1	1	-6.73590489284294
chr10	41859953	42279904	0.159722860679741	9	0.120244311484762	0.475864360282052	70	0.238471033784926	2	2	0	-7.650592318134
chr10	42279945	80166029	0.00207532938214416	842	0.0892705949099485	0.505127813939178	32906	0.193834371983392	2	2	0	-6.79527283087316
chr10	80166946	80235854	0.000637712359666587	9	0.21865790124708	0.46368808030499	86	0.232539370186492	2	2	0	-6.73738201046662
chr10	80252554	125772184	0.000179506164626975	985	0.0116641757600759	0.509569958763346	48037	0.196606148688009	2	2	0	-6.97611309233277
chr10	125773956	125917965	0.00524266182878452	9	0.211613444752454	0.494123177379488	397	0.192817566822272	2	2	0	-6.7337247364351
chr10	125945301	133787147	0.0012165069522968	255	0.00445228247154454	0.489778369941438	7035	0.189977436606322	2	2	0	-6.83278435776229
chr11	194441	1017240	0.498857796044298	175	0.0940758409070285	0.947430614576937	6122	0.361029085055298	4	2	2	-6.74415717063052
chr11	1017337	1018483	0.166107409817742	20	0.0892461999780737	0.676329784745015	85	0.147980701293047	6	5	1	-6.75291148693363
chr11	1019375	1099661	0.328928899495241	39	0.12061996285274	0.839288513946814	970	0.321674136326472	3	2	1	-6.73971029526093
chr11	1099802	5351776	0.498892200795403	431	0.0823881584624388	0.91638233780794	13220	0.342619761959703	4	2	2	-6.89456194647849
chr11	5351865	5362773	0.498395828170942	14	0.169382005349635	0.801183890766219	49	0.289706233158026	4	2	2	-6.73691383493811
chr11	5389446	8153419	0.498916571595422	347	0.0688046428369053	0.975742750458368	9834	0.317446578217312	4	2	2	-6.74311357793983
chr11	8159728	50553162	0.498907202207925	1409	0.0956679987050651	1.01720600723018	60400	0.478060828821309	4	2	2	-6.76519571078391
chr11	54603136	56375682	0.499264698097475	71	0.0672245134699211	0.973581995670564	3089	0.341158802203168	4	2	2	-6.73966118460339
chr11	56375881	56700450	0.438692607011211	14	0.148921341432536	0.994902267044447	714	0.277756730716487	4	2	2	-6.83309761958307
chr11	56700544	56740376	0.103663028572055	20	0.0709476456343171	0.775503703759362	88	0.505204703640992	9	8	1	-6.84404383574495
chr11	56740404	135028117	0.498923710869321	3073	0.0938211411883836	1.00613488567809	160284	0.449748833536098	4	2	2	-6.74168534339814
chr12	49636	25804028	0.498907587741657	1433	0.0898498824440307	1.01727925194043	52600	0.4830126045888	4	2	2	-6.75241735311375
chr12	25804106	25804438	0.0300041863665884	10	0.0315355178947308	0.476623183746243	18	0.162936703296236	20	19	1	-7.00622135525017
chr12	25846106	34276742	0.498887556491441	418	0.085452405998108	1.03499242809064	13359	0.508667948816045	4	2	2	-6.75612319354985
chr12	37785208	42235799	0.325399175757098	153	0.12098546950824	1.4382280946117	6946	0.88209898867858	6	4	2	-6.74168206292433
chr12	42286757	45817941	0.262914609493679	144	0.110099689719723	1.87687359001445	6921	1.2201875525125	8	6	2	-6.74701985662205
chr12	45876302	48682253	0.496597052695486	152	0.114433997249006	1.13398988442366	6646	0.872123321009275	4	2	2	-6.76833628039903
chr12	48713673	49272726	0.310454471614917	102	0.0901470357836061	1.47018504984158	5653	0.742408842693348	6	4	2	-6.77167617241039
chr12	49296554	50776333	0.498845408215357	154	0.0899777203180721	1.00532996766667	6983	0.445005235931214	4	2	2	-6.73325356791222
chr12	50809588	53164202	0.310272693710115	441	0.114795465894342	1.49471774546232	14634	0.741052295379817	6	4	2	-6.75717795228774
chr12	53170081	53388844	0.343867703516826	29	0.0481104281886226	1.03788285741937	1917	0.558198720277602	3	2	1	-6.80578219353834
chr12	53397846	54340809	0.294314401404319	67	0.139397788917014	1.6921538039686	4786	1.12391105830058	7	5	2	-6.73581967304033
chr12	54342174	56095129	0.345218561562371	121	0.0905495260433022	1.20558723480071	7299	0.598389894217463	6	4	2	-6.8804453081621
chr12	56098396	59779575	0.282292050106199	306	0.120878248715541	1.68824867069648	22257	0.967645253947449	7	5	2	-6.73655914554818
chr12	60039328	63868490	0.164901352223638	271	0.117697287897877	2.94325477985909	8531	2.25413994331539	12	10	2	-6.73333017936203
chr12	63903835	65485561	0.114495727783454	270	0.0965811856950565	3.75723967891831	10722	3.21371925127845	17	15	2	-6.73506440063071
chr12	65487922	67344508	0.302130106169487	93	0.12535765383284	1.72235386088415	3603	1.05315293155738	7	5	2	-6.74355692529953
chr12	67464569	69297847	0.0957259782608374	288	0.0808528790113567	5.21020839497489	11459	4.23900133115014	20	18	2	-6.73480951234268
chr12	69310290	70820743	0.131064132056684	281	0.0893718206049935	3.80961881006348	8848	2.77006587147163	15	13	2	-6.73344576341466
chr12	71139142	76115752	0.042587805542953	52	0.13272859134066	0.663712833195314	2609	0.56297486012267	3	3	0	-6.93178889036958
chr12	76221905	78337654	0.0320416450966706	36	0.120889884960299	2.26479287288365	3048	3.00176105200778	9	9	0	-6.77489267196174
chr12	79059189	80170642	0.00740471945334797	40	0.0122178673282731	4.80404344187574	4716	4.00429651511262	19	19	0	-6.9456988337273
chr12	80190553	83881759	0.150034931640538	143	0.119079990860691	3.45495698831433	9782	2.86702977179616	13	11	2	-6.7346506393399
chr12	83908805	86410115	0.0326665410762312	27	0.0496186597562993	1.41875533731848	1361	3.67331112881191	20	19	1	-6.97686909777477
chr12	86695994	87814350	0.293043811375974	28	0.100344031228442	1.92140669365236	580	2.66074335817384	7	5	2	-6.73705611872735
chr12	87817472	89099608	0.119388524668778	64	0.105133456381847	4.03635826851454	3694	3.54683545611122	17	15	2	-6.73335722652541
chr12	89194922	92761759	0.498592408886101	47	0.151069214246523	1.34409412961419	2905	1.1783865482614	6	3	3	-6.75159834218044
chr12	92801552	94320024	-0.00122294906519838	28	0.0629310847560363	0.583457736111823	1422	0.442202581882905	2	2	0	-6.84222489836303
chr12	94375982	95573168	0.0942199077996129	453	0.0733445350577194	4.57052986623738	12219	3.41596210144337	20	18	2	-6.73725062194795
chr12	95575898	96921533	0.186908212315082	225	0.111679765045575	2.95574883983393	7441	2.33938208314119	11	9	2	-6.73504299207571
chr12	96952177	98725577	0.140691979544419	153	0.100661184915571	3.29004959717814	5384	2.83894576643159	14	12	2	-6.73381303142275
chr12	98735719	104324601	-2.9496023107034e-05	166	0.0151277630547939	0.539701342240329	7129	0.340135839393272	2	2	0	-6.89750506464419
chr12	104394727	104525170	0.0615246456840268	28	0.0567336089188092	5.82390350814236	692	4.59657082657093	16	15	1	-6.73372970766526
chr12	104591511	106254087	0.35307679523386	29	0.120440079740433	1.34715166337525	2673	0.95679613337484	6	4	2	-6.76167770804189
chr12	106363928	107751899	0.00203336300753465	35	0.0603440137876161	0.515429759240823	1559	0.280272587305464	2	2	0	-6.74346577549629
chr12	107770191	108068176	0.0826496692918878	88	0.0596229838987149	6.14109440003761	1519	4.0449055616098	12	11	1	-6.73871110248274
chr12	108108636	109517903	0.498844598130132	121	0.0811097214555725	1.0389717711925	5053	0.506459190046501	4	2	2	-6.73795727525742
chr12	109526297	109980830	0.333642036701099	44	0.0954944044938791	1.46978101714812	2262	0.770979764680881	6	4	2	-6.73322666770656
chr12	110044364	111265509	0.0788881838018451	231	0.0749105093800891	3.99885339214607	14794	3.07836330282285	13	12	1	-6.73676392497774
chr12	111301696	111883143	0.328556205742503	62	0.093140200980049	1.19738915627745	3091	0.596118332900219	6	4	2	-6.78405597319216
chr12	111888376	112172910	-0.00055792922142972	21	0	0.548974299231206	882	0.319126606800972	1	1	0	-Inf
chr12	112227209	115855436	0.49880975699538	152	0.122945529287717	1.17602640117791	7975	0.690838506288524	4	2	2	-6.85061892715255
chr12	115888145	116704633	0.180913307697519	97	0.116113810962434	2.4642066897896	4098	1.7213210984243	11	9	2	-6.73505759239102
chr12	116711256	117597058	-0.000205937167246706	54	0.0906895646415326	1.07472298091983	2311	0.508682259378305	4	4	0	-6.74367012905533
chr12	117640604	117950205	0.00434651677268505	16	0.025	0.552609959695507	254	0.328728041002962	2	2	0	-6.7682560902978
chr12	117958180	120324962	0.498787744743628	142	0.110858868803215	1.14859079990012	6895	0.791678061638994	4	2	2	-6.77625263375476
chr12	120333096	120518054	0.163844665438157	77	0.102000338412316	2.86216068259556	2439	2.33567351860702	12	10	2	-6.73353402236915
chr12	120523061	121579799	0.330582133581945	169	0.124335501731008	1.44403501706764	6178	0.913187840813553	6	4	2	-6.73442455817488
chr12	121641283	133221076	0.00280040113302538	529	0.0422966491619806	0.517551679297801	16614	0.319300855711193	2	2	0	-6.81554222153874
chr13	17907340	18212134	0.0685330326973382	14	0.136178877999442	0.306995704183512	43	0.387672543659491	1	1	0	-6.93213922626973
chr13	18413176	114353954	0.498919904387707	2539	0.0986569635572622	1.0273293729029	99855	0.508635744839983	4	2	2	-6.89025561830973
chr14	18330642	19936715	0.275933984990487	103	0.121356036706689	0.993622810577629	2302	0.393209573841977	4	3	1	-6.76056422892374
chr14	20014312	106627628	0.49892622881322	3501	0.0956235683501168	1.01383944309428	154898	0.484683067581556	4	2	2	-6.77440086715238
chr14	106631196	106675394	0.498206895962656	25	0.176660427562787	0.82482101023935	205	0.327033328709842	4	2	2	-6.74227746334514
chr14	106700691	106874867	0.44244023737877	26	0.102853091647935	0.970780283358353	569	0.407434629224146	5	3	2	-6.87346242194389
chr15	19877285	24101253	0.498712064119781	477	0.130481714268318	0.928136342388709	7020	0.475538095517876	4	2	2	-6.79483746631116
chr15	24152765	101870499	0.498928134153091	3873	0.0961786241112661	0.981482245729319	155784	0.456060981463811	4	2	2	-6.81070787323246
chr16	11651	1222038	0.498871349776578	285	0.090656705082564	0.9433385464096	7887	0.363769550176533	4	2	2	-6.7517595570897
chr16	1223638	1229731	0.17300454619641	9	0.169473777060379	0.80989463850327	44	0.290900613644983	6	5	1	-6.75023554842391
chr16	1232973	32454414	0.498908266031783	2215	0.0934230917036602	0.997421093830081	90420	0.451401938290886	4	2	2	-6.73374112104295
chr16	32978438	34163177	0.0633965584582257	29	0.158215588403271	1.01877839054721	841	0.502337521864361	4	4	0	-6.82882154394192
chr16	34573054	34595573	0.498529099506	49	0.131592386263222	0.768546399480413	647	0.231636263903349	4	2	2	-6.75051040174582
chr16	46383416	46401482	0.498613255215684	60	0.111706207688553	0.802884282310828	1099	0.181201790527066	4	2	2	-6.74899746373812
chr16	46401545	81871106	0.498887727523554	1401	0.102964158755228	1.00000768923472	71951	0.451846948847041	4	2	2	-6.73309981478802
chr16	81890886	90095778	0.00129335375954609	483	0.00953633050199673	0.48599877286268	12958	0.18830834715689	2	2	0	-6.85425979872307
chr17	161655	21290766	0.498912570002617	1792	0.0930822859911198	0.983201089376218	74526	0.442234620167147	4	2	2	-6.75173494786516
chr17	21290834	21319138	0.294201480884187	101	0.126276489819713	0.866878952025417	378	0.274528331930915	3	2	1	-6.79482285942697
chr17	21322089	21703524	0.0946839010563789	107	0.138069515635949	0.831904602015277	531	0.490240495126849	3	3	0	-7.01291061732608
chr17	21703531	22109669	0.498582521690283	30	0.155107215421663	0.974758979290728	330	0.420685110864948	4	2	2	-6.73398205057187
chr17	22131294	22136872	0.0844941680419979	18	0.18476751864901	0.36507816231378	37	0.117198088260397	2	2	0	-6.87995980357244
chr17	22145651	25074459	0.499202677075902	21	0.0814042235946491	0.973435718350671	510	0.448232867695722	4	2	2	-6.73943696210071
chr17	25389878	39445502	0.498868331572274	712	0.102712940048767	1.00345274103386	39527	0.475146195561828	4	2	2	-6.73353746308281
chr17	39451799	57958742	0.000912622320230927	707	0.0335520551760636	0.497907871745279	36785	0.186706741651995	2	2	0	-6.73916133786597
chr17	58157566	82133098	0.498915891360843	2092	0.0932844769864251	0.99517965012931	77529	0.47594815080305	4	2	2	-6.73461436867241
chr17	82145728	82151192	0.231991720488689	18	0.0705734911072056	0.77091835786361	89	0.236491436289355	4	3	1	-6.77581103249806
chr17	82151233	83151013	0.135812491335839	95	0.144887987781456	0.944584584418503	3880	0.403653984038664	4	3	1	-7.09626283337891
chr18	47898	110425	0.416742948108224	18	0.145100866427146	0.629903067078273	218	0.546169667532799	5	3	2	-6.79950958880369
chr18	120645	15371376	0.498884785058111	639	0.0913631818281563	1.0235030087453	22943	0.494958388387833	4	2	2	-6.75314996398662
chr18	21182683	54884485	0.498875714456444	712	0.0966985845450818	1.01841418042223	36428	0.50468389296667	4	2	2	-6.7593281547449
chr18	54889484	55923598	0.109267877934719	12	0.191548395657045	1.06874314163832	849	0.619944629597968	5	4	1	-6.90409815806662
chr18	56015956	80250865	0.498889269430652	680	0.0968452162410508	1.0172254442267	23125	0.525492583266804	4	2	2	-6.74836703254748
chr19	107381	871987	0.109702367982616	121	0.0876834856966341	0.97227832299326	3138	0.374422258262898	5	4	1	-7.50993750201722
chr19	875389	879743	0.255031889714921	17	0.124706626315761	0.554802523012566	80	0.258799560776729	4	3	1	-6.74751554331844
chr19	879791	21561349	0.498927437972721	3235	0.0942149085981072	0.979353077434852	119350	0.422112983234854	4	2	2	-6.76336810590807
chr19	21566525	21635116	0.207006824884653	21	0.112715127644873	0.881774520618379	118	0.375853192726866	5	4	1	-6.77062264765679
chr19	21637850	24394098	0.498843091859265	272	0.101449111768402	1.02096784272786	7331	0.528874909809731	4	2	2	-6.7356441195849
chr19	27646333	54172032	0.498923640691122	3062	0.0920763567793888	0.98690137002346	122205	0.412141589034282	4	2	2	-6.74944176760825
chr19	54172450	54631479	0.498737346765898	227	0.125586797482856	0.95707433053433	3406	0.35280069560286	4	2	2	-6.73735348283779
chr19	54631594	54632090	0.0557863517050655	13	0.0108308675694836	0.626278534556836	33	0.172985926253606	18	17	1	-6.77173232650769
chr19	54633607	58563402	0.498893070453206	682	0.0943396852916495	0.977886541636354	22738	0.375614789795161	4	2	2	-6.74148333163836
chr20	82090	25642133	0.498897297180829	930	0.0962472871623977	1.01322965474358	37352	0.517403020017981	4	2	2	-6.74293590458681
chr20	25773570	26129638	0.0528504783760165	38	0.16953745332421	1.01229117895346	293	0.467983853826329	4	4	0	-6.79092171205534
chr20	28559798	31575379	0.357899483567681	395	0.160853405403625	0.894316798980211	2933	0.463356293096226	3	2	1	-6.99716917667033
chr20	31605574	64302606	0.498910417291134	1625	0.0917278871281731	0.997762686426328	78344	0.450043433678533	4	2	2	-6.73361538084236
chr21	5218123	10739729	0.329161798217938	456	0.15136118100074	0.579968681736583	2678	0.331448468298353	2	1	1	-8.01335122725119
chr21	13000809	30741759	0.498846355999321	488	0.105336039191676	1.02390732167121	13193	0.53539477989838	4	2	2	-6.75369840451547
chr21	30742062	30747177	0.49789807305414	9	0.185193817391402	0.629540778423146	45	0.321390558213976	2	1	1	-6.73468312039567
chr21	30747258	46618056	0.498898262742541	967	0.0948820590790979	0.991690101442083	34943	0.459642736477143	4	2	2	-6.73627349844537
chr22	10662973	12797396	0.312133862715704	510	0.157803447247919	0.578581419009175	2233	0.363460752590574	3	2	1	-7.33461546842116
chr22	15541341	50808014	0.498923434803718	3030	0.092955559260644	0.951848132579833	100113	0.413357766796997	4	2	2	-7.02088048807222
chrX	278445	55220607	0.498891477828385	1615	0.0980711267819791	1.01075553090506	82001	0.47601733666	4	2	2	-6.74960396223775
chrX	63552698	155985886	0.49888848379542	1117	0.111412866590584	1.01178663323742	104417	0.483856155485529	4	2	2	-6.76525100907292
chrY	11293647	56837148	0.081921350147212	70	0.150639083020753	0.291371808092516	184	0.503325751181172	1	1	0	-8.73931908357202
chrY	56854907	56880483	0.434216643970953	77	0.123553674954121	0.586813884154011	217	0.195239779100553	2	1	1	-6.90876689110927
