chromosome	start.pos	end.pos	Bf	N.BAF	sd.BAF	depth.ratio	N.ratio	sd.ratio	CNt	A	B	LPP
chr1	13273	4099338	0.00267314341592989	247	0.0850358331523661	0.498091770792393	8357	0.195356186764765	2	2	0	-7.22971339599283
chr1	4124705	45432458	0.329707998820435	1958	0.105329694807592	0.748845666758249	85159	0.274922646133998	3	2	1	-8.75904170538381
chr1	45463917	121527743	0.411871948891279	2266	0.101562087330689	1.14818350380994	107607	0.517017000587435	5	3	2	-6.75998329786491
chr1	125067377	248914573	0.405330352319141	4858	0.0969708256816544	1.13409470417296	209758	0.486836939129444	5	3	2	-6.73591024640815
chr2	675831	36442527	0.344111418940246	720	0.105420345368735	0.689457356534764	35331	0.255470003313264	3	2	1	-6.78095001757116
chr2	36477001	37677258	0.187558576019543	54	0.0778377247267411	1.12612417587961	3193	0.42672044587561	5	4	1	-6.74863277288121
chr2	37815685	91987648	0.332826428633476	1251	0.111825898391558	0.684673231855529	49601	0.269404039163437	3	2	1	-6.74143206634974
chr2	94194584	95951483	0.280275494819711	64	0.150969242077886	0.653411053351314	2127	0.259689989038754	3	2	1	-6.83421374092281
chr2	95953986	242183318	0.327019486650976	2810	0.1070203135348	0.677265620576	149623	0.252094354252366	3	2	1	-6.79371295059835
chr3	276611	75481540	0.407904050077915	2763	0.101173014583473	1.16408384747678	134139	0.504792539083943	5	3	2	-6.83908849339499
chr3	75515473	76178666	0.0886046408066392	129	0.139252889985041	0.891654806384673	815	0.426949861105895	4	4	0	-6.96741716247202
chr3	76225388	90241959	0.498756292397428	162	0.0952789881152161	1.05172910262336	6103	0.493941250525502	4	2	2	-7.38952865487002
chr3	91344406	94531188	0.493680621020794	10	0.0869833317366034	0.900134847216175	909	0.416869375578603	4	2	2	-6.73724020770622
chr3	94537986	98532142	0.382501546895983	128	0.101291016468512	1.04237328622792	3169	0.420133532989586	5	3	2	-6.85006228372999
chr3	98562505	105045760	-0.00133851184120731	110	0.00734166193719106	0.431679534633986	3924	0.164427928304074	2	2	0	-7.11161367513482
chr3	105334067	141617509	0.411510539027998	1217	0.0917780445791078	1.13777843033682	59171	0.516418050265011	5	3	2	-6.74261188293881
chr3	141635896	198150609	0.286550428717568	2173	0.116997042081179	1.59580528183094	102509	0.861965215875204	7	5	2	-6.73353517746452
chr4	59678	48628051	0.339101018366807	1146	0.105704157855839	0.689208344928946	41205	0.264632660983594	3	2	1	-6.78414938157066
chr4	49102626	49154530	0.0550335066957024	10	0.0828579105054752	0.134508582201998	51	0.192608822309292	1	1	0	-7.20905941148081
chr4	49157695	49609053	0.292426725099885	50	0.141271422070699	0.710722041107	247	0.420236496642269	3	2	1	-6.78558143011274
chr4	49627274	49711644	-0.00319841251747544	9	0	0.219423873613713	21	0.606708653701421	1	1	0	-Inf
chr4	52076895	190179679	0.335831817115576	2430	0.110331306586259	0.657128499373221	94426	0.255075660344863	3	2	1	-8.09178508088303
chr5	110077	498640	0.241506154263042	46	0.113106125617377	2.33821001158921	2733	1.15508556203661	12	9	3	-6.74053999362535
chr5	556609	1278469	0.498596841227745	114	0.137713235596657	1.36131010056529	3145	0.645934423034246	6	3	3	-6.73309452137764
chr5	1280036	11159545	0.00213777734215692	145	0.073709063578639	0.508141191520073	4439	0.280088220477142	2	2	0	-7.55224143923887
chr5	11179153	12753484	0.159059104331239	66	0.103670956071926	3.51327373193815	2066	2.99481755513051	19	16	3	-6.7375771816293
chr5	12766764	13156304	0.0505419536240524	35	0.0439061834048061	7.74618355264719	975	7.21640690268697	20	19	1	-6.73439696152781
chr5	13708107	16923560	-0.00115330274863168	70	0	0.454234756759885	2888	0.161282955760303	1	1	0	-Inf
chr5	16980550	19473808	0.348382842093607	68	0.124462993996012	1.51976839570338	1581	2.02645210047446	6	4	2	-6.74607909937707
chr5	20023426	25438516	0.0975114001903004	200	0.0863564542227716	3.94820971008285	7902	4.36099705513715	20	18	2	-6.73690866866019
chr5	25572612	29361223	0.00108190323440083	16	0	0.422848890657674	532	0.241929593761891	1	1	0	-Inf
chr5	29590095	30955276	0.112610839566349	53	0.0948983070409862	4.14556350655844	1690	4.01568340004459	18	16	2	-6.73318872472192
chr5	30959450	32042195	0.0543589506557287	317	0.0522887701267876	6.65636859845497	10115	5.64047824868136	19	18	1	-6.7375085425116
chr5	32046500	34398942	0.0947243149004066	345	0.0808191108721851	4.56185026930311	14236	3.74421078951402	20	18	2	-6.73558675949544
chr5	34440675	34803511	0.170128918192266	59	0.119860236649323	2.57541267728147	1072	2.33306975731281	12	10	2	-6.73366089186469
chr5	34805506	35067058	0.301342157528688	24	0.0719699514592269	1.51994870929231	1482	0.803791158304472	7	5	2	-6.76169046601352
chr5	35089298	37189717	0.105247341173562	219	0.0731184789810164	3.51663783822678	9964	2.36067462636991	18	16	2	-6.74204535531355
chr5	37211739	38352374	0.297806286490089	39	0.0885150855948733	1.4976419943998	2039	0.769515376909284	7	5	2	-6.74840021262072
chr5	38370435	38461948	0.108841459295366	21	0.0621051335965685	3.71571462435496	751	1.95754301693872	18	16	2	-6.73396312427335
chr5	38655151	46381409	0.31636826725324	189	0.0990579711600402	1.26816745847986	8946	0.734525828976484	6	4	2	-6.79531676508657
chr5	49601562	49661770	0.0662767008204636	10	0.179969164025396	0.0371405414135266	35	0.0287290442443406	1	1	0	-18.4804969721787
chr5	50322722	57059041	0.319738735974424	224	0.115835121117358	1.35621814016445	9530	0.640351339615504	6	4	2	-6.74155970324882
chr5	57066197	96282150	0.498869967062511	665	0.0876099280229032	0.88877341080181	35109	0.383253024788059	4	2	2	-6.8128002002841
chr5	96421888	110625288	0.331211678866772	198	0.118689771601378	0.643424014020345	6003	0.267845359966007	3	2	1	-7.10601118326267
chr5	110738106	111507359	0.000385487675081508	23	0	0.206549080506954	512	0.0893973361499557	1	1	0	-Inf
chr5	111731000	173616368	0.329086567844005	1478	0.101963412443983	0.684438794586103	64067	0.255478190294086	3	2	1	-6.74310866440715
chr5	173723347	181281936	0.241329576084399	513	0.101873154447281	0.951872374544028	18146	0.388610723905744	4	3	1	-6.80062916745666
chr6	194555	27790181	0.284238896764424	1247	0.1106407993349	1.47952507719757	48814	0.81410615317135	7	5	2	-6.86141934312779
chr6	27807896	31276202	0.498883785868315	555	0.0904655745799638	0.92279712213902	13479	0.307204320913576	4	2	2	-6.73815586538244
chr6	31276244	31276743	0.0858989862851905	11	0.101046973775027	0.749314684643243	27	0.198876652920656	11	10	1	-6.74547099938832
chr6	31276755	32473373	0.498863102203552	407	0.0938091087510489	0.922260528898581	9608	0.297288842459717	4	2	2	-6.73483369126128
chr6	32473499	32589729	0.304256389571158	36	0.134779782172771	0.382977346453683	91	0.296859037929601	3	2	1	-7.01304952446342
chr6	32641949	33085832	0.498720934085234	125	0.120249725638477	0.903520124689793	1556	0.270875880435318	4	2	2	-6.73322801482055
chr6	33085905	33086314	0.0799008706024142	9	0.0605229524872819	0.754262669017477	21	0.20216129816607	12	11	1	-6.74485994282117
chr6	33092219	60880534	0.498897562630345	940	0.0815966349516282	0.919540886153029	48661	0.353706622891935	4	2	2	-6.75096355939916
chr6	61133505	124282909	0.498879890947369	1054	0.0886346816576682	0.876711385357263	50340	0.373046303095343	4	2	2	-7.06873961353512
chr6	124823202	170594646	3.75419212285122e-05	1056	0.0320536817587281	0.450848114262971	33093	0.168409191791135	2	2	0	-6.7945942308561
chr7	50462	246536	0.498273737117401	10	0.137669693267779	0.903169265071798	148	0.342842333978768	4	2	2	-6.73316483124131
chr7	255803	1093669	0.498875097340913	97	0.112668206630013	0.998665818619538	2167	0.400678601061118	4	2	2	-6.76070606109481
chr7	1128307	1277065	0.0441135473640682	117	0.0488838552053206	10.9380723205603	2557	8.29839591661992	20	19	1	-6.7427169131358
chr7	1278069	1283677	0.127308226005494	9	0.176471669114337	11.0575451501863	130	9.78827238570323	16	14	2	-6.73317582007596
chr7	1285209	2524861	0.0588866195207512	538	0.049761648280221	9.88621969155189	25270	7.38873798454195	17	16	1	-6.74503691255808
chr7	2536129	2548917	0.133235975282993	16	0.0813149227796883	5.68846945448202	813	1.70527837143855	15	13	2	-6.73372258152488
chr7	2549409	3439088	0.0949768953327563	392	0.0771969018237274	5.61261150648089	10478	4.32288660266531	20	18	2	-6.73684098885732
chr7	3586416	9728182	0.498844625908405	284	0.088208795798935	0.945597927763871	11391	0.444930628997424	4	2	2	-6.76207334123454
chr7	9729299	14694174	0.314572915672624	103	0.108026837588833	0.683954996895583	2531	0.28857100149742	3	2	1	-6.75145622413001
chr7	14700539	15940090	0.0475201573783292	76	0.085235278092929	3.5838262144812	1737	3.53098827927817	20	19	1	-6.73690165138672
chr7	15950011	19773395	0.131492177994481	102	0.102641828615614	1.4729038705768	3806	1.10040107902277	7	6	1	-6.75156414175623
chr7	20141137	22788621	0.468166173753456	73	0.0673476294783048	0.870182754068454	3189	0.339185769754014	4	2	2	-6.89029635478817
chr7	22794436	22989610	0.190023411265776	43	0.107856103637744	2.51404775685267	759	2.28283977395143	16	13	3	-6.73641520861315
chr7	23028687	23585691	0.499041884384283	21	0.0876753209561385	0.904844899880765	1244	0.380497237254305	4	2	2	-6.73314872075262
chr7	23651021	24358222	0.00514679133624996	19	0.0229415733870562	0.431372304574709	339	0.2026243034974	2	2	0	-6.79107850033711
chr7	24679091	24865270	0.499056113966284	15	0.120105429876065	0.906580271404206	453	0.346903059691693	4	2	2	-6.73307311697704
chr7	24944357	26192747	0.000679443956714598	11	0	0.468573837017605	344	0.167303017929927	1	1	0	-Inf
chr7	26357157	28756292	0.203195511043715	93	0.138694162917873	2.13281554832679	5252	1.59915461948681	10	8	2	-6.73560885783852
chr7	28757338	29566672	0.000223222210228857	17	0	0.486505725223272	599	0.311138709039879	1	1	0	-Inf
chr7	29731981	32349942	0.499102347331396	103	0.0829406196778008	0.929115689733639	3659	0.367028123325115	4	2	2	-6.73870812948885
chr7	32472143	34751340	0.0104631313175374	47	0.11063902351573	0.515017183705971	1516	0.310667835557671	2	2	0	-6.95217587762335
chr7	34778501	36919320	0.498821204537085	57	0.151255611549002	0.87394352851191	2449	0.417759492513516	4	2	2	-6.74439868030274
chr7	36985916	37921399	-0.00055792922142972	21	0	0.521483351670334	530	0.257468634205413	1	1	0	-Inf
chr7	38162112	39121903	0.498776434535093	70	0.138612115753062	0.84037370086102	1651	0.303147229919573	4	2	2	-6.77139270143987
chr7	39204364	40194816	0.000223222210228857	17	0	0.451197730219549	753	0.176318620826806	1	1	0	-Inf
chr7	40245813	42986064	0.486828472345545	50	0.143333799081667	1.0333175507266	1572	0.869811895407584	4	2	2	-6.77361818867763
chr7	43207339	44920337	0.254354515378693	48	0.146595404996055	1.83039475411803	8160	1.66389568603522	8	6	2	-6.73357649076176
chr7	44927551	45394293	0.401232995021759	31	0.0722212848022979	1.19740862659629	1380	0.522714804317808	5	3	2	-6.7360260142
chr7	45657696	48245888	-0.00185186853131758	69	0	0.670191979814535	2447	0.234448352137703	1	1	0	-Inf
chr7	48273077	49114568	0.379207402172462	40	0.0772228875332589	1.18777182634463	1211	0.492194827428622	5	3	2	-6.78032161950825
chr7	49656108	58091475	0.00447775294451735	166	0.07626917321892	0.455268762612654	4394	0.188217819886364	2	2	0	-6.73553099249421
chr7	60981665	65094365	0.498835644959256	124	0.111630895625346	0.867029140628376	3640	0.359704698508486	4	2	2	-6.77532045179371
chr7	65103790	65960907	0.0693085990008844	182	0.105938930135337	2.06669682325025	2918	1.32383126552019	12	11	1	-6.76599038799956
chr7	65970678	67020772	0.156641286718476	58	0.131977542361723	2.29977033879915	6341	1.60202241857108	12	10	2	-6.74360470692075
chr7	67030428	69133441	0.267744884383221	272	0.121507721051929	2.14505986370305	5927	1.59316176536879	11	8	3	-6.74564882045564
chr7	69172514	85284367	0.163586748650856	712	0.0944325589608595	1.4171609516258	31634	0.859204133019506	6	5	1	-6.75316928505253
chr7	85351481	91486829	0.305364676601238	134	0.108449469587033	1.48538565953237	7638	0.677664606179038	7	5	2	-6.79002022387087
chr7	91617859	100952565	0.173267942137506	447	0.0888788376297369	1.37114936110337	30746	0.693600335284068	6	5	1	-6.73670900935719
chr7	100954269	100959720	0.121327783797974	40	0.0754068919859078	1.07100173735627	433	0.460765789285525	8	7	1	-6.73876169459442
chr7	100959889	100993760	0.352750568150773	85	0.131910495077096	1.21246226002367	759	0.454175294919174	6	4	2	-6.74735876810418
chr7	100993912	152380330	0.159604001776762	2091	0.0952145528339664	1.39584794349245	105853	0.682419001184197	6	5	1	-6.77267002194911
chr7	152384716	152410790	0.0970618745378087	65	0.123880777828461	0.785592973054152	187	1.00418481496311	10	9	1	-6.75081879704671
chr7	152414888	159263114	0.162226488299474	402	0.0868765550560919	1.42072313111401	10989	0.772951370270546	6	5	1	-6.74622749425825
chr8	311290	41900037	0.00160585105976763	968	0.063576058324182	0.449141255014334	30158	0.169719862197164	2	2	0	-6.85182512537109
chr8	41933306	43438973	0.49540351101374	74	0.0768021783675389	0.943011399052247	3579	0.524302077951939	4	2	2	-6.7396219121224
chr8	46035974	145055416	0.498907967105962	2186	0.0898989600759122	0.90018621748977	92552	0.379788570378527	4	2	2	-6.77155232053152
chr9	117713	34917986	0.498839121219408	529	0.111522275769383	0.447804018705947	19958	0.165352122190533	2	1	1	-6.89565089966927
chr9	34971258	43242683	0.257147994507744	477	0.132257201292919	0.918013806325771	12439	0.391917393309158	4	3	1	-6.73795970226261
chr9	61733163	138198484	0.249106607252552	2854	0.102597029636499	0.944089456177904	119281	0.38461008481188	4	3	1	-7.14903443188159
chr10	48928	39475684	0.328379572811106	1125	0.107396717114515	0.684727960128579	35531	0.286620438582635	3	2	1	-6.73990432771336
chr10	41859953	42280230	0.00979916202016318	9	0.185503369241639	0.55392655493611	69	0.313336748815979	2	2	0	-6.83363124812555
chr10	42280275	133689420	0.333976274480331	2457	0.104950842883166	0.691633741808346	99905	0.262054418784185	3	2	1	-6.89526052183733
chr11	193863	50512765	0.326974009074288	1876	0.103254117455774	0.686711475411153	66004	0.240775055758455	3	2	1	-6.76295940506476
chr11	54592419	56700450	0.328770233236788	64	0.0858015183177717	0.61666274817606	2978	0.168740994604935	3	2	1	-7.15120320703221
chr11	56700545	56701244	0.0871821063813319	24	0.122193709069788	0.404994351161779	52	0.0982928547459969	10	9	1	-6.86604982615763
chr11	56741065	69028432	0.336657315941472	710	0.0955992187933675	0.706732005702455	41308	0.23602412174507	3	2	1	-6.90091814776668
chr11	69030952	88215685	0.322218753177823	1011	0.117778991914237	1.48722428161409	41530	0.846810711778757	6	4	2	-6.85722791697439
chr11	88249691	96384426	0.36956281599903	188	0.111158543838269	1.12487417262382	9791	0.59462385974494	5	3	2	-6.77906418734328
chr11	96507615	134373663	0.00248618165633829	807	0.0309651434971792	0.449424820192442	34774	0.164432401512087	2	2	0	-6.84006614277399
chr12	13235	60104	0.188972206030452	14	0.163631252556432	0.972000130158565	106	0.625373755630828	5	4	1	-6.73750483006676
chr12	125962	19306367	0.0032487366451206	762	0.0665721713601623	0.457239592192405	25490	0.170446563169641	2	2	0	-6.74898134723171
chr12	19338268	34274021	0.412839789440024	660	0.105977651414999	1.10404232577092	20411	0.498062506679797	5	3	2	-6.77143829324371
chr12	37323770	42093853	0.441370915190453	167	0.0913060009084299	1.0306888214608	5456	0.710607651670531	5	3	2	-6.90709981294788
chr12	42119189	55493270	0.00227017560797038	625	0.0350799910095594	0.671454739583191	29724	0.229226620754554	3	3	0	-6.77045273218452
chr12	55551215	133234117	0.398967658371235	2802	0.0995458168128073	1.14509549025524	146913	0.524560289987572	5	3	2	-6.74340166495203
chr13	18177561	18413800	0.430984412147357	24	0.167633053362725	0.727049032291491	194	0.314606323948559	4	2	2	-6.90361532131718
chr13	18431667	114073541	0.498896658464787	1979	0.0942232940746533	0.923624246182775	81675	0.407704302851638	4	2	2	-6.8203531008043
chr14	18311764	106349015	0.332204316555683	2799	0.105491425159124	0.693191290801319	106972	0.260994423165009	3	2	1	-6.94182046105974
chr14	106349060	106874913	0.339122471707106	138	0.127992885865257	0.656500997949385	1810	0.219777228759188	3	2	1	-6.74351972496509
chr15	19876640	22278204	0.336454192979708	179	0.169427730566023	0.389656554227424	1933	0.215878693820843	2	1	1	-7.90078438759863
chr15	22360701	50945978	0.00384307855304	820	0.0663907433344462	0.463624221722559	35499	0.17483190654317	2	2	0	-6.9500091188711
chr15	51210647	101876423	0.409617985625911	2463	0.104880868557269	1.19331400525186	99745	0.549852321447983	5	3	2	-6.97075475223674
chr16	31779	4822969	0.498893307355929	611	0.0858017638784949	0.971762793931999	26912	0.357805468644532	4	2	2	-6.83174558898813
chr16	4825940	5271082	0.315756868445912	62	0.117912842355636	1.38648555565604	2296	0.762460631711372	6	4	2	-6.74646129144524
chr16	5272729	33734713	0.498881425455389	1113	0.103247401430686	0.953078869825683	55371	0.397394152845407	4	2	2	-6.96677040789012
chr16	33734756	34573145	0.15463519268683	29	0.136219776780785	0.868717861872465	655	0.326532081233532	4	3	1	-7.02321713235925
chr16	34573980	35908045	0.431218726066934	59	0.122001370104694	0.721723956687278	1193	0.349820216945828	3	2	1	-7.11755415209659
chr16	46386256	46401545	0.39583085440174	52	0.107368712141424	0.72649612074721	839	0.183120599851941	5	3	2	-6.78815115618103
chr16	46914282	61603357	0.00286706239984313	347	0.0514081252242757	0.46491820743142	13864	0.169734640994798	2	2	0	-6.8887447999481
chr16	62973906	71748223	0.498764667532349	360	0.0997016322588809	0.919430063579021	22142	0.476570175949004	4	2	2	-6.73616538720713
chr16	71766481	90095345	0.00269743140908579	860	0.0474511418808707	0.474551261960001	20329	0.173318423249496	2	2	0	-7.35112856272844
chr17	137556	11924036	0.000349039667025597	815	0.0453742958351929	0.473125852081131	29530	0.16024181081531	2	2	0	-7.14838054981007
chr17	11929376	13004930	-0.000841218726780779	164	0.00866764378481764	4.31950371158028	6571	3.40026333855837	19	19	0	-6.73867596140384
chr17	13008250	13543607	0.000385487675081841	23	0	1.2629139635444	430	1.28605760187572	1	1	0	-Inf
chr17	13633695	14478337	0.00107766881158144	123	0.0381751210090339	5.94714097783684	3399	4.6543307550304	20	20	0	-6.73519937701478
chr17	15304047	16420275	0.146462026196506	93	0.0959241070591773	1.26491704681188	3538	0.749053352859086	6	5	1	-6.76623773197455
chr17	16422654	18975461	0.289313361550327	206	0.110620628897911	1.6831853260829	14409	0.979649186028571	7	5	2	-6.73876156469713
chr17	19082149	20146579	0.197917418463694	158	0.118271726298533	5.06677785211421	12981	3.90226870283755	20	16	4	-6.7337115420278
chr17	20376057	23016487	0.498564736911315	331	0.157928834893961	1.23232745969221	4230	0.732620775920518	6	3	3	-6.76309677622765
chr17	24421438	26885379	0.498684207215243	14	0.144632026456532	1.24995325453018	177	0.362003781917749	6	3	3	-6.81707592964293
chr17	26939303	28911057	-0.000306267248291858	71	0	0.452974854719211	4647	0.158870237073295	1	1	0	-Inf
chr17	28959732	31327858	0.371992277226117	66	0.102446202836047	0.771483668736671	5994	0.313125321011091	3	2	1	-7.03122771751308
chr17	31336606	34038126	0.18509248215727	90	0.109471277279994	1.45110953918033	6260	0.779608927563886	6	5	1	-6.76032187151102
chr17	34038967	49310242	0.249146867258118	1009	0.0974797992919486	0.956759762837094	52128	0.372259678201166	4	3	1	-6.90196752329226
chr17	49369594	83158730	0.140545611529129	3156	0.0845217115904822	1.68075112228703	136508	0.911382767193266	7	6	1	-6.80664829517397
chr18	47858	15333334	0.327097225174533	498	0.106265143658822	0.685207599868737	14881	0.272584440202212	3	2	1	-6.73831861949012
chr18	21245978	52110287	0.344185610782777	526	0.106437343969118	0.700402424563504	22539	0.290286889671322	3	2	1	-6.89584056954163
chr18	52515346	80169145	0.0105495079700393	432	0.0304363463865355	0.452182360346918	12993	0.168542044864435	2	2	0	-6.81917594153749
chr19	282753	2939270	0.000844875332812522	323	0.0542932615037691	0.495334926036299	8916	0.173871933331154	2	2	0	-7.10049211933262
chr19	2962055	24364807	0.398878077816119	2804	0.101460633128937	1.18873196790744	117887	0.517889359833673	5	3	2	-6.82938857472393
chr19	27927886	29956767	0.000259844462698888	39	0	0.733752423257155	973	0.430006668704584	1	1	0	-Inf
chr19	30413830	33016299	0.371705147959637	216	0.1166199404398	1.91910975426002	6857	1.30434757998206	8	5	3	-6.73620131613447
chr19	33023173	33387931	0.00105112033315469	25	0.0018	0.725935433280031	956	0.271488413688126	3	3	0	-6.94266360760389
chr19	33411513	33550697	0.431139743734434	9	0.20510552839399	1.37697538024898	242	0.876768153033472	7	4	3	-6.73538386500242
chr19	33800378	39873286	0.000666267281953181	466	0.0444705196403156	0.705187014676576	21790	0.248143263965034	3	3	0	-6.80022496565558
chr19	39877634	39902409	0.374346213256234	27	0.139737676499999	0.704740908383268	182	0.267075728665954	3	2	1	-6.78450454839855
chr19	39915047	58499226	0.00192481672300288	2332	0.0433605547520077	0.709872988350948	78069	0.245469800456176	3	3	0	-7.02302416176288
chr20	101574	26133007	0.000421682840458459	501	0.0311818344937435	0.462624091373587	20100	0.165835056532163	2	2	0	-6.90731409236183
chr20	28559798	30843162	0.428441418865678	358	0.164579413067966	0.72049136466973	1616	0.36240448488853	3	2	1	-6.95875109082564
chr20	30843335	31069183	0.0283644596978542	22	0.150259551777692	0.764010147773333	147	0.341819047459108	3	3	0	-6.76936136012613
chr20	31274572	64327831	0.498905840421213	1328	0.0891413173842744	0.961571569909725	67114	0.385528855010722	4	2	2	-7.12846614240048
chr21	5218123	13035101	0.498672012971372	523	0.137647430665804	0.873310692404814	3629	0.462894339528821	4	2	2	-6.76790688960708
chr21	13249755	46658699	0.413341703343136	1291	0.108283459211344	1.15245601356447	48702	0.513446039731454	5	3	2	-6.75744905577322
chr22	10684424	12813658	0.227221887810755	481	0.154078532617118	0.662304321728889	2131	0.32278000546736	3	2	1	-7.01511491524113
chr22	15562384	17827673	0.477373562877016	139	0.0978148227391556	0.931216776054778	3869	0.3870032067214	4	2	2	-6.77027410878728
chr22	17842612	23573689	0.336396007078877	601	0.106337419330456	1.49013968317597	22100	0.740498013994635	6	4	2	-6.782648345807
chr22	23575324	24242147	0.498710856839359	106	0.126095291908578	1.00517569071006	2894	0.430814527282752	4	2	2	-6.75484046266141
chr22	24334619	35241894	-0.000602096715817846	278	0.0349594427398044	0.488747399256193	13923	0.17315133462444	2	2	0	-7.70936697631637
chr22	35345870	40670546	0.331825715876937	488	0.109382171535369	1.47200317611559	23460	0.709022792093554	6	4	2	-6.77022406017522
chr22	40729388	42857914	0.498836566007619	170	0.0845256416318876	0.994741658917431	7929	0.445775544267782	4	2	2	-6.78497136798528
chr22	42882156	46915508	-0.00093596174165933	190	0.0159090188601189	0.506970413429208	5556	0.178256416231637	2	2	0	-7.52985705624891
chr22	46997597	49626752	0.481074329424209	55	0.103436273261669	0.969527396237088	1090	0.435854535784752	4	2	2	-6.78741584677358
chr22	49657359	50703852	-0.000113667380674309	155	0	0.483367993027754	4377	0.165318951955464	1	1	0	-Inf
chr22	50711739	50808020	-0.00319841251747544	9	0	0.464339619166102	303	0.180246419528023	1	1	0	-Inf
chrX	264289	58394685	0.334797737325383	1005	0.113399255281035	0.710192039259389	54233	0.274059429515178	3	2	1	-7.4246851210273
chrX	63644097	88452866	0.339598807860852	252	0.100213594375041	0.702170664635392	19164	0.260939305818261	3	2	1	-6.92063726248905
chrX	89754687	134394086	0.498839551285651	412	0.107058150195157	0.46725461660501	24335	0.186556678304198	2	1	1	-7.27316152893341
chrX	134575450	156003570	0.242561030118274	409	0.102636582706601	0.920835880436362	26307	0.36927089896458	4	3	1	-6.75204631988067
chrY	11111650	11381695	0.112990160304146	23	0.147390892184064	0.277071823239146	79	0.392863602858743	1	1	0	-7.10739854958992
chrY	56830430	56837148	0.0830149550222357	37	0.151355750016519	0.216175304568878	68	0.157495042217495	1	1	0	-6.90870848405904
chrY	56854914	56885653	0.495406357239245	87	0.157845923202973	0.682269001457328	260	0.37907897347633	4	2	2	-6.74408130846053
