chromosome	start.pos	end.pos	Bf	N.BAF	sd.BAF	depth.ratio	N.ratio	sd.ratio	CNt	A	B	LPP
chr1	65974	5333063	0.498857260588616	622	0.0920552851180833	1.07728955573583	16618	0.353799076019965	6	3	3	-6.73349188815802
chr1	5500310	7546191	0.350441306074456	157	0.128536494149601	0.746097968611064	5073	0.281668918462268	2	2	0	-6.77299263092061
chr1	7573797	16476508	0.457477803828261	1050	0.100612967042259	1.05055489590946	34594	0.374866670410949	5	3	2	-6.85899330079219
chr1	16490636	16900198	0.361612971836399	163	0.13181294541493	1.0734787973998	1836	0.353037067246528	5	4	1	-6.74565066365231
chr1	16900255	20760109	0.498840598706713	471	0.104378019364726	1.06755601528105	13858	0.381901735461849	6	3	3	-6.73574625497221
chr1	20773353	22644149	0.344264265333582	285	0.0965675700065534	1.36861332336805	8915	0.480629721185706	9	7	2	-6.74145227854451
chr1	22733291	72282161	0.498882796771256	2968	0.103224395619252	1.06453249955029	130981	0.388564929368721	6	3	3	-6.78148622022296
chr1	72523707	124514261	0.46255562626905	1640	0.107936528642141	0.897884252027721	61800	0.323424462905207	4	2	2	-6.80839146284323
chr1	125094663	143437253	0.322834439625716	44	0.143416606216607	0.649880424723175	769	0.271990590466198	1	1	0	-7.17153032410153
chr1	143462867	248945614	0.498907820954592	6209	0.0973393825386036	1.11871551726656	232049	0.391241338617271	6	3	3	-7.17434093825486
chr2	62021	90380725	0.303325002448809	3640	0.122916137065787	0.8663984299285	126847	0.320178204742199	4	4	0	-7.45768243176454
chr2	90380805	91578907	0.307477261133841	71	0.1570379684702	0.668942594350679	529	0.388215570889436	2	2	0	-6.86857281980724
chr2	91590867	92006131	0.498963852043735	62	0.127476765544038	0.948019361704639	644	0.496635859028384	4	2	2	-6.73566144016256
chr2	94190317	242183396	0.439237375224953	5636	0.108253644881636	0.886434599567745	212052	0.314846012770638	4	3	1	-7.04534315722623
chr3	51295	90238896	0.49888687869764	3446	0.106911639425114	0.862422634540053	134741	0.310782550905803	4	2	2	-7.65763884506962
chr3	91404517	198120733	0.498891749016872	4143	0.108556261362137	0.879165872985873	138392	0.322483176236739	4	2	2	-7.08795346528016
chr4	47230	48586806	0.498876434514181	2144	0.0988540212587787	0.997259615119012	66448	0.36805573235052	5	3	2	-6.85903976031366
chr4	49023704	49711855	0.409804014367491	220	0.138261944199341	0.781365292239745	1819	0.283999862798193	3	2	1	-6.77757394190433
chr4	51996206	170605363	0.498889486471321	3800	0.103164665305148	1.01094886401896	128662	0.379905204282798	5	3	2	-7.02603683491529
chr4	170677725	190179746	0.496444193115491	798	0.112633528018315	0.886714107474972	18777	0.344210181202583	4	2	2	-6.75939109844307
chr5	94521	46381441	0.498870653737609	1951	0.0978355450061794	1.22547683586928	57289	0.532237316762802	8	4	4	-6.81497820335044
chr5	49599598	49666819	0.299137226606418	83	0.122710721805226	0.643484959501816	582	0.207493155122449	3	3	0	-6.82903505833381
chr5	50273784	54711957	0.310229260599756	141	0.116136433671511	1.127183072117	3846	0.559434015823079	7	6	1	-6.74596420929959
chr5	54726557	56243515	0.275024131768703	98	0.105979598308976	2.040040495265	6112	1.03789290310404	16	13	3	-6.73400058215551
chr5	56257390	56646458	0.108878058349212	50	0.0659772038553577	5.57283288634037	1393	3.27474313730138	20	20	0	-6.75515676858584
chr5	56674058	57243028	0.26588943171558	78	0.105209589750924	2.14755326128033	2502	1.1078847347534	17	14	3	-6.73474516789495
chr5	57318837	97742853	0.297078158886088	1251	0.11755831534721	0.900822604553581	43583	0.333182844380423	4	4	0	-6.73343537434559
chr5	97883369	101030645	0.312219998399381	97	0.114572161904649	1.98292317925346	3285	0.844722166652836	16	12	4	-6.73465396878091
chr5	101180173	103194967	0.294893149533449	45	0.129344024862677	0.944222750471761	1514	0.332150347249235	4	4	0	-6.75772004049547
chr5	103321187	105697008	0.176571121514437	93	0.122027458225638	3.12474422808339	2578	1.98893720472658	20	18	2	-6.77270919177133
chr5	105733586	111793862	0.279583690109422	205	0.102554817432778	2.29005082714342	7595	1.1849647158795	19	15	4	-6.73373008062864
chr5	111944461	114284817	0.181177569998147	233	0.0955672238406358	3.20012720850427	8285	1.52464531477274	20	18	2	-6.79929042421917
chr5	114376877	116449147	0.498712314913067	70	0.0970028494170715	1.37277636783956	2682	0.500676583619822	10	5	5	-6.74507995365059
chr5	116475524	117007694	0.213653036804177	54	0.0944570216067477	3.04932718803471	1458	1.36482438172872	18	16	2	-6.75508979055069
chr5	117038603	120969892	0.139511184767972	284	0.0923925357774999	4.38544510617816	9613	2.57782382557767	20	19	1	-6.88376156496855
chr5	121039816	169233313	0.288572528117005	1853	0.120247438808091	0.894342942411271	75575	0.320215144369814	4	4	0	-6.75477114671764
chr5	169257832	170843323	0.335998713183802	148	0.103085933518017	1.99306918256627	3897	0.996172088262088	15	11	4	-6.73600042264451
chr5	171171386	174668585	0.414926922825655	222	0.114543530121482	0.998897414195901	6601	0.383963881301151	5	3	2	-6.80479416402503
chr5	174673431	181288546	0.287200172966112	740	0.119261277509535	0.861917778802106	20207	0.305762236297122	4	4	0	-6.82302640208054
chr6	160049	60666355	0.454640768930753	4465	0.098080703436543	1.24268275754481	150767	0.436126464049612	8	5	3	-6.81863029574905
chr6	62177194	170732013	0.283253969679502	4090	0.115595170229493	1.02535106834174	133459	0.387147855926674	5	5	0	-7.19669277896039
chr7	50462	58100473	0.40546518606085	3353	0.103790264467324	1.21807996967304	103969	0.459204264540753	8	5	3	-6.96005368397303
chr7	60958059	159260906	0.433900489512683	6017	0.105398607997327	1.18760564646653	207673	0.447073779192812	7	4	3	-6.82826451431702
chr8	213553	43522608	0.319522809700531	2816	0.111689639610455	1.19910531778382	79205	0.455335908119078	7	6	1	-6.8067961423191
chr8	47071124	145003236	0.309462834188758	3741	0.11237390876569	1.21606772100353	137689	0.458930124768849	7	6	1	-7.0982821576985
chr9	111919	38754640	0.498867000032432	1731	0.111366193365046	0.865702765575903	48679	0.318390456055764	4	2	2	-7.08111360841202
chr9	38770469	43242683	0.411643595360386	337	0.134228739512417	0.945654940129851	3156	0.450182322684713	4	3	1	-6.7681056215901
chr9	61571795	138220869	0.498883418066585	4062	0.110016363556947	0.855052070997119	139447	0.305604751703693	4	2	2	-7.85442264336358
chr10	47476	39986547	0.498868524977341	1819	0.114730980179568	0.74933511907422	51976	0.298176239700726	2	1	1	-7.11036319515731
chr10	41818570	42200974	0.477680979789134	64	0.143267758220874	0.782116663778379	556	0.381517956885238	2	1	1	-6.75799232559927
chr10	42210047	133689399	0.412581752815949	4052	0.108341184982581	0.921186783962544	148475	0.340457968180726	4	3	1	-6.96107794384351
chr11	197557	33612478	0.453724950021515	1996	0.0995997836757319	0.867126342714239	63290	0.285681982537335	4	2	2	-7.20389994705423
chr11	33612514	43703484	0.334551782264227	356	0.11486180289049	1.11086290533168	9736	0.435837190167668	6	5	1	-6.75600882264331
chr11	43731286	50512735	0.498818364398151	364	0.0965954563580663	0.850676717801275	16993	0.292952904445048	4	2	2	-6.88683009702874
chr11	54591999	66369440	0.432394219867206	946	0.0896746817155142	0.84405998931327	44331	0.264777923808474	3	2	1	-6.89997828829144
chr11	66382088	68050802	0.269969646835185	274	0.103175881029136	1.63509120874354	14349	0.618843845813746	12	10	2	-6.73662962408345
chr11	68050933	68511361	0.498719554821711	47	0.117445037039691	0.983150397947219	1818	0.396444125629657	4	2	2	-6.74639203936889
chr11	68533422	71737766	0.114476987229737	639	0.0880274810630444	3.94945654977828	23653	1.86227676203275	20	20	0	-6.8805334970816
chr11	71784435	79805959	0.449359139071187	486	0.106232209595004	0.878254445354232	19838	0.509802841075491	3	2	1	-6.84937903082285
chr11	79989308	109715648	0.498845908871793	913	0.100635468134871	1.11959473525408	34175	0.413694573935142	6	3	3	-6.85598289593283
chr11	109752229	135057684	0.346123377474447	1071	0.120580177497752	0.739855732470176	42020	0.257989684405186	2	2	0	-6.91638145156189
chr12	12304	34309738	0.49887635008218	2365	0.101095172248911	1.0063632847672	69229	0.357944920482783	5	3	2	-6.88254062654613
chr12	37444252	133231553	0.49889582138116	4859	0.106892793457841	0.924126189924473	195522	0.341129188747872	4	2	2	-7.0300392098635
chr13	18177561	26438959	0.498806765517687	669	0.107208663475645	0.896848503037965	15540	0.339147291423681	4	2	2	-6.73410583417572
chr13	26445514	33817985	0.498966682939679	315	0.0956878474479731	1.06860565659753	12836	0.413761303513682	6	3	3	-6.73676894627943
chr13	33830631	114353849	0.498874474818921	2218	0.107511460974573	0.917216143515341	73596	0.344179222798474	4	2	2	-6.85731835259948
chr14	16037128	16401976	0.499056123403413	3	0.0723901466591506	1.26510829792921	44	0.776092486478712	8	4	4	-6.73313443998114
chr14	18330620	31485406	0.383120363933439	979	0.101871985516941	0.978610151157171	31044	0.31903300814358	5	4	1	-6.76774616469813
chr14	31503065	71759791	0.498874631407256	1866	0.0949421962167253	1.21522224586591	69430	0.466442931204646	8	4	4	-6.88529629580786
chr14	71796882	74625232	0.380938660414407	319	0.114605946437924	1.45954899090635	12159	0.585643053716496	10	7	3	-6.73537313827819
chr14	74673233	106874644	0.49889210933909	2217	0.0956590021851999	1.20082283031863	75801	0.423350130504974	7	4	3	-6.88815319333272
chr15	17081956	17081962	0.429	1	NA	0.577	1	NA	NA	NA	NA	NA
chr15	19959691	20341079	0.341926102085169	179	0.12058340361777	0.843004755189657	1946	0.256659628333647	3	3	0	-6.74125283312271
chr15	20347493	101980754	0.498886826112695	4495	0.109130149012295	0.854371044023702	158456	0.303445678510576	4	2	2	-7.95854783600087
chr16	11602	29609	0.212772787498638	9	0.171745289438879	0.723509791643868	26	0.493488101329552	8	8	0	-6.74676309558598
chr16	35658	34268483	0.498888360198272	3642	0.101240547548083	1.061963510663	118276	0.377257245089682	6	3	3	-6.78029893476915
chr16	34572124	35642752	0.393082526887264	86	0.118097557575655	0.810396307661777	1524	0.368069948191382	4	3	1	-6.78808040173507
chr16	46383753	46401452	0.495763052486	69	0.125657459394376	0.68882551145399	1069	0.126413840546769	2	1	1	-6.73509188460258
chr16	46401545	52468659	0.498788716708936	223	0.107934752881032	1.10056575814262	11122	0.399090511585139	6	3	3	-6.74013606012442
chr16	52645993	76990264	0.34412944466074	1381	0.11777419182419	0.915070136357657	58590	0.335445985656351	4	4	0	-6.84630907283405
chr16	77125459	81841486	0.498742461312618	275	0.129849241152972	0.633944474639447	5286	0.262982510596226	1	1	0	-6.90431859422144
chr16	81844285	90102289	0.382302551415141	963	0.103302995924178	0.967640579979325	23003	0.337788127074741	5	4	1	-6.7777932417101
chr17	137637	22717047	0.418931315329611	2938	0.11117237335503	0.951926764962621	83166	0.333259330420405	5	3	2	-6.98795971570719
chr17	24421526	83233421	0.420271305548199	4875	0.109766356023801	0.958309406672595	193787	0.342463844185882	5	3	2	-7.11727224293333
chr18	48266	112257	0.248806157794082	33	0.13000507711531	0.745518427988279	380	0.367823234695239	6	6	0	-6.7720866958801
chr18	125171	15357277	0.403511042352859	1037	0.111798064805286	1.151972466157	27088	0.447288985446701	7	5	2	-6.76305053538681
chr18	20946254	80250865	0.49886360517776	1912	0.103431752268006	1.09568539216295	69312	0.411655255814182	6	3	3	-6.76894917937343
chr19	107381	24394098	0.498908968723321	4455	0.10192996940624	0.931780537454961	141870	0.320096957091271	4	2	2	-6.88759591194699
chr19	27392127	58563286	0.498917715752822	4983	0.0997654045498286	0.934338547021543	157218	0.311424921368947	4	2	2	-6.97482519900752
chr20	96321	26274736	0.230804724929533	1266	0.11544380177618	1.10276100008292	43558	0.405101235513805	6	6	0	-6.78590285291437
chr20	28513612	31074286	0.493662486817415	691	0.131920280082276	1.0848821151731	3388	0.400466557153318	6	3	3	-6.7345120089951
chr20	31075465	53091752	0.224777759874395	1548	0.118374190905253	1.08225606526269	68306	0.393062366624575	6	6	0	-6.76019769620347
chr20	53143415	55475672	0.115465913694359	191	0.0997951561359875	2.06923682925863	5596	0.917263426351669	18	18	0	-6.74175479490743
chr20	55490148	64302708	0.194437376350847	712	0.108362654077631	1.22082559966981	23950	0.400603006151724	8	8	0	-6.7885414204375
chr21	5218065	13113074	0.498726095086754	666	0.131267169477233	0.909497230177485	4213	0.314776226927379	4	2	2	-6.7371152192484
chr21	13227652	46623390	0.498864463937308	1751	0.108746909312686	0.863639112572477	47201	0.318756817506259	4	2	2	-7.07049782790559
chr22	10685774	12813444	0.400985972056995	563	0.124699723886621	1.00644666046848	2686	0.340277769204978	5	4	1	-6.78891216879876
chr22	15489551	50808180	0.498887487709272	3525	0.104939861550064	0.951829422420275	111803	0.344434269752566	5	3	2	-7.11959654294163
chrX	256771	57985860	0.338424731852129	1872	0.123989634028105	0.776386599263669	76195	0.290467307997387	3	3	0	-7.4304800245137
chrX	62995344	156005413	0.332028929287455	1620	0.117697465795381	0.775106923761568	92708	0.279144807005287	3	3	0	-7.93126572891265
chrY	10776535	11747664	0.318783760350626	81	0.118034416408055	0.756488858013841	605	0.283969672645183	3	3	0	-6.77699281663894
chrY	19413653	56887102	0.496018268191348	189	0.124439669029569	0.881067064339737	610	0.302371550101887	4	2	2	-6.85642506225028
