chromosome	start.pos	end.pos	Bf	N.BAF	sd.BAF	depth.ratio	N.ratio	sd.ratio	CNt	A	B	LPP
chr1	13273	284929	0.272487548030565	9	0.108822102534366	1.05129544466989	176	0.608490694846097	4	3	1	-6.75028845454973
chr1	786325	1624723	0.0214138911541076	149	0.0711251002383178	0.469695910772824	3902	0.139015976612843	2	2	0	-6.77644283398844
chr1	1630562	1640584	0.30691643088453	9	0.0470888639819556	0.493789791452695	93	0.136703411860858	3	2	1	-7.044954391064
chr1	1684557	13178963	0.0197172268021932	681	0.0552419006033934	0.476157447171749	21747	0.166976540071177	2	2	0	-6.90852607885769
chr1	13225068	13245496	0.476652995828191	28	0.139477952402339	0.426766617840583	120	0.195907798405756	2	1	1	-6.75570413307218
chr1	13419428	16539538	0.0180516038932233	235	0.0667082889708719	0.477915837386738	6002	0.164858591103962	2	2	0	-6.77545886193279
chr1	16548994	16760970	0.498556500334242	123	0.142671955263135	0.486613354513134	964	0.190766335214187	2	1	1	-6.73317407513566
chr1	16856774	77076178	0.0202483110724579	1640	0.0627341840664948	0.483027051460286	88094	0.168753446808953	2	2	0	-6.92160945286177
chr1	77351129	78629896	0.405682770751844	27	0.107670252116744	1.37925165657319	2829	0.598602831484059	5	3	2	-6.78221628747383
chr1	78641214	83031247	0.0193730613437497	18	0.0788962460897781	0.497990738836745	1221	0.184938551837052	2	2	0	-6.76159416821583
chr1	83911469	84978967	0.221626480814329	38	0.102091750216677	2.18220871344106	3218	0.94871554754432	9	7	2	-6.73456279517534
chr1	85082262	86862175	0.0249972817786611	43	0.0572660825287963	0.504063114903828	2163	0.197179603792011	2	2	0	-6.75824196260951
chr1	86865978	89583481	0.348865575352885	136	0.0944314505671132	1.32684715938183	4340	0.645776301656498	6	4	2	-6.76102825550518
chr1	89712777	91919277	0.0216794808560027	30	0.0240364665485161	0.503903274466132	1648	0.18191261122832	2	2	0	-6.78035213612561
chr1	91951722	109924188	0.221498990310732	813	0.10156958260304	2.1379013703664	44967	1.02063207733621	9	7	2	-6.73514309652332
chr1	110018293	110899236	0.0248934523953813	23	0.0385327231192936	0.476362529520761	1290	0.152239250558771	2	2	0	-6.74860332710007
chr1	111126401	115540046	0.218333803165523	296	0.0949215928818934	2.12501916465738	19227	0.958075811725229	9	7	2	-6.7364504746859
chr1	115577961	120138981	0.356883373458341	155	0.0893298547949535	1.30344611766141	9562	0.446616398187904	6	4	2	-6.86091798994995
chr1	120157252	124250861	0.0314277409207578	29	0.186835199107705	0.571616403659846	989	0.238531418821955	2	2	0	-7.63572544172088
chr1	125066017	144904956	0.254380902461165	47	0.143067310449134	1.43751133949567	2143	0.755287501558735	6	4	2	-6.92701241156756
chr1	145241780	248945580	0.331544488888102	5808	0.101579038102061	1.40150320942351	280639	0.530817950246349	6	4	2	-6.764634332596
chr2	41404	91987666	0.329538937181427	2845	0.107606391906966	0.951541026965839	130799	0.343788306846292	4	3	1	-7.00011160098383
chr2	94190317	242183407	0.332285589995705	4182	0.101058243498705	0.951249401581527	217203	0.332563008245465	4	3	1	-7.05811190176817
chr3	194906	90507212	0.498920976419107	3183	0.0863510705169174	0.939937092896031	139839	0.331389698354634	4	2	2	-6.83315225421208
chr3	91451656	198150648	0.498910992639341	3223	0.0910996448883031	0.962570965252003	142753	0.346090499547856	4	2	2	-6.78034315849745
chr4	46210	49016897	0.0215780807648217	1276	0.0663530811683955	0.489452750298154	40702	0.177063961283708	2	2	0	-6.73546493262592
chr4	49091992	49711661	0.438545610089786	153	0.136474311194815	0.891497742578356	1522	0.305335646115893	4	2	2	-6.87028103562894
chr4	51848345	87615197	0.0195377765125767	795	0.0548309816696821	0.494397602254948	27732	0.170721820327	2	2	0	-6.82675494033871
chr4	87615305	87616109	0.15647008589459	10	0.132140876004025	0.407809610550234	37	0.0555135727255665	6	5	1	-6.97552232813971
chr4	87616154	189732627	0.023828043742263	1265	0.0538545966833803	0.496157767278819	60332	0.179419180546468	2	2	0	-7.11152626734363
chr4	189881300	190179746	0.436543932438948	30	0.133781469603213	0.58774420047928	380	0.171720786441369	2	1	1	-7.0638225371622
chr5	110077	404486	0.0295913009536624	58	0.0370812493891636	0.519770128501122	739	0.550404853856007	2	2	0	-6.74438622447457
chr5	407689	619218	0.271604241666015	21	0.121201269048833	1.74066965297227	1115	0.517641591825671	7	5	2	-6.74655245892234
chr5	665958	893271	0.498455230285035	28	0.172865191228958	0.624024469794066	890	0.621380492280374	2	1	1	-6.75400835538648
chr5	958506	2404235	0.266361177426674	138	0.113464885209503	1.77234529517715	4362	0.831726670640438	8	6	2	-6.74559880861922
chr5	2491851	16999445	0.0246082578287316	308	0.0848966305461108	0.508392660389641	8481	0.289894905128237	2	2	0	-6.88591874360536
chr5	17013022	17822599	0.257765788643956	64	0.12274403029967	1.94041704598569	1641	1.13623138006495	8	6	2	-6.73418702892482
chr5	17895161	18757686	0.0251025003753973	15	0.0909218397987027	0.642885923500466	184	0.523171800127191	3	3	0	-6.76276603608311
chr5	19028809	22806587	0.383475736670911	87	0.117604465098794	1.30396775389866	2458	0.655319085543699	5	3	2	-6.79523371966484
chr5	22885804	24768739	0.195719818730807	104	0.102859402870011	2.41233906079678	2792	1.22839755713644	10	8	2	-6.7366997657633
chr5	25596633	27837079	0.450873940453483	40	0.125530167995279	1.04700563987865	1093	0.795171789149429	4	2	2	-6.84207892967301
chr5	27949868	33248128	0.25168388555747	297	0.108791920761296	1.85000056476679	9793	0.971650872281886	8	6	2	-6.73418139790981
chr5	33336151	45847891	0.343492591498828	449	0.113231017891489	1.46005758889762	24313	0.599681554496896	6	4	2	-6.75323388731808
chr5	49599598	49659464	0.351167132101523	50	0.138363291404054	0.856505417107944	494	0.283987457275828	3	2	1	-6.75080493123264
chr5	49659465	181281936	0.498910698619088	3593	0.0907151717369573	0.950860870777981	175086	0.337623583691049	4	2	2	-6.7385539286223
chr6	160049	60964235	0.361849347356276	4140	0.0996908420746604	1.29026995578888	158530	0.469452143899012	5	3	2	-7.82430431288877
chr6	61077116	65374161	0.364529523505331	85	0.0871973067710422	1.35686991407878	3364	0.566100523335585	6	4	2	-6.81128939334435
chr6	65374405	116254181	0.0230966303879231	719	0.0591945088075453	0.523477837864538	31856	0.322265674893362	2	2	0	-7.85890933492965
chr6	116315744	116453472	0.425011859900544	9	0.16612904957024	0.488762714583859	159	0.159866374022773	2	1	1	-6.85285426386216
chr6	116461325	159710888	0.021177003303135	987	0.0536650022346234	0.493815477962546	35952	0.173371135345843	2	2	0	-6.81820408627299
chr6	159711204	159712189	0.401302975391544	17	0.0927739980052728	0.820915424944113	93	0.0912343334486146	5	3	2	-6.74265699395372
chr6	159712417	166963324	0.0248858222666722	169	0.0581876476469616	0.484890141599193	5534	0.16952011754528	2	2	0	-6.74374307400173
chr6	166997799	167375954	0.0419624214428799	34	0.171896595062088	0.491231057112744	598	0.155299203662178	2	2	0	-6.73906322104902
chr6	167384381	170640200	0.0257969876403878	113	0.0484362745552745	0.476199750744793	3103	0.151469908379799	2	2	0	-6.79241392882393
chr7	31439	58091568	0.338803734496058	3424	0.104226260979757	1.42199486334665	119070	0.580240010283841	6	4	2	-6.73419257104082
chr7	60981598	159177989	0.350015655531449	5672	0.107542033260412	1.41949982705962	241711	0.572961879373498	6	4	2	-6.74308821983859
chr8	233002	43292832	0.498877800137986	1777	0.0990207445830794	0.889295407597721	60665	0.334587737108285	4	2	2	-7.68663958432817
chr8	45952307	144999793	0.498905998066525	2584	0.0889626396898951	0.94918929539879	111618	0.359213832631064	4	2	2	-6.74269173056783
chr9	117713	35725433	0.0221826706744086	605	0.0604680695378809	0.48371270192767	26394	0.174151159604036	2	2	0	-6.81613565090435
chr9	35735998	35870004	0.498836246840541	14	0.157589622155106	0.911671399119182	1350	0.216440036447953	4	2	2	-6.73651919346938
chr9	35906522	36643656	0.0217406653734072	38	0.0672743898354958	0.534023775347916	1536	0.331917100146542	2	2	0	-6.76543592378598
chr9	36652381	37020625	0.498943337800768	22	0.0884507836344095	0.920796850728725	469	0.318045281631644	4	2	2	-6.73577939771629
chr9	37095507	37516773	0.0172461706202547	18	0.0227208119158988	0.458565178919391	674	0.147716911743554	2	2	0	-6.84953030628988
chr9	37522815	38917230	0.499056623711099	81	0.0762835435224772	0.933554887981494	2534	0.317907450959976	4	2	2	-6.73682956170678
chr9	38956085	39002223	0.121448749899467	10	0.151736943425126	0.717647931137938	45	0.458369065273825	7	6	1	-6.84155809766824
chr9	39003596	43268256	0.401264290631219	319	0.133866490277805	0.867541696740211	2559	0.373255791591749	4	2	2	-7.20258122870592
chr9	61672407	68405558	0.498652090275991	171	0.127573056833022	0.883759014994102	2126	0.406655824117922	4	2	2	-6.87093483753078
chr9	68438014	138199123	0.498914281665789	3308	0.0918265310646729	0.935245059787071	139908	0.33641324119948	4	2	2	-6.86865461032808
chr10	57196	77263	0.169153715287453	13	0.0996037019186407	1.07258212696113	57	0.365461198822271	6	5	1	-6.74069279524496
chr10	77274	39131435	0.498880789065676	1190	0.093530595865238	0.9463772478596	56998	0.353124848187182	4	2	2	-6.74374977572297
chr10	41850715	42249281	0.470928287342452	54	0.142596903925312	0.954885035083787	577	0.523650445058215	4	2	2	-6.75786701112504
chr10	42273221	133787094	0.498911534331991	2915	0.0908137423059218	0.9434491428154	145946	0.328588540982672	4	2	2	-6.79001707577725
chr11	219089	50512765	0.49891613208129	2116	0.0846284925885519	0.932675566647282	91404	0.306206108558728	4	2	2	-6.88651535610604
chr11	54603136	135057684	0.498920073762447	3598	0.089995767531092	0.936313708840592	164670	0.309823727551629	4	2	2	-6.89557996166496
chr12	13488	34523014	0.49888765099046	1397	0.0911174191418145	0.94665460484599	64320	0.331124746895219	4	2	2	-6.74299154458776
chr12	37418138	133219447	0.49891614446187	3526	0.0855233940332941	0.943959486843522	191704	0.327320584801087	4	2	2	-6.78722727987892
chr13	18177561	114354016	0.49890454236559	2742	0.0897364274490726	0.953801169483632	99469	0.352135607042167	4	2	2	-6.73315684336542
chr14	18330642	19936608	0.334547948481258	104	0.119121917686622	0.958953162393452	2007	0.297264688974953	4	3	1	-6.98103151906935
chr14	20034762	106874913	0.498916501459134	3337	0.0924566529660664	0.946657743672379	155224	0.328194651146155	4	2	2	-6.75831302377087
chr15	17081956	17081995	0.429	1	NA	2.39332963365125	2	0.0671751442127222	10	10	0	-5.76441210317871
chr15	19964897	22387408	0.403462322387836	239	0.119145816722864	0.935472720897063	3178	0.303959098644553	4	2	2	-7.10887796484637
chr15	22432006	101980715	0.49892525429862	3856	0.0886533023116507	0.940786517545447	161951	0.325705259500535	4	2	2	-6.81347602754943
chr16	35057	36104311	0.498900907406141	2353	0.0947769466499914	0.924528640554446	102484	0.316027812870185	4	2	2	-6.93301675582833
chr16	46386441	46401496	0.446634129003134	59	0.105392057010424	0.837047328309903	944	0.149824312265119	5	3	2	-6.88689325287191
chr16	46401545	90175110	0.498920323413004	2592	0.0845862129077323	0.929631161539535	94831	0.321897243518683	4	2	2	-6.89214410630702
chr17	84658	21305037	0.498899163076328	2190	0.0935931653697689	0.927037110834091	77325	0.312606474517391	4	2	2	-6.83481143501336
chr17	21306831	22693405	0.407695601267932	187	0.116203974023536	0.893810841159365	1560	0.375708413183215	4	2	2	-7.11410967001753
chr17	24421438	83135686	0.498927832237386	3811	0.0896043835742601	0.932162520775358	181765	0.31249097462156	4	2	2	-6.9129160246648
chr18	48011	73734	0.470425657698924	17	0.0995068723609522	0.576523608521557	66	0.214322903022301	2	1	1	-6.79466465415402
chr18	74564	110632	0.179651258667229	16	0.124598538648466	0.755472171530433	252	0.227128047836084	5	4	1	-6.84419099031823
chr18	178879	14613507	0.0212269573270799	381	0.0554866042806115	0.496607268936137	13162	0.204091605910315	2	2	0	-6.78508137302702
chr18	14629835	15341512	0.498021321594673	16	0.211607655816135	0.523263596527855	575	0.201972462286052	2	1	1	-6.7807405455562
chr18	20954676	80169145	0.0183342351063513	863	0.0552476159670605	0.486413974455538	37608	0.173701326478121	2	2	0	-6.77441477712103
chr19	107381	24364826	0.419285109906843	4237	0.0882245908740073	1.13943615454049	155371	0.388246878733729	5	3	2	-6.90560161792727
chr19	27392072	58500660	0.421282724031277	4073	0.0902244298828552	1.12808116328558	175729	0.375094980212374	5	3	2	-7.07350799677677
chr20	113290	26132226	0.388735975233672	1447	0.101506236843594	1.34778835930851	51702	0.528455808527373	6	4	2	-7.03062775085812
chr20	28559257	31375438	0.42946107140078	674	0.13444427726502	1.23067664422077	3952	0.547844971627123	5	3	2	-6.76560494549418
chr20	31378311	64302540	0.372682406109652	2359	0.097026021024991	1.34112095716974	109411	0.536180092068227	6	4	2	-7.02325048725081
chr21	5218123	13096316	0.490812442983711	656	0.143921890333365	0.771511887190284	3876	0.317015979605567	3	2	1	-7.54204352848976
chr21	13255471	46692803	0.498903184407944	1339	0.0921167814273395	0.935219752277854	48475	0.332007680663146	4	2	2	-6.80076878916921
chr22	10685500	12797396	0.493497003151233	601	0.139312123797387	0.913146487831041	2692	0.339312040513288	4	2	2	-6.75487665665793
chr22	15330449	50808390	0.49891093605509	2837	0.0902745797921052	0.986078195316624	110530	0.341543127351307	4	2	2	-6.93196504903141
chrX	256750	58394685	0.498883073078298	1582	0.0926255337474256	0.939172388428027	84760	0.345105441281838	4	2	2	-6.79978710982804
chrX	64190230	155991011	0.498891833898304	1625	0.0905753272518674	0.940028994840025	104301	0.331419921330938	4	2	2	-6.83339451818528
chrY	10796683	11743913	0.39323324515343	63	0.149101586692167	0.921391515558223	414	0.259759571185315	4	2	2	-7.03579281521299
chrY	56826657	56887102	0.498646240184293	181	0.125154653009958	0.994971425085449	596	0.375398746421063	4	2	2	-6.73356567833597
