chromosome	start.pos	end.pos	Bf	N.BAF	sd.BAF	depth.ratio	N.ratio	sd.ratio	CNt	A	B	LPP
chr1	13273	4099338	0.204435092573292	239	0.111517214666829	0.396498865157739	7692	0.143384205604577	1	1	0	-7.70878710551628
chr1	4124705	121436587	0.296430304773519	4616	0.103294250657329	1.01183783748255	213481	0.414125994418357	4	3	1	-7.14676145307287
chr1	125094663	248914573	0.286331037906463	4542	0.0989712090328451	0.977291352321347	195536	0.371250900771632	4	3	1	-6.73561294302008
chr2	187974	89196698	0.498911019049245	2505	0.0871766924402411	0.99023503761664	118508	0.411841507704619	4	2	2	-6.77211237507564
chr2	89213285	91987937	0.498622246797291	185	0.145368046012217	0.928857712659974	2754	0.531458104133361	4	2	2	-6.74948480661406
chr2	94194584	95954090	0.290863643076834	86	0.11503914042781	0.912025315140605	2743	0.325031164813657	4	3	1	-6.78329463590298
chr2	96013636	242183413	0.498926674349316	3584	0.086657623957258	0.958078136671424	200432	0.364378475203621	4	2	2	-7.03295549544182
chr3	242270	75625857	0.498919832190106	2530	0.0844817055163277	0.996668501681156	123882	0.375412942156881	4	2	2	-6.83136459420994
chr3	75630958	75855067	0.22703731947698	116	0.126380131473204	0.810189367380886	661	0.317296317084622	4	3	1	-6.9215644155282
chr3	75937729	90241959	0.498782623967488	164	0.10739760146409	0.899884579926582	5728	0.392711973854124	4	2	2	-7.10636095114749
chr3	91344406	98532142	0.49905226060439	122	0.0686610973881137	0.869954591972821	3955	0.331244552295513	4	2	2	-7.23849915730248
chr3	98562505	104701146	0.126926780328106	117	0.0906039491237384	0.548669239563003	4623	0.184008260589744	2	2	0	-6.84159947481766
chr3	105045760	141612380	0.498902043802908	1130	0.0830736471805306	0.98619097096482	55975	0.369260762288308	4	2	2	-6.74117055765275
chr3	141685751	198150609	0.344778922192719	2001	0.113277266207656	1.40117666667441	96330	0.668894199076935	6	4	2	-6.73817695415848
chr4	59678	48628051	0.386909202816184	1232	0.0951498703140043	0.74087295467994	45198	0.27681325403317	3	2	1	-7.36601785656448
chr4	49092141	49711862	0.484353067214889	174	0.145591154950112	1.13159233998307	1765	0.554542927613103	4	2	2	-6.76512900197755
chr4	52076895	190179679	0.405078746028522	2669	0.100964099376267	0.705805788197536	104796	0.256232314534356	3	2	1	-11.2945070201273
chr5	110077	498640	0.237064621090147	50	0.100018873729116	2.48787107316286	2947	1.13112366526537	13	10	3	-6.74022834694979
chr5	556609	1278469	0.323094916272642	116	0.0987544256310022	1.48924398097692	3452	0.692453146085699	7	5	2	-6.75511865402146
chr5	1414658	11159545	0.129620877268553	161	0.101242153288462	0.588065680822313	4817	0.221933389626751	2	2	0	-6.90297481486853
chr5	11179153	12753484	0.17250466324624	35	0.124472345144945	2.3404218007161	1276	1.96826414671259	13	11	2	-6.7420986677532
chr5	12789785	13156304	0.0515054471185707	33	0.0549109299436162	6.01063058629919	849	5.38648127282321	7	7	0	-6.74903862262001
chr5	13479095	16923560	0.147787947048177	74	0.0964603927404487	0.549026238375988	3373	0.187396096214471	2	2	0	-6.79784629345377
chr5	16980550	19473808	0.485003005309098	71	0.130178465953428	1.42192107688741	1681	1.73417038954218	6	3	3	-6.74120049156841
chr5	20069691	21479412	0.074702410597581	94	0.0767481508231311	4.44983766944885	2808	4.76233007466403	18	17	1	-6.73401378916461
chr5	21578290	30812037	0.162909845343659	123	0.101648959638561	2.06641180327272	5388	2.42175043696313	8	7	1	-6.75237899022532
chr5	30912042	32039518	0.073143242480705	284	0.060714889977073	4.98883345174048	8759	3.92778834774668	18	17	1	-6.73584685085133
chr5	32042195	32616466	0.157469793618885	122	0.102434734079654	2.99319992680684	5133	2.25485570094397	14	12	2	-6.73367663594252
chr5	32617958	34132141	0.103855319484927	140	0.0677949158613648	4.08426908136649	6138	2.90960253642122	20	18	2	-6.74739415091978
chr5	34156377	34696819	0.238390623261974	55	0.139413168853705	2.87538513005636	1265	1.97867060600953	13	10	3	-6.73450156121061
chr5	34708449	35410856	0.498571783288369	34	0.115558058499334	1.30419778442941	1884	0.596376235658567	6	3	3	-6.73819689243371
chr5	35422334	37189717	0.13487477393353	194	0.0855452529659307	3.0374851562034	8989	1.72251553848906	16	14	2	-6.74271938461103
chr5	37192935	38352374	0.498829912718498	36	0.100818188551755	1.11443420266436	1881	0.486027295562673	4	2	2	-6.78196386455665
chr5	38360950	38517698	0.124200691637356	24	0.0823093207076958	3.44465278200637	1303	1.46671378088745	18	16	2	-6.73407958546071
chr5	38655151	46381409	0.362016611772767	185	0.0983966618093782	1.27736556471197	9719	0.648237579070729	6	4	2	-6.8207021662456
chr5	49599598	57171766	0.348352800232054	288	0.108270684109565	1.35602048541275	11100	0.646496593865828	6	4	2	-6.74120694238279
chr5	57230956	110625288	0.498878018216525	987	0.0898388248677436	0.924044511660088	47032	0.375707272737536	4	2	2	-7.41370473654165
chr5	110738106	111507359	0.125884761587807	26	0.0953272581890728	0.514356487919945	718	0.156016891931425	2	2	0	-6.90746900477241
chr5	111731000	173326086	0.498913038159218	1831	0.0838091139838901	0.951941728645157	85708	0.372122220432723	4	2	2	-6.93924576044758
chr5	173416489	181281936	0.411306594827445	640	0.101585139663967	1.21217330444661	23157	0.540321485081067	5	3	2	-6.74096012835732
chr6	249571	27814760	0.339800986172016	1279	0.104821678454184	1.40771755987741	50536	0.756837820001856	6	4	2	-6.74408858053014
chr6	27815581	32473499	0.49891475675932	1007	0.0745385944137021	0.984082994640407	24907	0.309568054157757	4	2	2	-6.73386619140594
chr6	32475255	32584171	0.476258140632326	65	0.118720457863776	1.24921601343657	190	0.559523387404523	6	3	3	-6.75938821123561
chr6	32584218	60964235	0.49890317410826	1185	0.0789960772900838	0.99260643675426	55536	0.378732640861708	4	2	2	-6.75488169876554
chr6	61133505	124350847	0.49889192230409	1185	0.0890502992230202	0.942390681791065	56505	0.38106095428186	4	2	2	-7.09476463275734
chr6	124823202	167178468	0.130629078516752	1077	0.094947076199632	0.559005805057388	36602	0.198344522818779	2	2	0	-6.83352759156967
chr6	167179036	167373503	0.204040553038618	14	0.131025058420387	0.361615170011364	248	0.199721922025403	1	1	0	-6.73569545108612
chr6	167374390	170594646	0.128985171574182	95	0.110778914839983	0.51098092459781	2928	0.220974382241087	2	2	0	-7.12288114487164
chr7	50462	1127891	0.498858139417338	120	0.0918308272876605	1.08414534237994	2557	0.410260612289926	4	2	2	-6.77263982331287
chr7	1128269	2524861	0.0517564006601259	643	0.0551694176288123	8.76162374609118	25461	6.05293879520443	20	19	1	-6.78471699105167
chr7	2536129	3439088	0.109918342275415	360	0.0774473049455579	4.41193974359478	9594	3.07161886309926	20	18	2	-6.73496970402121
chr7	3646146	14694174	0.498845034362619	470	0.0993098989140559	1.00408283929412	16194	0.457692438248371	4	2	2	-6.75290442759121
chr7	14700539	15940090	0.119041547251712	68	0.096676033675723	3.06568105974319	1771	2.86578227207997	11	10	1	-6.73835088144866
chr7	15949981	18727720	0.265551746078938	111	0.11597929437618	1.74163221899461	4230	1.06353019406694	8	6	2	-6.73635190403203
chr7	18786848	22788621	0.498771967805006	99	0.0998854022815683	1.02682809350326	4532	0.405657736726626	4	2	2	-6.76579555752724
chr7	22794436	23006328	0.198366939281813	45	0.11289700768149	2.72607184936139	928	2.31218151094978	11	9	2	-6.73393096673198
chr7	23028687	23591771	0.205910215871418	30	0.0887034579273878	1.03970562144673	1491	0.420552454486957	5	4	1	-6.84659940951147
chr7	23619475	26684660	0.498360798201878	56	0.169223110239001	0.814423998071549	2170	0.427048045993422	4	2	2	-7.05742830671616
chr7	26738787	28499945	0.197167582426145	84	0.141987906848917	2.25334326707617	4947	1.56933974697693	11	9	2	-6.73601064246764
chr7	28538153	29566672	0.147332810879745	21	0.0953396434808082	0.798918471573723	992	0.686046684548224	3	3	0	-6.88546614719098
chr7	29731981	32472143	0.498815421578272	111	0.0763966180091975	1.01916521148238	4275	0.384616736516707	4	2	2	-6.75086934964223
chr7	32487397	34751340	0.141504013817692	48	0.10347346937862	0.615128628995339	1767	0.296437638844049	2	2	0	-6.84047524257237
chr7	34778501	39124322	0.498823982241204	156	0.139897520539507	0.929086203810004	5401	0.373247368707722	4	2	2	-6.78436990721633
chr7	39204364	40194816	0.126023635855201	20	0.0630223644514599	0.541459150040284	881	0.219698676911991	2	2	0	-6.76933924348408
chr7	40245813	42986064	0.498670375041919	55	0.114749230318054	1.05633104397629	1779	0.712967738339415	4	2	2	-6.75162659006703
chr7	43192263	44920337	0.25745665701205	41	0.124537147949968	1.65067444395792	7680	1.26929656276185	8	6	2	-6.74546342348934
chr7	44967497	45394293	0.272932087023588	33	0.0594640042633382	1.08947520303764	1153	0.430330510433531	4	3	1	-6.79230929669417
chr7	45657696	48245888	0.125977858064801	66	0.0808687387916549	0.557256857498934	2330	0.183392359636927	2	2	0	-6.75174806288064
chr7	48273077	49120437	0.499353723214886	43	0.0559170402751612	1.05646762745311	1208	0.391131006324447	4	2	2	-6.75219814169104
chr7	49656108	58100284	0.151518697625564	206	0.112747664714841	0.540517742552986	5200	0.200605205528976	2	2	0	-7.002491164975
chr7	60981623	65105202	0.351093003933522	112	0.116084067027998	0.721010493413552	3450	0.22926869121042	3	2	1	-6.9603836502083
chr7	65187288	65822580	0.177570224613771	180	0.116651962893589	1.73273263413783	2177	0.943583959893006	7	6	1	-6.73580308096744
chr7	65822609	69068919	0.156058405780258	321	0.10452139392193	1.92300306349895	11905	1.27156187480582	8	7	1	-6.73782751515606
chr7	69209436	85740085	0.0611482492045463	686	0.0804163175800277	1.22974004865094	28936	0.627626997128338	5	5	0	-6.76711656937337
chr7	85798173	91533262	0.191657011944558	115	0.0871127013169715	1.2906431659042	7164	0.537392292326516	6	5	1	-6.81154908243812
chr7	91617859	100854617	0.060706553732079	405	0.0551655555222081	1.21515065807257	28231	0.520765786358471	5	5	0	-6.74793005836466
chr7	100951933	100969664	0.432276526332616	141	0.0826168859738995	1.34523376872891	1256	0.292604192969131	7	4	3	-6.73759606973737
chr7	100972078	102545498	0.0601389445170579	179	0.0716856113764342	1.38481921245627	9319	0.560410214721979	6	6	0	-6.73635021184796
chr7	102565996	102754477	0.0849687472617344	16	0.181126371630417	1.13377598628313	335	0.769890627434016	4	4	0	-6.73800269929708
chr7	102772485	142321379	0.0608716230132434	1081	0.0600109422874721	1.21366041973495	65291	0.535029557490211	5	5	0	-6.77938462897128
chr7	142345615	142353428	0.49873306765497	19	0.173971917475711	1.36773613832184	136	0.32262371282386	6	3	3	-6.7330759837131
chr7	142354038	142463299	0.0692983655280062	11	0.0465924301303822	1.11388498878464	429	0.307846924011596	5	5	0	-6.74225841803416
chr7	142463487	142507501	0.497848766010646	21	0.136811966895131	1.08231038460686	274	0.238012069007959	4	2	2	-6.73784313186352
chr7	142507523	142749741	0.0767416212335591	13	0.0505295039479982	1.17424126494964	618	0.329824062095035	5	5	0	-6.76851665080767
chr7	142750586	142774547	0.480399871332145	49	0.136955020795473	1.28024800243156	450	0.313626356185564	6	3	3	-6.74632488519383
chr7	142774654	144158226	0.0737277074072729	130	0.0444252643716406	1.11818249060303	4051	0.349022394839146	5	5	0	-6.78257518897752
chr7	144185580	144380078	0.22916179520221	9	0.13201778078897	1.45379209783353	537	0.650532762351212	5	4	1	-6.7475588806376
chr7	144388394	152205112	0.0649827507916234	407	0.0593759422962827	1.18704205067586	16882	0.512217400826459	5	5	0	-6.73309822960154
chr7	152264992	152416418	0.322408151035045	83	0.127429040829258	1.12939958924437	572	0.629546606630442	7	5	2	-6.77031822795886
chr7	152439807	159263114	0.0610946827449889	393	0.0834011625079048	1.2403305875135	10234	0.613994709595867	5	5	0	-6.75583022278617
chr8	311290	41900037	0.128928645754071	1096	0.0982554745141772	0.563488858424153	35896	0.202349281812005	2	2	0	-6.74768626484503
chr8	41933306	43438973	0.498786567766042	72	0.0872021994650897	1.03448289394875	4028	0.393488693023935	4	2	2	-6.75066671649188
chr8	46075200	145055416	0.498915975060474	2434	0.0870122429801223	0.971393728253511	103957	0.400365715351595	4	2	2	-6.75701516776844
chr9	117713	34917986	0.396800905149254	697	0.0974107747992129	0.70941124066781	27804	0.250973631526048	3	2	1	-8.56367829736824
chr9	34971258	38800511	0.499008077553846	231	0.0820297125659212	0.94433086647494	10892	0.344259937389233	4	2	2	-6.75855662643744
chr9	38802917	43242683	0.498685576413524	278	0.131702853815868	0.906351014020327	2464	0.521858321484325	4	2	2	-6.79105138593253
chr9	60524947	66627952	0.29944478218329	115	0.127883522280181	0.938256960886422	1483	0.425359786379625	4	3	1	-6.7737850355823
chr9	66635859	138141636	0.498924674818297	3229	0.0910528929546799	1.10557941002629	140029	0.445929792315175	5	3	2	-8.13348983306654
chr9	138148886	138220932	0.284075399050249	28	0.126320391346137	1.06112569545001	193	0.450313794833032	4	3	1	-6.73532240467889
chr10	57196	39475684	0.498846725661998	1137	0.10334163662571	0.661000882502573	36658	0.250261292635581	2	1	1	-10.9129188635041
chr10	41858411	42148498	0.479218674663795	39	0.155735371938666	1.16692009963044	322	0.445312925571972	4	2	2	-6.77055962441922
chr10	42279945	133689420	0.496633027201528	2476	0.0926602296412954	0.673836559284796	102458	0.242825452083557	3	2	1	-13.4858835585547
chr11	193863	50512765	0.359550098729875	2022	0.0939445460186466	0.78757296273429	74523	0.273211096625131	3	2	1	-6.88082580467953
chr11	54592419	69028432	0.375099715067317	874	0.0961908254593751	0.79398435823172	49432	0.274321898241368	3	2	1	-6.82233605458215
chr11	69030952	87484466	0.343294228366081	1055	0.118045134893214	1.50437842341336	43396	0.756555292348422	6	4	2	-6.849481468075
chr11	87489784	96274317	0.373861956687954	217	0.100333153866537	1.17754103804403	10930	0.541578012087616	5	3	2	-6.82334586207911
chr11	96277504	134924670	0.130672756031643	923	0.0916369874367378	0.559618461363678	40565	0.189528388353071	2	2	0	-6.81713292071112
chr12	13235	56101	0.348215346756569	17	0.112641871328874	0.810676278710527	83	0.314725756014149	3	2	1	-6.74905602521243
chr12	60027	19306367	0.12558523998157	845	0.0967782813803606	0.563492675332848	29320	0.186111764986736	2	2	0	-6.7454537183745
chr12	19327899	34274021	0.498871134954979	610	0.0891098119496133	0.968078075877781	19284	0.408223116017245	4	2	2	-6.74019181252454
chr12	37544766	42093853	0.498829361499999	155	0.0827212261563361	0.892317270319236	5124	0.303836707388521	4	2	2	-6.97833101032732
chr12	42119189	55493270	0.136771112256801	596	0.0785913778156832	0.564153728621613	27724	0.183190249326026	2	2	0	-6.73598492344281
chr12	55551215	133234117	0.498920205871449	2577	0.0854596256103836	0.99154992139936	136460	0.400398398501417	4	2	2	-6.77814756457967
chr13	18177561	114354016	0.374913557581755	1839	0.105104212635733	0.77024931300654	75688	0.298935113269167	3	2	1	-6.74324388318997
chr14	18311764	105770844	0.366171262154732	3025	0.0947066206487645	0.783336671427521	120324	0.2839831500513	3	2	1	-6.8536177592126
chr14	105836991	106874913	0.367124662532004	231	0.0979136042346605	0.707182902283165	3529	0.201884552480129	3	2	1	-6.8504770974017
chr15	19876640	21269975	0.302015808693653	193	0.14903610006079	0.477254796494854	1924	0.211911144169085	2	2	0	-7.90338115664871
chr15	21275679	50945978	0.125385552145362	925	0.104762865689031	0.571413733443553	40911	0.199164145271499	2	2	0	-6.77794809242205
chr15	51210647	101870467	0.498917427717373	2251	0.0917126287206095	1.01766184025636	92238	0.390385694734534	4	2	2	-7.01485454878585
chr16	31779	4822969	0.498903572005953	637	0.0755822751152818	1.07589699321061	29091	0.381245518749914	4	2	2	-6.90347793496542
chr16	4825940	5289304	0.359565849359524	71	0.137270730751777	1.39182578826655	2517	0.584066973563669	6	4	2	-6.7350365418509
chr16	5308082	33048885	0.498885224498284	1277	0.0997021722190878	1.01439328756136	61300	0.428711502885853	4	2	2	-6.84368197084778
chr16	33336792	35908045	0.339827120734568	122	0.122681231083244	0.969690259708118	2688	0.372462194153446	4	3	1	-6.83528952509394
chr16	46386256	46934337	0.498839668848515	57	0.103603585881565	0.896386443588531	2586	0.344798841853599	4	2	2	-6.75464639362797
chr16	46994968	63308013	0.129130883708591	389	0.0966214090385753	0.57979133877571	16502	0.206004257175218	2	2	0	-6.86535482859757
chr16	63356097	71475893	0.415113726674802	394	0.106147115323862	1.00733716830264	23431	0.466808476749403	4	2	2	-7.11195294564592
chr16	71479131	90095778	0.125083437023105	968	0.091830845028707	0.597628205363943	24557	0.213265701011085	2	2	0	-7.38893009370303
chr17	137556	11924036	0.125117187323591	925	0.0875635548558653	0.600061661203628	34607	0.198413657200641	2	2	0	-7.29773151122276
chr17	11929970	13004930	0.0225646109588707	127	0.0283663474700463	3.25681833427997	5330	2.04528192159	15	15	0	-6.73368061175519
chr17	13008250	13549364	0.0623448590470359	22	0.102721369021639	0.936222261648382	324	1.50109638552501	5	5	0	-6.74131770176094
chr17	13633695	14478337	0.022401373852658	108	0.0542433653005391	4.55065237564268	2842	3.53193212755713	17	17	0	-6.73542304244909
chr17	14995156	16419362	0.215921244607765	95	0.109433435565685	1.27094403191414	3966	0.863232094534995	6	5	1	-6.75060509209539
chr17	16420102	19082826	0.30274169532424	234	0.117683564029991	1.73388383483327	15883	0.896329910630488	7	5	2	-6.74655019820091
chr17	19253093	19576911	0.00655344463773921	33	0.0725254265757879	4.2345562697237	4414	2.62069514958992	20	20	0	-6.74751301381269
chr17	19578351	20146579	0.260283833114478	97	0.137105397539135	4.34636218678857	6903	3.10309001296831	20	15	5	-6.73309655801288
chr17	20376057	21258963	0.0725771395122428	38	0.143670497837207	1.27906141030254	2233	0.573064631356949	5	5	0	-6.74417681724829
chr17	21290766	23016487	0.4987602466947	342	0.124354226816317	1.32545227871874	2480	0.685686128861575	6	3	3	-6.73843918271317
chr17	24421438	26936857	0.487934542442389	17	0.149414469926876	1.47958624588449	257	0.452633462096254	6	3	3	-6.76395946000966
chr17	26937959	28911057	0.128917538907788	80	0.101507865100273	0.573727201648844	5351	0.178845343403404	2	2	0	-6.74191834026222
chr17	28959732	31327858	0.381202475652047	73	0.0892345599927969	0.883692401242034	6879	0.325992602288845	3	2	1	-6.98165949269052
chr17	31336606	33260080	0.201898097583529	106	0.116344681467012	1.5177539829839	6754	0.837541398221578	6	5	1	-6.74530202588664
chr17	33282767	49312652	0.287842518477464	1142	0.0976189397164116	1.06564844461719	59259	0.422671064637226	4	3	1	-7.09530288268893
chr17	49315019	83158753	0.204400420712732	2978	0.0988519925652548	1.51644787537736	129814	0.723215375030625	7	6	1	-6.88608349803721
chr18	47858	15352129	0.357085533709739	544	0.106313238889435	0.754059908759158	17157	0.294669486495654	3	2	1	-6.79953806338938
chr18	20947821	80250865	0.498886185791289	1323	0.0917115366412298	0.896708069570514	52597	0.373192518940943	4	2	2	-8.25394273690198
chr19	282753	2939270	0.120439822754705	355	0.0914029000680234	0.629113615854915	10237	0.210590182990342	2	2	0	-7.12477012300264
chr19	2971761	24394059	0.404636703189247	3055	0.0983599541311363	1.24539649747111	127811	0.544910040154141	5	3	2	-6.83941877590782
chr19	27392072	29956767	0.107955919002224	40	0.075637457651616	0.588374867785231	906	0.254687492612174	2	2	0	-6.84410478088211
chr19	30413830	33016299	0.287752440014402	204	0.1117777893675	1.64528485389995	6355	0.932402054597831	7	5	2	-6.75077739495209
chr19	33023173	39877634	0.129063955052767	473	0.08513905274653	0.585324510657642	21088	0.21725330551304	2	2	0	-6.83222613079115
chr19	39877640	39902409	0.0647875087536254	21	0.147890709325373	0.510373913819891	157	0.172346383087997	3	3	0	-6.84960625038142
chr19	39906942	54633642	0.135852890347058	1748	0.0940666678187452	0.582002869562446	56992	0.190797750880658	2	2	0	-6.91526883381018
chr19	54634030	58499226	0.131352267567904	482	0.07957782475108	0.594199995043233	15158	0.185283244368028	2	2	0	-6.88949632744027
chr20	101574	25775425	0.126648679283087	558	0.0899435511152	0.575642479010345	23106	0.200742709424758	2	2	0	-6.84456441769369
chr20	25908881	26133007	0.393363891016315	12	0.153842796583415	0.604488446113097	105	0.267710949310917	3	2	1	-6.8624852909184
chr20	28559767	31056016	0.493577439796785	422	0.119780485699555	0.812343452199596	2110	0.350358015810022	4	2	2	-7.1331105710711
chr20	31057861	31106839	0.162234426016157	31	0.126322849736662	1.4925250066094	311	0.548032755943449	8	7	1	-6.7377116631066
chr20	31237425	64327831	0.498907539975286	1430	0.0857513854134122	1.03887412156166	74095	0.428578960018457	4	2	2	-7.08890119187373
chr21	5218123	13035101	0.4961580946596	551	0.132583812991687	0.820782260622452	3754	0.568155496512099	4	2	2	-7.15519798795823
chr21	13249755	46658699	0.498890037762233	1194	0.0892029590245081	0.991132764991839	45160	0.389241881902249	4	2	2	-6.75233645885297
chr22	10685603	12813658	0.498712686160267	496	0.133600455524512	0.690674569415432	2389	0.291041814796787	2	1	1	-7.27755714658253
chr22	15562384	17827673	0.498817033398259	163	0.116994511931807	0.969941510308763	4417	0.39103938572397	4	2	2	-6.73390034761811
chr22	17838041	23589377	0.35905303529504	666	0.107648801283624	1.51005075186797	23129	0.745353769257228	6	4	2	-6.77644336813597
chr22	23613428	24242147	0.49885994663044	99	0.100630083618807	1.09768261771325	3032	0.506346658289762	4	2	2	-6.7522270029554
chr22	24334619	35241894	0.124846627775263	328	0.0817960422410048	0.592889825234484	16275	0.207725460368459	2	2	0	-7.05160095939437
chr22	35340434	40748155	0.356430856265783	535	0.111725359861864	1.49246957305325	25278	0.711013627755312	6	4	2	-6.76486604069248
chr22	40848394	42857976	0.234898899374446	190	0.0831811917776655	1.06737861366928	8345	0.461834684717367	5	4	1	-6.79623524559594
chr22	42882156	46915508	0.122881878005951	218	0.0769826808452976	0.620546972625296	6395	0.212434185848154	2	2	0	-7.17004509602988
chr22	46997597	49626752	0.499144459213449	68	0.0887551751944235	1.02421600045081	1290	0.493242611337058	4	2	2	-6.74613156363685
chr22	49657359	50808396	0.131892737387342	183	0.0746802616225354	0.605833648791217	5362	0.195013748713435	2	2	0	-6.81676178540805
chrX	262267	58394685	0.351618698529445	1162	0.109915176425365	0.814494518580641	63978	0.314100640604855	3	2	1	-7.59471618557586
chrX	63644097	66498496	0.28224916608284	42	0.131789842999262	0.907172917606898	2546	0.410149281830611	4	3	1	-6.79352475574236
chrX	66498813	135437368	0.498873348581405	678	0.0945598474784346	0.582066022740213	46072	0.200327861140863	2	1	1	-7.44532631006082
chrX	135584349	156003570	0.360880140286303	373	0.0998646509007284	0.78250794637337	22868	0.276861128707929	3	2	1	-6.76043701911626
chrY	10785283	11722097	0.297861456635457	58	0.125121579107597	1.1997316591755	477	0.472878079073826	4	3	1	-6.837937057264
chrY	56830389	56887043	0.406030110610202	155	0.114866342977642	0.832903236276267	481	0.271818676313444	5	3	2	-6.79204883127423
