chromosome	start.pos	end.pos	Bf	N.BAF	sd.BAF	depth.ratio	N.ratio	sd.ratio	CNt	A	B	LPP
chr1	65974	5166924	0.46676191562153	817	0.101765020021841	1.2648810285367	23386	0.541658953167827	6	3	3	-6.9470581866116
chr1	5271855	7229717	0.00113228670439819	183	0.0153456267507556	0.708459320394048	5958	0.305786319722494	3	3	0	-6.73714130184444
chr1	7523648	20837428	0.498876800118026	2402	0.104315297761344	1.17593741668776	72556	0.540475019720873	5	3	2	-7.23292322682113
chr1	20841072	22781339	0.35714049766893	461	0.111629407232535	1.89015956809145	15510	1.11618584967058	8	5	3	-6.74840410527048
chr1	22864150	58588097	0.445487642793945	3527	0.100747015423516	1.16394275380549	159122	0.548531264433992	5	3	2	-6.88895518626748
chr1	58630807	58631021	0.0231204645820997	9	0.0237434201411675	0.895555977681776	14	0.242738055805561	4	4	0	-7.25399747334499
chr1	58667234	73603590	0.498838323168454	739	0.0964759116032017	1.19666583597432	27104	0.562309239693544	5	3	2	-7.30543569283048
chr1	73725669	119953496	0.0481187136982304	1767	0.0633626377917601	0.708482795448849	65888	0.303999016745948	3	3	0	-7.08051796821356
chr1	119953504	120138981	0.498691095863127	9	0.175072127993008	0.805979072786524	351	0.776168863445851	4	2	2	-6.73820620030193
chr1	120163401	121531526	0.0612234408051194	57	0.113059480430826	0.750933475201972	1105	0.367823234116834	3	3	0	-6.91914556068139
chr1	121568263	124552971	0.498415043493127	9	0.148654054024025	0.687869755021459	143	0.553950548945163	4	2	2	-7.29492994347161
chr1	125094663	143264771	0.358859965621955	38	0.151704645383752	0.392673356118152	642	0.149417462704566	2	1	1	-13.0729529250632
chr1	143280625	143532063	0.212222775197804	9	0.141565159712566	1.64630188268512	176	1.09310919166504	9	7	2	-6.74478385466965
chr1	143532109	160545874	0.498912164217572	1759	0.0989412725460873	1.3732006708626	93213	0.644921780895216	6	3	3	-6.77125103150753
chr1	160546014	201774599	0.498910025197263	2723	0.0925910703400373	1.43141614971906	106385	0.717360164388666	6	3	3	-6.73329929529137
chr1	201780392	203229344	0.390332024527602	326	0.107078667477641	1.89436132325741	13087	1.04310545416357	8	5	3	-6.74532981208652
chr1	203229707	248897218	0.390426736285195	4254	0.10002579722305	1.22117994891206	136496	0.580069242087124	5	3	2	-6.79078294907478
chr1	248913708	248945585	0.408403354202503	9	0.224026102149826	1.05747654555213	159	0.409855434793954	5	3	2	-6.73547191655488
chr2	62021	80179652	0.000510159126421883	3677	0.0175482339947632	0.705091357889865	127351	0.299776541103734	3	3	0	-6.82227339502961
chr2	80380328	90315557	0.336557380579843	507	0.120128902274455	0.711603126827196	15048	0.30372388954198	3	2	1	-6.73438635499905
chr2	90380709	90401090	0.359741095886709	51	0.189375079628534	0.234958740580488	223	0.113673446886097	2	1	1	-7.48391787986935
chr2	91467353	92006131	0.498481296877918	62	0.141329770088518	0.708214816101526	960	0.352385678861481	4	2	2	-6.95327537137495
chr2	94190317	236394418	0.342200712479371	5879	0.110884846586724	0.71824601900847	221270	0.300365424758456	3	2	1	-6.76543107955746
chr2	236486800	238493793	0.201528947621334	245	0.0994906671020697	1.27028535136357	7627	0.572452046506051	5	4	1	-6.74859430899814
chr2	238496583	242183260	0.326453850226827	328	0.101747947414618	0.742382602673438	10482	0.302550324116657	3	2	1	-6.7714917511787
chr3	39491	37037015	0.325224046126853	1727	0.114271430425487	0.715271531337045	51165	0.303565339866718	3	2	1	-6.73649483646128
chr3	37042249	37268245	0.171515246181497	34	0.106210130403632	1.12904157862335	1117	0.526408392361018	6	5	1	-6.761256721888
chr3	37276455	90234713	0.336070473396156	2174	0.114526771787163	0.713880735414976	99817	0.291403613958144	3	2	1	-6.7335013979281
chr3	91344437	198120733	0.333435798056311	4701	0.11410005910835	0.707486924568978	154370	0.301424802415305	3	2	1	-6.79710745116508
chr4	13969	6423897	0.498894346275776	827	0.0869941224879775	0.961856332108035	24964	0.419192472116065	4	2	2	-6.73526232580168
chr4	6430706	6554942	0.121017864120417	9	0.104614769511766	0.983492832211964	189	0.492074805155871	7	6	1	-6.84352212600281
chr4	6569363	9710010	0.196635824062216	366	0.0957028118616085	1.00146662520861	8384	0.497511656615163	4	3	1	-6.93316333640374
chr4	9712186	9719119	0.154841981747162	9	0.121082042892871	0.903871021034861	35	0.253761440939247	6	5	1	-6.7522525414927
chr4	9719713	49061855	0.49887550059809	1598	0.0945632197656107	0.933281074743241	52182	0.419148961369942	4	2	2	-6.78786439945185
chr4	49096250	49153744	0.0293098283603815	31	0.110524020646124	0.0640878012798819	119	0.0656680351598891	1	1	0	-11.9395055144833
chr4	49157695	49609124	0.191140135131316	98	0.150339727493932	0.881208937237289	395	0.428451454855621	4	3	1	-6.83250991138279
chr4	49609180	49711699	0.150222642436371	9	0.111	0.182576966268899	21	0.216713778760747	1	1	0	-7.76032598078755
chr4	51996206	103719778	0.498899363235539	2208	0.0954099944937704	0.931295088604604	75747	0.410303308725853	4	2	2	-6.82428024888037
chr4	103849323	136732504	0.336795657813812	895	0.117440062394221	0.710919206105963	31084	0.30743215829458	3	2	1	-6.7382459910275
chr4	136776789	171976280	0.415974405905891	1772	0.100982143225228	1.13626389769267	55193	0.547973402534144	5	3	2	-6.89715481981431
chr4	172057205	190179746	0.3292102776444	878	0.122958156707777	0.694408673760769	20419	0.320112829207876	3	2	1	-6.81717052997384
chr5	44922	46381441	0.397669551193753	2713	0.107747162682871	1.3174681086153	81042	0.896398456373835	5	3	2	-7.06911580561245
chr5	49599598	49660144	0.0467986403624304	23	0.122608006753874	0.0387168973447285	54	0.0798685940346253	1	1	0	-12.7676382296311
chr5	50273784	51403535	0.000562383970922148	42	0.0932556960985225	1.66462847469086	1730	0.809629795255291	7	7	0	-6.73305314358986
chr5	51572707	54692291	-0.00141400121759977	119	0.00412514323662695	0.697841080470506	2894	0.331331554479326	3	3	0	-6.8119626946512
chr5	54711957	55774386	0.301950582689701	48	0.11639329991867	2.12141528153028	5348	1.4507291060848	10	7	3	-6.73723168415224
chr5	55775964	56243515	0.183074000326005	151	0.0921115222902724	3.75710738132814	5025	2.55883144674732	16	13	3	-6.73442295919425
chr5	56246004	56646458	0.0690333967351826	84	0.0565247256251583	10.3798454880191	3078	7.11641600100418	15	14	1	-6.73947681320355
chr5	56672769	57021866	0.199503995100204	81	0.0946146831712971	3.25431728885895	2568	2.51151097837144	15	12	3	-6.73333342449938
chr5	57033000	57243028	0.307597743936888	40	0.0942795590592694	2.13611859715134	1641	1.19141465542516	10	7	3	-6.73796930003384
chr5	57266412	69519077	0.000348201089482136	437	0.00489387511548892	0.695557045394354	13707	0.301837023061703	3	3	0	-6.7925822044769
chr5	69566535	70785315	0.185024930847037	10	0.0977206904055294	0.654760589933625	88	0.324904826310528	4	3	1	-7.82969256279583
chr5	70913130	97884065	-0.000202618971791413	977	0.0148653650552354	0.704596190344601	33936	0.302166661936963	3	3	0	-6.76611889482661
chr5	98150116	101078086	0.248375057609632	200	0.126810588682531	2.68280601024107	5975	1.9116276975012	12	9	3	-6.73503441418137
chr5	101206087	103194967	0.00120230772235952	53	0.0137360563948689	0.7155007899613	1639	0.311449390855734	3	3	0	-6.73765774355268
chr5	103321187	103830829	0.257702129429459	44	0.159769217810662	2.94433085353791	1109	3.30637160167628	12	9	3	-6.73444903783213
chr5	103841760	105534121	0.131520919501491	132	0.0836874949306787	5.72101675262081	3680	4.33410842527295	15	13	2	-6.74528724105258
chr5	105591304	107372394	0.0107378093295131	16	0.04175	0.782245741297199	603	0.34982586492691	3	3	0	-6.84370567986073
chr5	107439221	108120583	0.138091854512701	66	0.0830840743058705	5.21436025293008	2129	4.522602773122	15	13	2	-6.73785823617964
chr5	108132219	111981537	0.225107001244555	340	0.107245926725617	3.21172425741057	11343	2.49713974816287	13	10	3	-6.73520665700939
chr5	111982172	114291361	0.134403210064985	441	0.0811959056086623	4.96877947949957	14950	3.61991455321085	15	13	2	-6.74463938390513
chr5	114321950	116441824	0.498781770547706	106	0.107092938536006	1.53180998092371	3937	1.10350025360703	6	3	3	-6.73818545837852
chr5	116449147	117052168	0.141265251746963	118	0.100311931644773	4.80668001312235	2987	3.79667378179684	14	12	2	-6.73654151587854
chr5	117078893	120817951	0.0917534631294923	529	0.0706766505691272	7.19391368881997	18263	5.90436961603231	20	18	2	-6.75212077361502
chr5	120818638	121156353	0.226215222220419	23	0.115499567954293	3.12843546624344	460	2.20703688319525	13	10	3	-6.73396707322657
chr5	121223331	169264334	-0.000702646385644656	2058	0.0215427797548566	0.717333406797407	83339	0.324114029187643	3	3	0	-6.73859145925253
chr5	169306443	171064829	0.272886489033076	232	0.107750664509986	2.93486067575504	7576	2.49137819406383	11	8	3	-6.73523261433155
chr5	171171386	174121472	0.250808517798748	284	0.111952253759731	0.945887867453847	8116	0.412208978740596	4	3	1	-6.73355135910745
chr5	174164544	175880296	0.00303550109762518	102	0.0133213679081061	0.712391224262057	1916	0.376711174376937	3	3	0	-6.76407505237709
chr5	175920006	176129838	0.498296020341892	34	0.199080383535733	0.805431146601239	428	0.410024101766756	4	2	2	-6.75403758253689
chr5	176169336	181281583	0.000129503417652721	684	0.0465239695649149	0.695190532814773	20527	0.32380091313977	3	3	0	-6.75447017693955
chr5	181281691	181288546	0.177448233000927	9	0.135458583256203	0.488213816750774	35	0.246745141200151	5	4	1	-6.80281583158387
chr6	142899	31316290	0.439236930754435	3868	0.099505610424061	1.62724094445029	115583	0.900572466910826	7	4	3	-6.75312501665662
chr6	31321287	31326317	0.0667191004815214	14	0.0796181822516374	1.747704882904	23	0.507962320814831	15	14	1	-6.73899827678126
chr6	31339770	32475506	0.498833341075026	304	0.098946275665766	1.63032986393263	17313	0.667806805857472	6	3	3	-6.75965475906635
chr6	32521862	32660922	0.155471182303303	70	0.128122839122312	1.22678805167793	473	0.624263064541154	6	5	1	-6.74256920923859
chr6	32661903	47151843	0.498893727983383	2361	0.107766359897106	1.75313363821869	91914	0.944296757731665	8	4	4	-6.79947518084046
chr6	47176983	50615236	0.197120131413202	125	0.108326380786	1.1949935666925	4582	0.569230799686578	5	4	1	-6.73354411900904
chr6	50751457	55905344	0.329648616979555	375	0.102777231711546	1.47215272861252	12105	0.757337055706452	6	4	2	-6.73865919930048
chr6	55937436	60676674	0.498834934638888	201	0.0995617898593632	1.89661843081318	9733	0.96696279646942	8	4	4	-6.73316823125285
chr6	61205307	62931818	0.499120920828852	15	0.0825170689413207	1.72371594815486	1091	0.861275967184118	8	4	4	-6.74700096912382
chr6	63133494	170734645	-0.000153958823797012	5157	0.0245767873015345	0.947829810392388	165982	0.435427658037169	4	4	0	-6.74092155952186
chr7	50462	16603728	0.418304831592854	1797	0.105310012311017	1.14697567889274	47350	0.541385250698469	5	3	2	-6.797744284332
chr7	16607277	29731981	0.347961995496125	838	0.104579557421504	1.3616176544933	29263	0.676670868723501	6	4	2	-6.78414728618461
chr7	29732128	56018988	0.41027270937377	1590	0.106575599547578	1.19332443037925	56198	0.568796124646311	5	3	2	-6.73887278811323
chr7	56019772	56021328	0.017969409062245	11	0.020425919362863	0.690715921857643	28	0.361022348675794	3	3	0	-7.16478541827283
chr7	56025761	58100473	0.381422423077606	318	0.124584959398822	1.08181088860701	5774	0.533476667471168	5	3	2	-6.78616608652205
chr7	60958050	63015929	0.092213014096187	34	0.155488308505805	1.02201615566514	203	0.482240126269559	4	4	0	-6.96327516508096
chr7	63016041	65781120	0.401108103261405	353	0.115444164798692	1.04089620218417	8393	0.513859995038494	5	3	2	-6.84430669646727
chr7	65781200	67020986	0.498542883073141	213	0.15927884514067	1.04502672059683	6957	0.493064694093963	4	2	2	-6.75932233763432
chr7	67045427	100952148	0.418801257843689	2714	0.10442790761826	1.14401144538536	101029	0.531252249947139	5	3	2	-6.86465893542729
chr7	100952200	100959720	0.123564507806648	52	0.0868292476667688	0.658744445509949	438	0.291964211973166	8	7	1	-6.79228295986459
chr7	100959783	101485897	0.493190131235267	209	0.142650193337349	0.884559320373489	7040	0.528924521297871	4	2	2	-6.74055186376146
chr7	101492422	105602214	0.412207155027258	454	0.104305958130669	1.33489006239475	17933	0.772697299582089	5	3	2	-6.7948765082906
chr7	105610458	142716002	0.411694258535254	2139	0.100390843808346	1.18535445255686	83928	0.559081204408039	5	3	2	-6.74249632502001
chr7	142750561	142774520	0.0874139491080275	65	0.144691104997455	1.15728221200411	452	0.419221802933418	10	9	1	-6.77984051351333
chr7	142781467	152401832	0.423241166394234	906	0.101046186856957	1.19517334090962	31002	0.524912716146754	5	3	2	-6.76492600972302
chr7	152401928	152416484	0.249650270235917	86	0.153700301767231	0.631652372805922	225	0.468336998248666	4	3	1	-6.73973979103052
chr7	152429815	159263155	0.424922991501099	696	0.114610024839736	1.21477817688795	16203	0.596928092999964	5	3	2	-6.76595536447669
chr8	213553	43522608	0.155735611601475	4432	0.0958867512721405	1.46206574426138	126918	0.744437841680945	6	5	1	-6.76585313266867
chr8	46031034	145003236	0.158550964113147	6120	0.0918913233525637	1.47552464762928	220891	0.747709409623395	6	5	1	-6.84664861703382
chr9	111919	43242683	0.344613545375947	2264	0.122687661387864	0.699127192305494	57339	0.296165335266959	3	2	1	-6.87110749423815
chr9	61551615	138220869	0.319348444561041	4627	0.113832035537593	0.710647494436611	157821	0.299576885718163	3	2	1	-6.75551295505475
chr10	47476	39986547	0.498866531598273	1705	0.119624506047453	0.459175869602715	48650	0.199975865019577	2	1	1	-7.43763436357564
chr10	41818570	42083598	0.0987151006993875	12	0.143373294288551	0.111559792281952	51	0.132707624971176	1	1	0	-10.0175553016352
chr10	42124293	92399418	0.250729339013333	2783	0.110767332990071	0.950059615234576	94473	0.416597595919193	4	3	1	-6.73410767656336
chr10	92399944	133689399	0.339422060645197	2122	0.112812007211293	0.725723441754125	85130	0.309756039775315	3	2	1	-6.79907872076702
chr11	190727	33618558	0.328243329476019	2240	0.106507042206974	0.721832473728466	70938	0.296261394967306	3	2	1	-6.75944075218136
chr11	33633321	43312307	0.162791513108171	544	0.0941627448545953	1.47697421005932	15097	0.704815008853344	6	5	1	-6.74698169640503
chr11	43318879	50512735	0.342501490854232	421	0.110805503767621	0.705946000847307	19967	0.302408637377735	3	2	1	-6.74365958442829
chr11	54591999	56360495	0.29100378787622	63	0.0914336180122835	0.712893305847295	2790	0.271022319345311	3	2	1	-6.85900178655793
chr11	56375881	56740376	0.15443073867415	39	0.127937474185419	0.657020492746922	699	0.250015949792703	4	3	1	-7.49764864942589
chr11	56741049	66427707	0.349207815502648	980	0.0984753859313115	0.723983587638466	46908	0.287414376383721	3	2	1	-6.76131157360827
chr11	66434744	68059094	0.202425024885037	402	0.102225335227101	2.25845193105317	23215	1.39193585340603	10	8	2	-6.73477156456172
chr11	68066076	68521099	0.498794486168509	59	0.101463827252843	0.924681180832504	2210	0.407560777084514	4	2	2	-6.7345479343761
chr11	68533422	69062584	0.0634924139314595	292	0.0595247501152979	7.16490809952711	11832	4.82038867968397	16	15	1	-6.73864357395143
chr11	69076831	69086869	0.498080323795276	9	0.183708177402217	8.15918117030817	620	3.83842459572818	20	10	10	-6.73321376625697
chr11	69087368	70428427	0.0651948489437157	571	0.051130800033018	7.03258364614337	19827	5.45928641137233	16	15	1	-6.74482473862935
chr11	70433821	70494712	0.498199771366767	9	0.171730489753891	5.9339928364481	994	4.00819656124537	20	10	10	-6.73320575054799
chr11	70515012	71636177	0.0612222050981764	336	0.0486110711510311	5.94199312494016	12214	4.6324619210947	17	16	1	-6.73910653332948
chr11	71657007	71690336	0.277949958674298	9	0.0976269828365999	1.20959598806865	82	2.00433016085342	7	5	2	-6.73733385303155
chr11	71690644	71737921	0.0459731274630532	68	0.0416547407574221	6.57154577290265	547	5.50206667928654	20	19	1	-6.73872904765663
chr11	71784435	78724350	0.341135778510206	532	0.104584307153225	0.78510473899423	22000	1.09049064806388	3	2	1	-6.76748455624895
chr11	78786977	108686945	0.384251380364732	1294	0.103888832378375	1.19466049857831	47781	0.549232449163351	5	3	2	-6.74750978238967
chr11	108921755	135057684	0.000799669461571673	1077	0.0325478729363474	0.474021121480045	40950	0.189748565805838	2	2	0	-6.74253815399122
chr12	12304	79525	0.370859389046682	39	0.155451495140544	1.1751058484119	212	0.554906759417421	5	3	2	-6.75406244432977
chr12	107657	34309912	0.498891239315669	3082	0.0989059215904941	1.02196166462448	90647	0.475990345318179	4	2	2	-7.15248426925461
chr12	37444252	50165191	0.49651556255746	743	0.0989858504914318	1.07595194528446	34415	0.473885955710738	4	2	2	-7.20108543994002
chr12	50170765	53477561	0.498881600896095	513	0.0944904354743797	0.911414110137852	20316	0.376373919393247	4	2	2	-6.76009294167968
chr12	53479330	54584589	0.341056095604118	150	0.0986222089059328	1.45652722502636	7197	0.931457931586149	6	4	2	-6.7369930882197
chr12	54604888	77187374	0.498885375318422	1085	0.0943626659382574	0.930651647689126	52780	0.403925116354716	4	2	2	-6.77710397854708
chr12	77358278	132639662	0.343918335417388	3211	0.111924908875528	0.695270276380544	114480	0.29704606348477	3	2	1	-7.00067022980665
chr12	132642138	133231553	0.10196926875613	157	0.0893000431888984	0.91028534693344	4313	0.362464059581313	4	4	0	-7.43370954774593
chr13	18177561	26445514	0.32518396828598	757	0.124738317773615	0.687661477726288	17034	0.299344916744584	3	2	1	-6.81451057126893
chr13	26466922	34446510	0.399366005493087	516	0.103548533927831	1.22654611352848	19780	0.642424474618483	5	3	2	-6.74335639884047
chr13	34678745	114353849	0.336010393406204	2499	0.1225116626755	0.719282183097276	80515	0.315463883276347	3	2	1	-6.75643475050533
chr14	16037128	16401976	0.184153300147328	3	0.140459958707099	0.689043669451225	45	0.394534621645259	4	3	1	-7.00591220055651
chr14	18311908	31551463	0.243475391325029	1151	0.102669819915983	0.948515399777858	38432	0.418743465778795	4	3	1	-6.73620851789558
chr14	31571695	35314500	0.00462148006452445	400	0.101928090253407	1.3459746777185	10762	0.682042556977785	6	6	0	-6.75134884607721
chr14	35321371	35442901	0.23973731725136	48	0.11284721831242	2.67789429667618	1145	1.49752791255075	13	10	3	-6.73749889719997
chr14	35462077	72533625	0.498902891298369	2443	0.0979482817960727	1.41152386035052	95731	0.72191336878216	6	3	3	-6.73927022733125
chr14	72557447	74633044	0.328615170816559	541	0.116505001947899	2.02650821345303	19615	1.19086222566916	9	6	3	-6.73675109224841
chr14	74650692	106592935	0.49891359582797	3281	0.102577747689969	1.43436327857447	114932	0.712917593476899	6	3	3	-6.73370820238455
chr14	106592945	106675380	0.066988714165499	33	0.178555748445773	1.26155274784893	522	0.592866717426413	9	8	1	-6.80868745949364
chr14	106675394	106874644	0.498866358337026	39	0.112763340009963	1.32637618009864	973	0.570645777517684	6	3	3	-6.73511336955054
chr15	17081956	17081962	0	1	NA	0.105	1	NA	NA	NA	NA	NA
chr15	19958722	101980754	0.34130234127168	5316	0.113533855908275	0.702131584775956	180022	0.291918217668696	3	2	1	-6.9018124036295
chr16	11602	35704	0.498323943744409	14	0.189565842891616	0.779732367324349	67	0.49464328708308	4	2	2	-6.73544068516482
chr16	39526	32918643	0.413679295390811	4955	0.10155070532968	1.15575267838164	164008	0.529650946156245	5	3	2	-6.8049743757162
chr16	32978438	34268483	0.160590054724941	55	0.153659201378733	1.12978808368714	1388	0.581541546769629	5	4	1	-6.77850458005829
chr16	34572124	34595619	0.376632020857922	80	0.131184612404221	0.429396667494165	694	0.145486988758217	3	2	1	-6.96541100708139
chr16	34791904	36104311	0.436984682140028	10	0.143958674625741	1.23041440507826	1143	0.667447715296122	5	3	2	-6.77429451748685
chr16	46383753	46401545	0.49864495341243	70	0.104407190799692	0.474423830284833	994	0.11438931335442	2	1	1	-6.73314217887008
chr16	46550410	52468659	0.425842781949274	322	0.100335576721896	1.1968324558967	15952	0.551571257315892	5	3	2	-6.77289983214624
chr16	52645993	61082273	0.000335337611179876	511	0.0200086838904313	0.703664665469071	19480	0.301546724502247	3	3	0	-6.7456989503345
chr16	61467343	76759395	0.251907931708291	1158	0.114535969761519	0.913693583354287	52266	0.393341663514713	4	3	1	-6.83358237866715
chr16	76846644	81755524	0.000623689016662099	214	0.0136717185404933	0.232996898109979	3880	0.109686456743629	1	1	0	-6.84704480562114
chr16	81827807	90102289	0.237967854310227	1265	0.108277589509111	0.986729992580987	30361	0.439221271825524	4	3	1	-6.77252810257155
chr17	137637	22717047	0.242327416684146	3605	0.112971598955344	0.9192188346537	104522	0.387598623965152	4	3	1	-6.84710155436062
chr17	24421526	26939304	0.412175509123717	15	0.180987450235803	0.501763325400153	188	0.304802846353291	2	1	1	-6.91522014498904
chr17	26969832	46146021	0.244997424587151	1994	0.109964529624165	0.919358417983385	97601	0.398007344023591	4	3	1	-6.823484526655
chr17	46147320	46290689	0.253599024055569	197	0.140957881713935	0.636915719241012	1187	0.285230669972202	4	3	1	-6.8998819092333
chr17	46297487	63886962	0.24689282253841	1113	0.112759298219994	0.923470011988392	59633	0.411935978597583	4	3	1	-6.79208766441494
chr17	63894179	65776516	0.150929270828589	295	0.0962623823645738	1.5458435264353	12057	0.812375737575286	7	6	1	-6.74692736402944
chr17	65831329	83233421	0.252819322304982	2562	0.107745450456945	0.948879025945472	78130	0.40154634114986	4	3	1	-6.73432869926082
chr18	48266	93815	0.0519245782379689	24	0.0860700759324313	1.07393417121401	197	0.440750736466595	13	12	1	-6.93686168598322
chr18	108116	110627	0.149957389711249	12	0.143547584761671	0.269974683043068	126	0.115942606491315	6	5	1	-7.0371694588007
chr18	125171	4783761	0.462764782110274	474	0.101128857086106	1.1426793668041	10857	0.5276902399901	5	3	2	-6.97250175237074
chr18	4834135	15357277	0.336543811121063	1088	0.115170382241212	1.40739632290536	30311	0.691795138739044	6	4	2	-6.73644451534949
chr18	20946254	80250865	0.401209567053367	2838	0.10040218980364	1.19501619952792	101379	0.564160322301942	5	3	2	-6.73471918630778
chr19	107381	875389	0.498992898320929	236	0.0911696136293933	0.967504974037851	4734	0.434155952057623	4	2	2	-6.73370819645482
chr19	877815	879776	0.437614548357721	25	0.177677685712078	0.475508011115895	83	0.31493769166722	7	4	3	-6.75318635431102
chr19	884782	24394239	0.498920917300152	5320	0.0952499040200791	0.862858461298937	171286	0.384194388392976	4	2	2	-7.54440847717528
chr19	27392127	49444088	0.498921292535207	3345	0.101325720341696	0.889716184043241	124995	0.378837386885661	4	2	2	-7.13260663243965
chr19	49444347	49462979	0.498227936205212	19	0.174244148802228	0.947756368257946	347	0.540086107268998	4	2	2	-6.73309269600469
chr19	49463574	54543435	0.498893108761337	1669	0.10084766302506	0.858505203099446	40281	0.379802838099782	4	2	2	-6.9525035963108
chr19	54573977	54632090	0.146345790861429	66	0.149670413355588	0.789258920889108	510	0.312289985709914	6	5	1	-6.86737528383625
chr19	54632388	58579056	0.498884203041448	961	0.0951198336547599	0.874108954674436	28860	0.367579222413171	4	2	2	-6.85937678631306
chr20	96321	26274736	-0.000999676079315615	1861	0.0266606951866189	1.20154578860904	62200	0.57152110473726	5	5	0	-6.7379719799618
chr20	28513612	30919446	0.0966753970421659	647	0.158659419208	1.00517069649669	3322	0.641014693326565	4	4	0	-6.95811321891026
chr20	31054206	31237425	0.24418997163855	55	0.155260506619761	0.310424520424905	220	0.312645162830689	3	2	1	-7.61875250647292
chr20	31248651	53223778	0.00083094175474191	2148	0.0252598056883392	1.17294131896694	96422	0.5475647664707	5	5	0	-6.74337239011871
chr20	53255499	53998343	0.000736798801554639	199	0.0031969352360991	3.07529874811295	5963	2.1561498278553	13	13	0	-6.7647356109156
chr20	54011857	54930281	-0.000688573588650376	190	0.0186355182295138	4.085105936098	4293	2.90924829429005	17	17	0	-6.73385428178479
chr20	54971454	64302708	0.00038189516338677	1056	0.0359163972393914	1.48921465726417	37058	0.735856396625046	6	6	0	-6.75089843266535
chr21	5218065	13113074	0.498679075789629	706	0.149345668273269	0.701155225314201	4444	0.435575723147288	3	2	1	-7.39939725714848
chr21	13227652	46623390	0.33570279070378	1984	0.116686050268512	0.710629628263198	53512	0.312116674944955	3	2	1	-6.73873099284742
chr22	10685774	10783487	0.495681159576993	206	0.153911381808344	0.641694004515781	619	0.29511306349448	2	1	1	-6.79280245686213
chr22	10936253	12813444	0.31598288155166	400	0.154431517111772	0.865584902862758	2240	0.41046960735676	4	3	1	-6.9010665554343
chr22	15489551	16422240	0.254073741907907	52	0.118574913792908	0.96114925614701	738	0.421759136988149	4	3	1	-6.7340009046757
chr22	16426603	16434106	0.0939838486081548	11	0.154883240480751	0.685796997996698	26	0.444964318362028	10	9	1	-6.76895547731567
chr22	16437374	23971765	0.498884373838588	1130	0.0981921067385372	0.943553186199212	32650	0.397492425462849	4	2	2	-6.73559800579305
chr22	23989163	24003377	0.0979395900557825	12	0.116385299238297	0.885397760783159	75	0.289628062201187	9	8	1	-6.8190989028966
chr22	24003379	50698821	0.498908967004475	3325	0.0967079374283236	0.953645090055147	111020	0.481310571533993	4	2	2	-6.73322410468465
chr22	50722449	50808180	0.497674878001524	9	0.206387984146365	0.911223750626991	445	0.423790486783179	4	2	2	-6.73366527577251
chrX	262267	1262049	0.0013916241710864	179	0.0994793479529075	0.447559967517736	1890	0.215037294404669	2	2	0	-6.78264745188562
chrX	1285386	3411161	0.000874594408965201	352	0.0588111981291151	0.666856478581246	6139	0.295227107996502	3	3	0	-6.80150158621788
chrX	3464901	52836848	0.00064341630411785	1171	0.0236244331339112	0.476397781472311	56213	0.204733709049773	2	2	0	-6.7335966160311
chrX	52862513	52862789	0.183355564289216	9	0.0672708042995705	0.348508010760537	19	0.0410928203344688	5	4	1	-6.91400114663255
chrX	53043065	57985860	0.00160929489051365	86	0	0.474826276460952	8090	0.192438785992893	1	1	0	-Inf
chrX	64192810	154012020	0.00135333781798708	1524	0.0356308141065075	0.480738404056921	82305	0.202500991623237	2	2	0	-6.84986680026074
chrX	154013520	154323155	0.00261909766844282	9	0.111	0.498043601651112	617	0.212951575364667	2	2	0	-6.7415930579237
chrX	154323180	156005413	-6.9104777080331e-05	76	0.0136811497926572	0.495279939447102	4380	0.177179217921043	2	2	0	-6.78226066852834
chrY	11185963	11381796	0.0876628885596423	37	0.179639399391709	0.222348467320859	163	0.175061781111521	1	1	0	-6.89052185844678
chrY	56826657	56854825	0.0677835948866969	70	0.14808511415803	0.216099399976753	157	0.128736884568136	1	1	0	-6.86574966793043
chrY	56854907	56887102	0.46158476649419	109	0.12904323950618	0.67644044694501	352	0.296784149875725	4	2	2	-6.81129982256067
