chromosome	start.pos	end.pos	Bf	N.BAF	sd.BAF	depth.ratio	N.ratio	sd.ratio	CNt	A	B	LPP
chr1	61920	2654051	0.494430620539257	307	0.11391763827909	1.10307081125	19347	0.524212489733911	4	2	2	-6.7415534315549
chr1	2654099	2688096	0.0605140317511733	14	0.0613269028321911	0.681807342284661	54	0.380083083804042	13	12	1	-7.15624360210384
chr1	2783572	9432492	0.498875134174464	698	0.131660970737282	1.12038434339196	28160	0.642221345712142	4	2	2	-6.73687864757166
chr1	9446993	10148404	0.00617216448316504	35	0.210243987913523	1.1278010821451	5764	0.655951123568605	4	4	0	-6.73371830587292
chr1	10153676	10847785	0.498803819119364	121	0.123450919302304	1.13115772051474	4746	0.621328039685196	4	2	2	-6.73319985405293
chr1	10847955	11317755	0.0275068916891205	16	0.196855689529157	1.07284109149355	4356	0.562299112024992	4	4	0	-6.7482808579518
chr1	11330039	13226524	0.477441378301314	197	0.152952434835396	1.10894595666101	12047	0.613063500973137	4	2	2	-6.74879518615502
chr1	13226536	13409517	0.29914823009347	83	0.134756947540278	1.10925603786344	1133	0.511599380365121	3	2	1	-6.799157432902
chr1	13425163	16148631	0.498872069805212	369	0.122655008837801	1.11917796550048	14824	0.685120928620514	4	2	2	-6.73460335247536
chr1	16154484	16641215	0.498542070619786	104	0.14885027857938	1.13229990880169	4480	0.524332580782874	4	2	2	-6.73317839834043
chr1	16642284	20855102	0.496589465126106	603	0.12860989145083	1.12209033696717	23855	0.635532432624955	4	2	2	-6.73555108256235
chr1	20919342	21183149	0.497839780547672	9	0.185188042570548	1.15467893944713	1090	0.850814587510377	4	2	2	-6.73313460803368
chr1	21197804	22956311	0.498868596317904	301	0.122647225516562	1.11612180913632	11518	0.631154795184968	4	2	2	-6.734562167487
chr1	22981182	23418634	0.0241760672076661	11	0.180761973072577	1.15701768441567	3035	0.763279197294302	4	4	0	-6.74381178465124
chr1	23440994	24977643	0.498847478696661	188	0.140783698754583	1.13265360474468	9829	0.661018570933624	4	2	2	-6.733238923422
chr1	25067999	25483337	0.497948138732721	14	0.204468232842557	1.13402314428103	1895	0.661907797071155	4	2	2	-6.73312422755396
chr1	25717813	26814022	0.478130922238297	180	0.129631677408377	1.09314408578751	10055	0.591581488638413	4	2	2	-6.75376918756244
chr1	26874260	27017825	0.497771562525556	11	0.202234742092181	1.09531856018663	1424	0.614934836539908	4	2	2	-6.73351336395133
chr1	27078731	27686875	0.211785177992271	76	0.139472560339729	1.10879316763609	5315	0.635979276417915	4	3	1	-6.77856382019079
chr1	27712454	28005829	0.497739254566011	14	0.156105487017347	1.11229140295081	2732	0.74641822752244	4	2	2	-6.7333874169406
chr1	28096336	30881966	0.498818716791669	289	0.143059945379319	1.1287105010639	12359	0.675634528477847	4	2	2	-6.73363689035776
chr1	31069448	31434242	0.497673492912207	9	0.201893811473039	1.11202796188239	2324	0.631468981456243	4	2	2	-6.7335192719899
chr1	31603242	31968018	0.473092800291718	65	0.102896944804013	1.11992276494165	3738	0.55020378078223	4	2	2	-6.7740765155791
chr1	31983206	32161011	0.0313385281882489	9	0.183744463257476	1.11294157562089	1328	0.590659503343847	4	4	0	-6.75064737182026
chr1	32177687	32714021	0.498676520642371	22	0.190431726411967	1.08156331648333	4943	0.607936345809001	4	2	2	-6.73570147787438
chr1	32750680	33262653	0.0555832021245368	14	0.173439288551316	1.1179737875536	3379	0.609557891057605	4	4	0	-6.79442835510483
chr1	33276014	35534588	0.000926265387635183	163	0.148436544389745	1.12906795193508	9097	0.651682642428205	4	4	0	-6.73352177370517
chr1	35538376	36079421	0.49804097797677	18	0.203720075792853	1.09788916722156	4162	0.586714270473858	4	2	2	-6.73460298779986
chr1	36083895	40076983	0.498859579555891	389	0.138254926858222	1.11150821972157	22232	0.640025498147578	4	2	2	-6.73758556400018
chr1	40080292	40230734	0.497659810961844	9	0.166063575509836	1.16982340219473	784	0.777777286697118	4	2	2	-6.73323016077741
chr1	40236670	47268476	0.498890809031756	721	0.143034248808649	1.1053597685474	43768	0.596005225781601	4	2	2	-6.74624037025434
chr1	47269608	59449563	0.392448477649624	493	0.126564857826061	0.921874626196337	31239	0.504102325684823	3	2	1	-7.00991121392056
chr1	59849031	118240125	0.00151773528818666	1212	0.0146533347986557	0.578324665668055	74206	0.243724110176401	2	2	0	-6.82341500451271
chr1	118342903	120254822	0.0577026760577083	258	0.0481699973131473	8.85483391596647	25839	5.25119426897429	18	17	1	-6.7464794291523
chr1	120333520	121111210	0.0979566502359405	89	0.0962803936331868	4.94482040952289	3449	4.31273829523686	20	18	2	-6.73382453464947
chr1	121117382	124562405	0.0543287165699753	64	0.0616806270394856	5.47675792507877	2740	4.52567567467537	19	18	1	-6.73349184731674
chr1	125015362	146500470	0.0211599954172223	75	0.141629299152324	0.833438673893023	5067	1.10168033956407	3	3	0	-6.75472357373617
chr1	146595306	155236376	0.00332006116367028	672	0.0520225171510878	1.12716733052565	56186	0.70642744300076	4	4	0	-6.73745173426628
chr1	155245471	155919536	0.00126783885550602	91	0.00789103136911621	2.24990563694324	13796	1.71424324508317	8	8	0	-6.74851269885338
chr1	155921254	161412253	0.00180473389898606	489	0.0189364706553878	1.0499499219756	36393	0.492483678762886	4	4	0	-6.83453213063627
chr1	161454264	161615836	0.373662503347762	9	0.102402935070784	1.10836272593514	1018	0.497531963950836	5	3	2	-6.79757457461873
chr1	161685450	175943286	0.00137388322289284	725	0.0179538004940839	1.16575669919347	39403	0.692427744897581	4	4	0	-6.74356890668439
chr1	175972706	201206146	0.000798372796083635	722	0.00368180002066235	0.795783435138513	42136	0.389787013584611	3	3	0	-7.26569209236875
chr1	201209660	201211034	0.498333039173718	9	0.15164688515686	0.6729738914907	44	0.210342632996295	2	1	1	-6.73360080769978
chr1	201212845	248945592	0.00149158477659625	2588	0.0373561962157548	0.778633428652	119258	0.360850464943816	3	3	0	-8.28376575532098
chr2	41366	24245676	0.333147831374837	865	0.107099870558293	0.862661160110154	37710	0.44760888824249	3	2	1	-6.73603280559831
chr2	24302089	24957024	0.000679443956714598	11	0	0.273340283819883	829	0.105143115926724	1	1	0	-Inf
chr2	24995487	92006161	0.333712025478518	2678	0.119593862910564	0.860971299816943	149661	0.445271508814609	3	2	1	-6.73709492791966
chr2	94190317	97163810	0.301219552831275	149	0.152324013289066	0.816190609500692	11659	0.397846089891957	3	2	1	-6.78645410589433
chr2	97163881	242183318	0.334698816548395	5892	0.113447254526628	0.865267040419035	303359	0.43486703986341	3	2	1	-6.77394874167168
chr3	51162	63675441	0.337956427074324	2709	0.111057569989424	0.835675835503624	170927	0.405149070838585	3	2	1	-6.87985970590065
chr3	63688667	64199000	0.00241062200664566	9	0.003	0.668579186432065	974	0.327902989936964	2	2	0	-7.16680416031423
chr3	64306771	75371029	0.49883469392732	515	0.137615784062987	1.18897751209904	22216	0.708880912436592	4	2	2	-6.75369862560553
chr3	75449263	75703345	0.498373996781146	68	0.160149970184062	1.00203389913405	791	0.678623788516845	4	2	2	-6.73880868263155
chr3	75703353	90613961	0.49881551385929	411	0.155302782632874	1.23491642358428	14816	0.864275579096284	4	2	2	-6.80413500155186
chr3	91429061	101935114	0.498862610422909	445	0.110763810848597	1.1402322517564	18344	0.664876947235208	4	2	2	-6.73316714643385
chr3	101992130	129147132	0.49888884499862	1461	0.134182642249528	1.09314884986334	69877	0.608228705512278	4	2	2	-6.81885127437754
chr3	129156090	130209988	0.498301611302645	49	0.201720891400001	1.05577349486846	5767	0.610069037508177	4	2	2	-6.74372094969718
chr3	130341319	141922173	0.498847055189103	477	0.139125717524391	1.06814040937462	31142	0.597025571827066	4	2	2	-6.82084051015198
chr3	141935825	142756574	0.0180203727142587	28	0.202756568797354	1.05106048340692	4069	0.620560132682389	4	4	0	-6.74671352299528
chr3	142762752	195778793	0.498895867906547	2569	0.128168478537552	1.08197990260812	113535	0.62971239337686	4	2	2	-6.96413774697819
chr3	195778917	195788228	0.33491112271328	74	0.146428221925389	0.858471247268694	350	0.295566316985528	3	2	1	-6.73309954264135
chr3	195788444	197929848	0.498845836112782	308	0.116826248552182	1.02048862865359	12277	0.533025584145058	4	2	2	-6.79051581459451
chr3	197932289	198055467	0.497674399138884	9	0.196891961350494	0.977593065482092	775	0.473199145953653	4	2	2	-6.74115300651333
chr4	44476	799614	0.498839615248371	66	0.114877026578125	0.572020362155077	2941	0.211246099768969	2	1	1	-6.7331022227849
chr4	807801	859515	0.0388453386570727	26	0.0269045320746124	7.30535650021443	1318	4.71996688484899	20	19	1	-6.83451720290954
chr4	864087	883921	0.0413184835822924	9	0.195873329249061	4.29929837300497	414	2.90527633755652	20	19	1	-6.73432227497934
chr4	884260	921063	0.0386866277149787	15	0.0259847940882648	6.5021974724087	1236	4.34567815570298	20	19	1	-6.84468196902747
chr4	931361	49061855	0.498887225304828	1375	0.0945161943998884	0.575428179990028	59194	0.23725401243042	2	1	1	-6.75810318343944
chr4	49092775	49256717	0.498198187522596	49	0.179915186934833	0.281153570335333	228	0.864786329406878	2	1	1	-6.79852939162704
chr4	49261509	49627348	0.498401716894624	85	0.165771054702052	1.05426333535407	463	0.707915438404032	4	2	2	-6.73593453663875
chr4	51819050	55990849	0.0899413301682994	580	0.0840510289054685	4.00046998175772	31244	3.23873563676701	12	11	1	-6.74241107118466
chr4	55994980	56400121	0.151098913485246	134	0.092293866744364	3.05578278793237	4636	2.30524714379003	13	11	2	-6.7353025063738
chr4	56463307	57606575	0.343759692630374	128	0.145211366572288	1.36252708189497	5390	0.947494875285962	6	4	2	-6.77614596573448
chr4	57635043	58686555	0.151346699889977	63	0.111208010998262	3.02324079491043	1901	2.43632817887091	13	11	2	-6.73783286967768
chr4	58721322	87615398	0.38774402517695	816	0.0960447044454556	0.766680080617996	42921	0.359689770708444	3	2	1	-8.24499007872165
chr4	87615765	87616205	0.17209046401954	9	0.128802281725821	0.233887922800775	17	0.115231863444714	6	5	1	-6.81195833077381
chr4	87616232	113231304	0.376817170463798	655	0.108987229552901	0.799391724721152	33744	0.414318438264068	3	2	1	-7.23360326527587
chr4	113309772	113685792	-0.000862595890242068	10	0	0.473773701349533	1006	0.14029327021848	1	1	0	-Inf
chr4	113813327	190179679	0.374429657630487	1823	0.109851449212838	0.773446848449612	91760	0.389780284529199	3	2	1	-8.98528339509848
chr5	169294	491711	-0.000919836293778564	38	0	0.283647028444862	970	0.098312176097465	1	1	0	-Inf
chr5	617270	1297803	0.113098221222023	139	0.131236538699295	1.77236939911132	6900	1.07729318176476	8	7	1	-6.76063439808681
chr5	1324703	24608539	0.00633072086008341	251	0.0945011997225643	0.309832854711217	10611	0.217207907372957	1	1	0	-8.23540647211138
chr5	25420934	32263301	-0.000153850537488565	209	0.0101709282998494	0.886703515566733	7386	0.475113210038978	3	3	0	-6.75402598544303
chr5	32268634	33624444	0.235670312943655	114	0.116852083125844	1.17870633575465	3849	0.81856898611489	4	3	1	-6.74319854943221
chr5	33805746	38124035	0.159462011929118	251	0.100505131382746	1.57313222295554	18671	1.09186581066444	6	5	1	-6.75210846408437
chr5	38127250	43241470	0.238160256404607	269	0.120266819571811	1.28147772397571	13887	0.884411318544644	4	3	1	-6.78983635335516
chr5	43245820	46206800	0.498558418781013	93	0.197712272229104	2.05560693795656	6234	1.68412256883565	8	4	4	-6.74010313343188
chr5	49599598	49661770	0.0121945639166373	15	0.129099444873581	0.0373890643283928	50	0.0856346868496448	1	1	0	-12.9812750600535
chr5	49661820	51879844	0.010764200986386	49	0.0563976859418171	0.977355672153468	1494	0.624927263301577	3	3	0	-6.8129563493705
chr5	52135214	52730035	0.498666295882933	25	0.186909318476456	2.17473205089178	669	1.89569476899194	8	4	4	-6.73330610721249
chr5	52778499	63507414	0.00265095277060989	422	0.0519867593137666	0.938341840789302	18710	0.503107848464302	3	3	0	-6.93609640111167
chr5	63507956	78645876	0.00547697313166057	365	0.0505887826350483	0.577693353148971	19469	0.261950874142188	2	2	0	-6.75580470696479
chr5	78670366	79030390	0.316760668321799	33	0.13533660337145	1.1910820345158	899	0.641940641149054	3	2	1	-6.79823369633496
chr5	79030927	158606174	0.000458963471338392	1776	0.0317070792240821	0.580817882503597	104678	0.286187157993359	2	2	0	-6.88447511756551
chr5	158777417	161448364	0.498632046657643	94	0.15244790995034	0.938704896381096	5010	0.60635617768855	4	2	2	-6.89725999231373
chr5	161633601	175880370	0.00241886454112439	357	0.0286590303639502	0.575658585777508	14986	0.250175948322186	2	2	0	-6.74475881508336
chr5	175920006	176041896	0.498794736115361	14	0.129716025427652	0.538639180616334	179	0.218967596887298	2	1	1	-6.73839986710543
chr5	176106582	181281936	0.00177805181382551	304	0.0653605222757257	0.541198041346973	18517	0.214858085671722	2	2	0	-6.92576456747546
chr6	188609	2953262	0.405266143425039	275	0.139533950508085	1.44904568767457	8320	1.06002629571246	5	3	2	-6.73418395098455
chr6	2956610	10208589	0.320844108965245	455	0.120236771625438	0.872337406055444	13906	0.445204639301498	3	2	1	-6.74628153726222
chr6	10214218	30836217	0.386424686031657	2407	0.150840674048275	1.4679796178197	95451	0.963573844622972	5	3	2	-6.74775121402341
chr6	30842877	31052751	0.405489992912718	119	0.0842776278653468	1.25416037887734	5020	0.512465169576676	5	3	2	-6.74369079844341
chr6	31060164	31841727	0.00181479318524264	302	0.00657334566960515	0.798588446362175	7869	0.314647631595414	3	3	0	-6.80202736714263
chr6	31874821	32485025	0.397188459627789	175	0.124758253459399	1.3491138381022	9797	0.630436101440244	5	3	2	-6.73634771223341
chr6	32521989	32666466	0.36453634400398	36	0.171277448269509	0.577630722056243	152	0.597548758822611	3	2	1	-6.79045292517542
chr6	32666690	32885781	0.3834693698241	105	0.109030087926499	1.37884280889266	1768	0.737310011819404	5	3	2	-6.74709364371449
chr6	32894927	33242711	0.0014975569611469	137	0.000768921891945085	0.8230918093509	3133	0.315134475430992	3	3	0	-8.43008923515717
chr6	33255882	43770613	0.392242724883895	1561	0.155033499235218	1.38403373899254	78821	0.866629085657138	5	3	2	-6.74293626838316
chr6	43777840	48008534	-0.00249973969500833	186	0	0.861977077470326	10154	0.404439740396371	1	1	0	-Inf
chr6	48098583	56555740	0.403848264223745	552	0.143363875394177	1.48389823358766	23664	0.963334355232825	5	3	2	-6.74135417341464
chr6	56572363	57301192	0.0384065032388794	21	0.148392016214453	1.46675821940275	5058	0.777545497441504	5	5	0	-6.77345890691852
chr6	57311701	58039334	0.00488724555779885	49	0.165087672543562	1.55506990200173	1610	1.19585281261601	5	5	0	-6.73575337980873
chr6	58316164	60932098	0.0373099746365875	30	0.089010809107271	2.85848333853643	1988	2.24468368322438	10	10	0	-6.83663812381425
chr6	61001166	61637259	0.0420624379262372	19	0.0718088349155577	3.51240180300382	744	2.71018854078421	20	19	1	-6.75263243512551
chr6	62047746	65402516	0.00242572433221799	51	0	0.602098223687856	2217	0.241417256655322	1	1	0	-Inf
chr6	65479849	69401950	0.140589778211194	289	0.0956009816790642	3.88608522100551	10284	3.05477239540478	14	12	2	-6.73357742643236
chr6	69466779	70074273	0.0709929586342775	77	0.0768552269248701	5.0390927038908	3050	4.45710659971168	14	13	1	-6.73402748534645
chr6	70144291	100504998	0.00052090570406893	560	0.00478355299423538	0.580781131931351	29234	0.240251988164878	2	2	0	-6.82237062107223
chr6	100586554	104122435	0.103031839972907	156	0.0992121762384965	3.92929255944414	9057	2.98570909782499	11	10	1	-6.75382283758387
chr6	104139165	105402837	0.00245040535008989	19	0	0.581385009752605	1497	0.226091367063121	1	1	0	-Inf
chr6	105515257	107265670	0.144013140849605	402	0.0966141905408997	3.623260943769	17336	2.59275714667077	14	12	2	-6.73464339299015
chr6	107270465	107953229	0.0744698235936901	140	0.0601105229914552	6.12749831600233	8691	4.66813527035436	14	13	1	-6.73798301653283
chr6	107958750	109342022	0.0657719350962929	180	0.0953643102841815	3.68668547404622	14286	2.66013764062135	15	14	1	-6.73573937576538
chr6	109343926	110170244	0.146059675835916	181	0.0868987842887664	3.39393921997054	9536	2.1408597981067	14	12	2	-6.73676263871929
chr6	110393381	170640200	0.001508164069981	1508	0.0461206592290489	0.585153436321087	78123	0.248863788360482	2	2	0	-7.04613943170492
chr7	50354	58091557	0.34987920719029	2645	0.116108389768918	0.82243429168582	114848	0.403820421649181	3	2	1	-7.0892447714432
chr7	60958059	65771802	0.354824507584916	235	0.107997836790416	0.774076227530479	7418	0.402669548548109	3	2	1	-6.93623333718311
chr7	65780902	65822270	0.0582400840545643	55	0.11673972604201	0.726992449838375	233	0.372466515743372	3	3	0	-6.88361309197755
chr7	65829874	100952148	0.357007147883447	1697	0.115505122550753	0.805476503131659	88298	0.393605010292227	3	2	1	-7.24230242121829
chr7	100952233	100960738	0.14241384544648	83	0.129879679394432	0.458334232772938	710	0.138268842988784	5	4	1	-7.17523921178489
chr7	100960849	119360158	0.33271322463754	904	0.117108512990999	0.771572323475623	39766	0.40009732342426	3	2	1	-7.41252136662671
chr7	119446021	134806057	0.324090260696347	1531	0.143158756612747	1.71098582283075	63095	1.21385332217132	6	4	2	-6.73555264638622
chr7	134872036	135315735	0.0598845926124927	14	0.10242102291066	1.65133660892515	2960	0.927464018315903	11	10	1	-6.91308996521294
chr7	135332349	152358692	0.315552813893685	2358	0.146785776555136	1.64422546314253	98166	1.08178854352796	6	4	2	-6.75696786703138
chr7	152379818	152410798	0.111895794488246	90	0.138679587413014	1.05487935530443	392	1.08524776005691	9	8	1	-6.74555269662083
chr7	152413706	159272752	0.31569578411122	659	0.150354963585779	1.69751626203165	27708	1.18318178988803	6	4	2	-6.74155778875425
chr8	213553	7055509	-0.00164617004217538	189	0.00116382874792529	0.512419771232645	5667	0.215055457603109	2	2	0	-8.64609884909483
chr8	7120484	8194732	0.426760996688031	28	0.156343177508451	0.664397443171892	691	0.359849669476242	2	1	1	-6.97294068070653
chr8	8234883	11974570	0.000120827216976815	101	0.0486159652707618	0.510281442658243	5106	0.207863642455852	2	2	0	-7.33365552343414
chr8	12185312	12662068	0.49858551661938	53	0.12946403415363	0.648259053905669	643	0.266092507131297	2	1	1	-6.79673389051113
chr8	12767175	43144044	0.00230998566707707	886	0.00654041317516863	0.515673062421601	44280	0.22542476944049	2	2	0	-9.25265191507266
chr8	45933720	47673591	0.00153922488315422	66	0.215456860511005	1.71148383990091	4275	1.30940745695653	6	6	0	-6.73306193724739
chr8	47677923	48119924	0.0108181260028495	30	0.15228279802628	1.88512798758909	5249	1.42267022604275	7	7	0	-6.73651430757093
chr8	48135474	53533705	0.498772677311513	288	0.169018868877656	1.59126530408894	10605	1.23991632016605	6	3	3	-6.74471551889937
chr8	53550527	54195080	0.00998161907582429	23	0.1455939043375	1.65210053364239	3257	1.18204331219419	6	6	0	-6.7362259776422
chr8	54203763	69328274	0.498845010425513	890	0.166524168723264	1.54810082788758	41261	1.10438035259973	6	3	3	-6.80941049244617
chr8	69330962	69675247	0.497671854200799	9	0.18642722738675	1.58822786313842	1350	0.995614279530552	6	3	3	-6.73433812796605
chr8	69692756	70085184	0.498801989995469	62	0.175825562713268	1.51236855391857	2264	1.04780422377168	6	3	3	-6.73642279751899
chr8	70105622	70394474	-0.000862595890242068	10	0	1.667089721032	1335	1.05179928128747	1	1	0	-Inf
chr8	70412875	78338632	0.498837850344581	385	0.160699040198014	1.64015200006944	18427	1.13443060036996	6	3	3	-6.74026778652048
chr8	78373706	79697987	0.497982625179157	17	0.215403759047433	1.73983040397147	1864	1.21970569351918	6	3	3	-6.73319949758191
chr8	79734942	86229486	0.498814804851414	404	0.170460674002747	1.66034298772474	15666	1.28293028821701	6	3	3	-6.7354750336026
chr8	86272171	86628201	0.0144472327050222	10	0.140405128111476	1.56457605555053	2087	1.02824428775876	5	5	0	-6.74104680024639
chr8	86630660	89190906	0.00130935748278693	85	0.123329811063338	1.70122870662957	4342	1.27996210228769	6	6	0	-6.73315189213579
chr8	89229650	90447159	0.00678018759897991	38	0.218799018893055	1.65361555446153	2857	1.18219530255754	6	6	0	-6.73428366523277
chr8	90527746	91960552	0.000780095889885576	44	0.166122442679925	1.66631526385791	3330	1.08888730587285	6	6	0	-6.73362616926085
chr8	92042128	92245462	0.497835487314246	11	0.195725457070496	1.6842972342537	531	1.18826997214859	6	3	3	-6.73312995558924
chr8	92259239	93266111	0.498847663159973	30	0.159264202528053	1.76007707407945	1179	1.26953073927413	6	3	3	-6.73332197233008
chr8	93329679	93862802	0.0557142120538372	12	0.210854304861883	1.58596733757927	2295	1.07730743251831	6	6	0	-6.77629775919427
chr8	93865125	94553534	0.498859285750344	97	0.112428881682716	1.52849174007353	3869	1.01404875360806	6	3	3	-6.73837101762541
chr8	94556700	98886842	0.498836594055678	440	0.163290588641191	1.59138057343674	17041	1.1198552987733	6	3	3	-6.74449851078471
chr8	98897554	99518603	0.0291666859174016	10	0.179969164025396	1.64565589896554	2297	1.32515661103401	6	6	0	-6.7491013783936
chr8	99614337	100696896	0.498814310876535	119	0.159999385324984	1.55122052945314	6040	0.949823577274294	6	3	3	-6.74024452601617
chr8	100706704	100709589	0.0203220833202817	9	0.150599727017607	1.38154629363626	105	0.565894160200872	5	5	0	-6.7439413767351
chr8	100713023	113649294	0.498861148355043	897	0.161845679610548	1.62726937392011	34832	1.15830275958661	6	3	3	-6.74870631488509
chr8	113658895	114083667	0.490117838307967	16	0.215277950179142	1.95922085409705	329	1.4422414949661	6	3	3	-6.73647895062161
chr8	114173137	123242288	0.498871341877244	696	0.152140192979006	1.60833654717371	24321	1.08489868131638	6	3	3	-6.75180886982447
chr8	123242915	123399109	0.497794374747552	9	0.223647602267496	1.51567505805144	1606	0.871084969401562	6	3	3	-6.73495959071921
chr8	123399641	124573104	0.487285222089325	220	0.126337943407257	1.59244407120037	6514	1.18893345556044	6	3	3	-6.74180553592231
chr8	124581206	125106811	0.00523086685373508	54	0.205670060180832	1.61331331477084	2781	1.07312448824217	6	6	0	-6.73442621827301
chr8	125130161	130676452	-4.69628941130451e-05	394	0.177449216005198	1.71981392820373	14332	1.33115905170225	6	6	0	-6.7330494625064
chr8	130773709	138316807	0.498864973337277	511	0.138096273521494	1.63403134703488	18048	1.16897621083933	6	3	3	-6.74066838576604
chr8	138330967	138670862	0.49785447048391	11	0.227434066369694	1.52352247707062	877	0.648705823425826	6	3	3	-6.73981795460878
chr8	138685235	140649737	0.498798324702923	179	0.159740277674711	1.58059210090001	6556	1.2131186910201	6	3	3	-6.73833709763792
chr8	140654112	141321485	0.49824379470776	48	0.222313415870223	1.56546473194977	4284	1.02875857577656	6	3	3	-6.73618454386753
chr8	141321679	143930378	0.498883755657516	374	0.132024874594059	1.4810646668004	18615	0.764866589817813	6	3	3	-6.78973410059545
chr8	143930787	144252561	0.4979899003982	19	0.224609876210348	1.44218717420574	5749	0.741209916665155	6	3	3	-6.74355467466214
chr8	144308911	144530786	0.49906846401349	72	0.0798826604252745	1.45880124109973	6476	0.654488568827394	6	3	3	-6.74119251217605
chr8	144614596	144761663	0.497850115546067	9	0.224916527726275	1.63939654995685	1049	1.39469058199465	6	3	3	-6.73317497766768
chr8	144761848	144851323	0.498737119949055	38	0.173804408061865	1.48390286330085	1619	0.811211202972136	6	3	3	-6.73475966844357
chr8	144859410	145009151	0.498181645588107	16	0.194718161710715	1.42977921777299	1577	0.790240512391929	6	3	3	-6.73781552743785
chr9	117506	38773523	0.00145458628101613	935	0.0157698145239824	0.57184768829061	48509	0.248391542763485	2	2	0	-6.73834281999673
chr9	38956085	40349421	0.498431806166613	98	0.174678158561615	0.524081372808809	692	0.229378158036363	2	1	1	-6.84960019873712
chr9	40575352	40922926	0.192472187317867	21	0.15993382560118	0.271377755788368	139	0.135244858013998	1	1	0	-7.52620382221157
chr9	40923726	43242683	0.307323006974586	192	0.171311722803732	0.442603741004388	1875	0.255356776156128	2	1	1	-8.55339632504116
chr9	61521313	67800317	0.198757868700019	156	0.161920926872161	0.458710202966188	1898	0.497730855267135	2	2	0	-8.17987512075564
chr9	68387447	78317658	0.00059653958287792	196	0.00920386439668406	0.289008026090064	7710	0.104984195659398	1	1	0	-6.80597331618607
chr9	78349988	138214444	0.334736949422576	3639	0.112535894821378	0.839582623329674	182700	0.42152109692674	3	2	1	-6.81836045830344
chr10	47876	38950914	0.330754198196282	2245	0.117157952780601	0.856668786548795	83548	0.455336542087161	3	2	1	-6.73335262123656
chr10	41859953	42078565	0.0196054566834334	9	0.0833333333333333	0.720268764384704	57	0.933327953909488	3	3	0	-6.77061052029193
chr10	42083545	42273277	0.144340371243406	20	0.118212965715094	0.780805917265735	154	0.346040423083698	5	4	1	-7.19146842773656
chr10	42278382	133689420	0.329520300465023	3796	0.115983321892761	0.847641865844564	209428	0.428535407219026	3	2	1	-6.77043200866563
chr11	192997	1017240	0.498863132466891	276	0.108070638344558	1.06870932644191	11468	0.448769510699684	4	2	2	-6.74411909101081
chr11	1017337	1020839	0.130000267989688	17	0.134858367970863	0.833174320467564	167	0.256099739448723	7	6	1	-6.76294224290004
chr11	1046927	13236448	0.498908671480155	1268	0.123282929708339	1.095918250814	62264	0.547960973328552	4	2	2	-6.77557762725663
chr11	13266242	14122481	0.498324217357261	17	0.211684629467851	1.20193418163617	1705	0.750913036385271	4	2	2	-6.73538258002445
chr11	14146359	33887747	0.498875731903318	912	0.147719807749099	1.16382903562612	46643	0.697723592854908	4	2	2	-6.74111578114668
chr11	33895549	33971951	0.0476029599214212	10	0.184616870542453	1.24363015031672	163	1.09441894246739	4	4	0	-6.77293137732363
chr11	33983491	35806408	0.498855904523579	142	0.125819282738777	1.20228488083329	6144	0.636941994900486	4	2	2	-6.74000446202391
chr11	35930228	43754931	-0.000148126076302935	105	0	0.603020059282987	4540	0.293287921276543	1	1	0	-Inf
chr11	43766124	45330183	0.498764677208333	72	0.145186068624685	1.15493078566819	4890	0.678864956641382	4	2	2	-6.73329884995888
chr11	45341950	49059064	-0.00138658651434626	205	0.00467948298165617	0.544934967962677	12650	0.235897273806043	2	2	0	-6.87417433676785
chr11	49082138	50819330	0.498760040436824	39	0.154390224530245	1.11217710327159	3447	0.596086804511681	4	2	2	-6.73523681328689
chr11	54591798	54707820	-0.00055792922142972	21	0	0.546370926390278	312	0.168571399075528	1	1	0	-Inf
chr11	54725277	55297451	0.459735587428861	9	0.20081645848884	1.21490749233342	193	0.510614802120164	4	2	2	-6.76197475224661
chr11	55302655	64811771	0.00721440091379671	572	0.0407883593613466	0.550927776696861	35519	0.193092958737216	2	2	0	-6.94915532519328
chr11	64835447	65996912	0.498852424009354	199	0.123957641468088	1.08718810445629	16559	0.476438728102974	4	2	2	-6.74072128152932
chr11	66042864	67340038	0.0166210048412179	58	0.202764407678403	1.08389969349388	14356	0.505032179367116	4	4	0	-6.74560100323843
chr11	67392131	67568465	0.498840409306399	27	0.108226614102077	1.23536028705749	3436	1.02243442416979	4	2	2	-6.73371192920488
chr11	67585218	72228861	0.28926279868307	965	0.143322961833211	1.96640352395154	40293	1.36337229298229	7	5	2	-6.73382669445222
chr11	72240256	72476289	0.0347710268252059	18	0.0994693107991087	2.14132129054452	1981	1.55559898859406	19	18	1	-6.8025319273694
chr11	72478552	72908815	0.287825602853842	71	0.137292333027921	1.92843605042423	5616	1.24580112222102	7	5	2	-6.73339222491244
chr11	72912748	74425037	0.0793628804541574	152	0.0654799091950425	3.34943179118465	20921	2.471447765779	12	11	1	-6.73531584505329
chr11	74452791	79084785	0.167032624885152	1102	0.100104289302308	3.45678948504286	55962	2.42468739698291	12	10	2	-6.73306964883207
chr11	79111274	89733749	0.000166740810869925	202	0.0439574400879617	0.701349874347728	9292	1.29768988033079	3	3	0	-6.88156688671586
chr11	89753680	90053561	0.00441381969051535	10	0.226561863025925	0.615184313654741	379	0.270947038202772	2	2	0	-6.74657718233326
chr11	90147436	134665563	0.000570367674010919	1372	0.0337784398078926	0.56720002613282	69669	0.229107892830366	2	2	0	-6.7610015633146
chr12	12825	34309801	0.331176922747204	2262	0.113056216112475	0.854936849914735	93025	0.43080526278697	3	2	1	-6.73397345143559
chr12	37323770	133259857	0.321778493755841	5268	0.114554848169302	0.841844495694593	274209	0.40699981769462	3	2	1	-6.8495377087865
chr13	16688991	17312106	0.25	1	NA	1.99343766428234	27	0.456565058257476	7	7	0	-5.76442928485303
chr13	18177561	18317719	0.0651724938825525	18	0.10622740436398	0.224565859544743	54	0.205733332382261	1	1	0	-7.06382824922579
chr13	18413176	25072151	0.00290852690845644	626	0.0360337531862849	0.847210465915406	17262	0.432282901218094	3	3	0	-6.73983002214893
chr13	25074371	41732003	8.94351443864183e-06	554	0.00277959660581312	0.656176454631862	25837	0.337541511203652	2	2	0	-8.06586140265923
chr13	41745187	110198667	-0.00113036804912364	1858	0.0321259956306273	0.933385532742355	87201	0.557260150776182	3	3	0	-7.56729068958111
chr13	110201301	110362369	-0.00319841251747544	9	0	1.13278305752905	406	0.486765420927414	1	1	0	-Inf
chr13	110362479	110445763	-0.000862595890242068	10	0	1.10588466497397	286	0.45548597406263	1	1	0	-Inf
chr13	110445879	110457229	0.0120203890947325	9	0.0606666666666667	1.09176852148811	93	0.675994012964129	4	4	0	-6.75652413925696
chr13	110457271	110480209	-0.00217608302794559	22	0	1.00227725043962	251	0.446468151918242	1	1	0	-Inf
chr13	110482433	110504064	0.0235439094651043	9	0.210858035443545	1.08556717144028	261	0.382048459922878	4	4	0	-6.74073586872255
chr13	110546959	110914692	-0.00117073128255074	38	0	1.10890239694226	1843	0.595315148059238	1	1	0	-Inf
chr13	110936805	110952645	0.0135592394833135	9	0.107635702461797	1.02626962432976	133	0.373831082405817	4	4	0	-6.74332323450928
chr13	110952716	114299067	-0.000237324473526757	328	0.041954021137549	1.13280370242586	11047	0.625846404381745	4	4	0	-6.73344737261672
chr14	16037128	16099245	0.294076278809676	8	0.17075441847452	1.51491429960052	44	1.1617195234036	7	5	2	-6.73659823739393
chr14	18289828	19484022	0.261535713628624	103	0.137623979029949	1.51556733410566	1765	1.07029212017531	4	3	1	-6.78667232974949
chr14	19484129	22142269	0.383963153484826	497	0.130925993536082	1.36165710676876	22004	0.784127316518908	5	3	2	-6.74797711758589
chr14	22142447	23670119	0.285064416209767	345	0.136600442741581	1.77817458033816	20722	1.17140479587904	7	5	2	-6.74225794214693
chr14	23772187	28748895	0.326890197300587	309	0.138767189991419	1.63704694807555	19234	0.911659375039943	6	4	2	-6.74194320449624
chr14	28750638	30603141	0.321699866686571	111	0.166006160153306	1.88900918896789	4050	1.5123758877671	6	4	2	-6.74055074401537
chr14	30607874	36951991	0.387354093119415	727	0.148445535819276	1.42975533181939	27010	1.04868295093242	5	3	2	-6.73738333767903
chr14	37032441	37591728	0.000679443956714598	11	0	1.54811899967675	1362	1.12752958720773	1	1	0	-Inf
chr14	37592537	52692858	0.38386718082074	726	0.160718616017934	1.45463656650037	37193	1.03043856898857	5	3	2	-6.74186340935825
chr14	52712915	52856075	0.000679443956714598	11	0	1.53394106292151	913	1.10200712713179	1	1	0	-Inf
chr14	52860551	54350978	0.393165299067664	79	0.153058400837267	1.47380870556766	3347	0.98959759033942	5	3	2	-6.73511431333489
chr14	54361620	55561602	0.498186268221267	49	0.183717835816991	1.44438038088881	7046	1.01803132477157	6	3	3	-6.75340393444298
chr14	55612021	66074160	0.406203521349847	773	0.154913198336018	1.4510649732865	42332	0.94259152263992	5	3	2	-6.73571984518145
chr14	66220407	67503981	0.0143971627710572	18	0.160367184881846	1.45533460003237	4574	0.99079854061351	5	5	0	-6.73813250508922
chr14	67507788	69349935	0.403223955880954	176	0.150847104044795	1.436907723537	9283	0.848524697627537	5	3	2	-6.73335608699251
chr14	69393865	69761415	0.0236638152336546	12	0.12222730935235	1.39853381636438	1924	0.991407719941637	5	5	0	-6.75553671595417
chr14	69762479	90286559	0.398251215447969	1637	0.157424750447464	1.40872935465155	78967	0.932224472682771	5	3	2	-6.73586710085109
chr14	90301568	91163023	0.0149470177526398	18	0.0504681676674755	1.46765369235256	4111	0.998592564884895	5	5	0	-6.78558052783341
chr14	91217891	103367048	0.388093544978156	1335	0.143907759715856	1.39123489970169	60116	0.871498883317074	5	3	2	-6.74384835823823
chr14	103368953	103851364	0.396362576261901	65	0.186245375523384	1.38802841415704	4827	0.79967270402306	5	3	2	-6.73363324199498
chr14	103861395	106874951	0.38648075413653	449	0.137939605054022	1.36007495309867	23971	0.693867090990084	5	3	2	-6.74783391205858
chr15	19594706	20265310	0.498754308295598	157	0.117653503165527	1.02742473481843	2018	0.571919691583883	4	2	2	-6.74700575673437
chr15	20265377	22372723	0.337888276541264	234	0.131493320732122	1.10625488481798	3331	0.652812246509981	3	2	1	-6.92093925648727
chr15	22432006	42736428	0.498904963029332	1613	0.128621837965105	1.13666812593798	78969	0.652524066736253	4	2	2	-6.7339108728161
chr15	42740815	42975172	0.497774590581178	9	0.234324027790579	1.1244363085945	1350	0.803102136413347	4	2	2	-6.73314127243367
chr15	43004660	44249748	0.455834902196568	182	0.108342090858398	1.07672000604599	10994	0.553483055778646	4	2	2	-6.83976115554227
chr15	44274613	44618182	0.121733761859862	16	0.171281785371358	1.16419445223556	2447	0.777574192326418	6	5	1	-6.82465889626683
chr15	44651559	46875437	0.498852929304475	202	0.0966258014973188	1.10363628152498	7627	0.584467379234889	4	2	2	-6.73786870540116
chr15	46923944	47070917	0.0189403460010872	9	0.148	1.36570553390672	133	1.03597782813061	5	5	0	-6.7430065408591
chr15	47257317	50399982	0.498835214989781	178	0.115872967762806	1.17435626581723	10451	0.597267312353274	4	2	2	-6.73700067247891
chr15	50483775	51113029	0.0137200588804893	14	0.133630620956212	1.11957587667275	3249	0.640035299696183	4	4	0	-6.73973759703876
chr15	51342146	64188689	0.498862838959255	713	0.144415264930605	1.15606130337727	44023	0.702128945932061	4	2	2	-6.73513625594426
chr15	64214963	64709572	0.497953088097278	17	0.206209612801549	1.11715876848812	2879	0.812708819971519	4	2	2	-6.73332084284635
chr15	64737757	74939961	0.498886000858684	874	0.140609719614553	1.13526063242005	48141	0.650552261366256	4	2	2	-6.73370697467522
chr15	74943749	75055377	0.497775453373068	9	0.239730056521914	1.19706576336408	738	0.701404521060668	4	2	2	-6.73337398468321
chr15	75096452	101915184	0.371842923708928	1772	0.114095905580727	0.92918789902456	77099	0.484568330332575	3	2	1	-7.21692462254171
chr16	11730	1324817	0.00237410765804508	242	0.0559013635777107	0.553353660513748	8918	0.211364710310294	2	2	0	-6.75225450731906
chr16	1338887	7751354	0.498901507984922	1105	0.126474944667438	1.10858091523454	47827	0.571272835500383	4	2	2	-6.74397312965581
chr16	7751552	14060875	0.338964584902413	1079	0.156767677732437	1.74328456857635	36876	1.24774842125812	6	4	2	-6.73448947834949
chr16	14122013	14958731	0.139312832693244	127	0.117275760707376	2.44419447981192	7872	1.98047372609987	7	6	1	-6.73872318808507
chr16	14960677	16054147	0.272399448277534	271	0.142092115079239	2.25850092885892	14247	1.64839860225485	7	5	2	-6.74186012011893
chr16	16066575	20231163	0.498817952646032	342	0.150001049426682	1.12238789195298	15426	0.68762950920312	4	2	2	-6.73478899181379
chr16	20295580	21501907	0.0057340919296035	77	0.020679742333836	0.542334495531409	4519	0.187607170783062	2	2	0	-6.83440658384528
chr16	21516761	23378880	0.498761783258587	129	0.154931142103854	1.06505592980204	9962	0.557958511653609	4	2	2	-6.75084520981198
chr16	23453102	23663665	0.0225209931959575	10	0.145193548984336	1.04744335773821	2287	0.523620491988955	4	4	0	-6.75092910561009
chr16	23680269	24563278	0.498813996367652	78	0.12122413968056	1.11077160061551	3722	0.588865031988545	4	2	2	-6.73432421107558
chr16	24650403	32066546	0.000336726084457895	397	0.0257094415256051	0.543688600557554	26233	0.213979921237719	2	2	0	-6.96445181398039
chr16	32124702	35406636	0.384088976946521	93	0.145600821123146	0.613382984966369	2538	0.22414614500573	2	1	1	-7.28170390000692
chr16	46386263	46401545	0.391125815409936	59	0.123724869636029	0.716894106250752	1358	0.175161407830263	3	2	1	-6.87068974465181
chr16	47660850	70112607	0.00241709970991888	608	0.0512308696872229	0.599326542174068	46950	0.312360457505766	2	2	0	-7.03295838190585
chr16	70123202	70177506	0.498282416480514	54	0.207864278679151	0.422398074419905	770	0.183767803225076	2	1	1	-6.81989749475727
chr16	70185756	90149401	0.00105689525173602	1146	0.0526243916487533	0.553271640740919	44270	0.222950637986508	2	2	0	-6.9742890601578
chr17	132094	21290834	0.498909620978769	1568	0.084065625212881	0.544389068887864	75646	0.205345970064754	2	1	1	-7.36789752211558
chr17	21290899	23016487	0.417046953705559	243	0.159416523921373	0.51834355561184	1772	0.256365136010285	2	1	1	-7.03732923931675
chr17	24421438	31909405	0.49885353119607	266	0.103091412330776	0.549876358453912	18636	0.213757405680966	2	1	1	-6.87489350529462
chr17	31931501	64922362	0.331546577209882	2498	0.116002012591344	0.823272023988444	147725	0.400011801558843	3	2	1	-6.92763444019473
chr17	64922482	78406035	0.202534713121561	2243	0.104634973007059	1.3907170013659	89601	0.901355010485387	5	4	1	-6.74054485458515
chr17	78418219	83233421	0.347092633051048	606	0.114896649909298	0.835013172920812	29310	0.390488867838927	3	2	1	-6.75453900918868
chr18	47974	125171	0.494259161470682	31	0.142205583424102	0.669062609891683	446	0.339425848612481	2	1	1	-6.74399627894704
chr18	127806	15356737	0.357484646134468	859	0.110139041744674	0.829873282914375	31550	0.415120193042055	3	2	1	-6.81660026753941
chr18	20959507	80262992	0.498882290342271	1148	0.0981857328412056	0.59150465818182	61387	0.269654328297365	2	1	1	-7.26679383678661
chr19	282875	875389	0.299704415649548	169	0.112439290153097	0.817241671334785	4550	0.367976713285097	3	2	1	-6.79218191908646
chr19	877718	879743	0.149124023436931	27	0.125353528560257	0.442038565057122	93	0.218200342424835	6	5	1	-6.79127205186826
chr19	884782	24394059	0.330291814689231	3773	0.10645719551477	0.794215960005328	178948	0.365454155738313	3	2	1	-7.29190619274848
chr19	27392072	29772602	0.003965500138951	93	0.158374800308016	1.17951219528673	3287	0.745840113628147	4	4	0	-6.73596684446869
chr19	29773779	39850470	0.498906082806458	1342	0.122396220195186	1.05057475198829	69114	0.590638629222497	4	2	2	-6.85342921388873
chr19	39855735	39901890	0.356787778849546	55	0.127222126064098	1.01236428361419	722	0.354940486222682	3	2	1	-6.75943804661243
chr19	39902109	43681572	0.498900373765299	718	0.11266114351092	1.05056246441029	35860	0.512889221728322	4	2	2	-6.79357029663886
chr19	43691346	43723273	0.231264756637765	15	0.148539941718429	1.04075218877641	283	0.928726563592623	4	3	1	-6.7427541735257
chr19	43733556	48482887	0.498911187184274	1082	0.11763384385746	1.06964761597651	46616	0.584447753511006	4	2	2	-6.76940196683266
chr19	48483383	48569101	0.498222073306835	13	0.183053481046051	1.07164974375057	900	0.605648814748554	4	2	2	-6.73366620558654
chr19	48569744	48872440	0.4987592972249	123	0.149501229046248	1.05938764033464	4444	0.568294130738813	4	2	2	-6.73630222770798
chr19	48873325	49461133	0.481183743840307	241	0.0916900525305592	1.03705464758939	8171	0.521691521580872	4	2	2	-6.77039213288961
chr19	49461141	49463429	0.497971625532563	13	0.198085063312942	1.08070491342559	60	0.467524076844582	4	2	2	-6.73311226135089
chr19	49464423	55740633	0.498912287486003	1947	0.112981463701467	1.01941989883514	71137	0.476574955051241	4	2	2	-6.94215732967724
chr19	55759189	55777392	0.131372875088904	10	0.143329612354802	0.975902726358596	221	0.418942464356349	7	6	1	-6.76874656869788
chr19	55778812	58577083	0.498888813771787	569	0.123328560976657	1.04507281446575	25786	0.52929963258216	4	2	2	-6.78062489200976
chr20	82090	13681330	0.498890194018504	1127	0.122106151193619	1.09801033673636	42558	0.612655438971626	4	2	2	-6.76768290958352
chr20	13681353	14727254	0.0428900915291666	16	0.185187191331726	1.17043032389395	2419	0.83897135237931	4	4	0	-6.7655500319829
chr20	14767055	25686544	0.498874668352293	687	0.126997517536065	1.10815216866673	26217	0.639343190050169	4	2	2	-6.74826165296742
chr20	25773519	26271100	0.0327114099604514	28	0.150862366757597	1.13755063904966	629	0.621584640591104	4	4	0	-6.76112354154571
chr20	28513612	31285774	0.356523816024741	653	0.16025023071543	0.961907127119388	3759	0.92851677101486	3	2	1	-6.77112175054112
chr20	31311405	50625204	0.391923290277642	2277	0.155726874253099	1.38021736349602	124771	0.868971469479409	5	3	2	-6.75276462073168
chr20	50637979	51024959	0.00949615517587676	19	0.0851132372659784	1.41360459876655	3231	0.93762416599679	5	5	0	-6.74051846344606
chr20	51031528	63351050	0.386267362745586	1077	0.154933618157652	1.40168584145492	49139	0.880813360311073	5	3	2	-6.74117011484383
chr20	63390032	63526595	0.0188042208028584	9	0.143	1.29614173283737	998	0.628216610538214	5	5	0	-6.74535035318001
chr20	63555834	64328010	0.377463777915726	159	0.146905001725212	1.34110256965924	8939	0.594143334355661	5	3	2	-6.7523484975872
chr21	5218123	10490682	0.228252495637053	613	0.153794011801082	0.636176798230867	3289	0.352186692361682	2	2	0	-8.10850627071979
chr21	10538659	13003896	0.00216027442608568	33	0.0830065030311153	0.371880983034212	635	0.237648516913314	1	1	0	-8.15581877267463
chr21	13010761	13035101	0.0265493213356735	24	0.167284362601573	0.813770293805657	110	0.304576935011694	3	3	0	-6.74852880890627
chr21	13227689	46661856	0.340699036313104	1524	0.119970546887288	0.856564722221331	69928	0.454178700827886	3	2	1	-6.73533236748352
chr22	10699965	11257852	0.487548471915791	399	0.15293619673259	0.781018208181561	1655	0.543504620183218	2	1	1	-6.84565719520299
chr22	11271333	12797396	0.489617923963536	290	0.164850807871072	1.25231889064131	2010	0.710828905236228	4	2	2	-6.75053696916602
chr22	15314315	16220711	0.49872072662152	91	0.143144931976901	1.35135621937148	1290	0.958051618097376	4	2	2	-6.74967420804204
chr22	16354735	18892541	0.331231597984093	267	0.124605629923552	0.841044191172816	7827	0.42925813869144	3	2	1	-6.7361637766817
chr22	18933710	23057565	0.498879322170472	676	0.121997950811444	1.08130892598792	27427	0.532991388562558	4	2	2	-6.75963689409278
chr22	23087284	44859647	0.322172949776284	1704	0.113258117492359	0.829493507575605	96731	0.414076403353797	3	2	1	-6.8195740091278
chr22	44859700	50808180	0.498890221018642	705	0.124655202375866	1.11888211177325	29098	0.617554824043948	4	2	2	-6.73727343375711
chrX	278347	57734261	0.334402063739665	2106	0.119616236841026	0.83937063259237	119629	0.439230175931362	3	2	1	-6.81037580571177
chrX	63260822	115694929	0.342646687469608	1022	0.119527389500102	0.83768670636263	75519	0.421862539586957	3	2	1	-6.82829587728773
chrX	116107263	116609845	0.00126952333590147	11	0.0334677592481318	0.563136983679011	343	0.220999381783852	2	2	0	-6.73520829735921
chrX	116812715	156005413	0.328216361545175	1162	0.112195012910908	0.83114393045389	72407	0.390558512495334	3	2	1	-6.87691423249345
chrY	11110692	11431322	0.232430983338036	30	0.170161738476601	0.624578510956945	173	0.505412615610003	4	3	1	-7.00246545169413
chrY	26436955	56837148	0.0400973551183733	50	0.151696292987411	0.280469124927656	122	0.163375299284206	1	1	0	-7.00010215391732
chrY	56837187	56887102	0.296989564106212	125	0.126777886542287	0.692474788098673	402	0.319153122428151	3	2	1	-6.79528686188082
