chromosome	start.pos	end.pos	Bf	N.BAF	sd.BAF	depth.ratio	N.ratio	sd.ratio	CNt	A	B	LPP
chr1	13273	284929	0.32519122095441	11	0.163043831251265	1.09580673306939	227	0.79446109878824	6	4	2	-6.75609885607173
chr1	786325	13178963	7.94647808960436e-06	939	0.0486919131832975	0.486701600750873	28963	0.19827660722216	2	2	0	-6.73424418740509
chr1	13225068	13245496	0.498764208795743	30	0.162632047145145	0.395048975338591	120	0.200310413869978	2	1	1	-6.74665606660997
chr1	13245913	16539538	0.00137131221018377	245	0.0477109648397702	0.494439015690494	6985	0.204112964290185	2	2	0	-6.74182677006669
chr1	16548994	16760970	0.30606505400985	129	0.145511267012281	0.493573854998161	982	0.235259495402921	3	2	1	-7.09105335438189
chr1	16856774	77076178	0.00167353603795517	1823	0.0364358520132161	0.490627340531791	97724	0.212778547281607	2	2	0	-6.75833466799779
chr1	77351129	78629896	0.315914752192605	48	0.153147125699208	1.56150306242358	3876	0.938846016000837	6	4	2	-6.74441257411959
chr1	78641214	83031247	0.00248696741059473	27	0.0159733574475796	0.470202718938899	1409	0.226233504409592	2	2	0	-6.81725910998988
chr1	83911469	84978967	0.195029941389111	65	0.113233194117273	2.58846447591656	4345	2.05296469058906	10	8	2	-6.73471790980081
chr1	85133843	86743270	0.000221547390122923	49	0	0.509013143946232	2146	0.243664157055788	1	1	0	-Inf
chr1	86862175	89583481	0.327975118326089	187	0.111814874222559	1.49930093362415	5747	0.977462963378085	6	4	2	-6.73538785400486
chr1	89712777	91933412	4.18997060144255e-05	36	0	0.494382551640532	1843	0.200267950239271	1	1	0	-Inf
chr1	91946859	109925387	0.203527551062945	1226	0.10883743248713	2.48072194662716	60728	1.84170278223722	10	8	2	-6.73454480958947
chr1	109952252	110899236	0.00320954818851971	26	0.0576581437306261	0.47604508082587	1502	0.173850918985934	2	2	0	-6.74631059153568
chr1	111114236	115540046	0.193861848586423	435	0.0957678638366878	2.46384960732259	25347	1.73733186643053	10	8	2	-6.73557901923754
chr1	115577961	120138981	0.328584795076278	204	0.115565210817609	1.45993971242507	12127	0.783871886529355	6	4	2	-6.73407378276049
chr1	120157252	124250861	0.0267926732938646	31	0.172643389056593	0.53210550947348	1076	0.28669303083939	2	2	0	-6.96384996570441
chr1	125066017	248945670	0.333052618635597	7304	0.113730193059226	1.47056565350848	341471	0.86951526647614	6	4	2	-6.73511711825026
chr2	37136	90154560	0.00118150159835717	3362	0.0367962492756491	0.985108694888306	154207	0.525748221759736	4	4	0	-6.75095415849852
chr2	90281092	91987666	0.30958501909186	91	0.12739241768264	0.980563251959018	1221	0.961260026867322	3	2	1	-6.84713505537263
chr2	94190317	97167955	0.0284166934013652	180	0.181038514838	0.978696358679073	9777	0.530997557797743	4	4	0	-6.74782908794361
chr2	97181750	155573834	0.00128254125653021	1461	0.0597740995321649	0.971770349109861	78177	0.512943888341949	4	4	0	-6.73566859711551
chr2	155576210	156719521	0.0004693995906625	9	0.220479275922049	0.952533870946581	746	0.445589255878334	4	4	0	-6.73505630171254
chr2	156743030	242183318	0.00102727422116447	3400	0.0168924601424346	0.985093190495168	168009	0.510781587333758	4	4	0	-6.75257304354206
chr3	51248	75515473	0.498926152413507	3487	0.0921716907807781	0.972835836382376	156427	0.483819678315703	4	2	2	-6.73499021855931
chr3	75519460	75780651	0.498561878712914	104	0.17324009740248	0.846990886547833	736	0.376462810995593	4	2	2	-6.75517414911734
chr3	75780765	90507212	0.498781605904897	190	0.0952786894062401	0.932918827972298	7192	0.484377544635986	4	2	2	-6.80848400764861
chr3	91462615	130032033	0.498905506520177	1309	0.0885657660231024	0.97639241346696	60817	0.495985230324664	4	2	2	-6.73314797277793
chr3	130083158	130170345	0.107219754609372	30	0.174247228246891	0.880808454701733	153	0.421647813734365	6	5	1	-6.87704067039562
chr3	130191363	195619481	0.498911887336911	2065	0.0940825715409159	0.986520678868586	96399	0.539693801015489	4	2	2	-6.74893947713326
chr3	195620074	195788424	0.314541219951752	131	0.129679551750082	0.882262174948988	1294	0.406961146208703	3	2	1	-6.7668186348978
chr3	195788679	198150648	0.498839545080102	301	0.100911519635408	0.988883986133917	9210	0.498141272408472	4	2	2	-6.73411071022039
chr4	14018	49061855	-0.00029156815836151	1443	0.0415810052448732	0.489235194663361	44989	0.217116358260408	2	2	0	-6.73746624071296
chr4	49092775	49149459	0.497868007086909	19	0.194943401592774	0.0544187350087264	76	0.109689209275931	2	1	1	-11.8655359332801
chr4	49157790	49627355	0.498493259215867	55	0.168101674780393	0.718906305897494	277	0.360288929687168	4	2	2	-6.92922480717261
chr4	51848345	189732627	0.000512609771276679	2320	0.0303468701386402	0.48873057158832	98047	0.216809418112353	2	2	0	-6.73785002044046
chr4	189889529	190179746	0.498273377190317	21	0.159342996319859	0.554944369532497	341	0.238747595381609	2	1	1	-6.78326490407195
chr5	110077	404486	0.00115567251105742	60	0.0456629106872238	0.525623691388802	809	0.688180947556804	2	2	0	-6.735477948188
chr5	407689	619218	0.268741926005266	29	0.131091956218609	1.82779992164324	1283	1.15338754790016	7	5	2	-6.74351033515199
chr5	635559	893271	0.488488926420019	32	0.166321770828755	0.623706786520418	990	0.750091330200585	2	1	1	-6.75241991715349
chr5	955022	3113208	0.232855090513909	179	0.120913315037307	1.81396384273511	5407	1.39896126430044	8	6	2	-6.7486132031436
chr5	3425941	16999445	0.00190954682201183	311	0.0614073077261497	0.502197951954591	9052	0.327086608723926	2	2	0	-6.79613265632267
chr5	17013022	17682541	0.228681465365797	91	0.128317251263877	2.09374280371988	2110	1.52342289392332	9	7	2	-6.73494109451325
chr5	17696095	22941028	0.498624498016838	143	0.13757197448283	1.32282228004596	3570	1.31937144995427	6	3	3	-6.75157481509258
chr5	22972624	24860587	0.192873196015891	116	0.109279744663424	2.44839515857806	3333	1.89116927942604	10	8	2	-6.7355845511839
chr5	25596633	27717704	0.413777344658273	56	0.12874404159709	1.04012530727594	1227	0.888269197315019	5	3	2	-6.78058737032945
chr5	27837079	33248128	0.253941267125783	402	0.120053187924848	1.94897186756882	12409	1.30268616386495	8	6	2	-6.73368018494626
chr5	33274884	45847891	0.337548871351141	591	0.113151510567409	1.51700536913644	29520	1.01483479243474	6	4	2	-6.74318117745509
chr5	49599598	49661122	0.0369710681150655	25	0.160332467080127	0.0530285625632984	70	0.0902382916247993	1	1	0	-11.2901786242957
chr5	50387241	181292406	0.498929881320509	4332	0.0947650147312074	0.98184337870096	207568	0.52479065302137	4	2	2	-6.74369662132726
chr6	160049	31226970	0.335276361514381	2724	0.111636685945084	1.46125395772446	93297	0.862878980635429	6	4	2	-6.73328792819022
chr6	31228019	31393232	0.22112888792404	124	0.125822403448457	1.63404051407466	788	0.670110931005701	9	7	2	-6.75228311810699
chr6	31395313	32485632	0.338620177591124	257	0.106129088188295	1.49324106552877	14769	0.712348516670126	6	4	2	-6.73502911463847
chr6	32519404	32660945	0.129475441325666	43	0.143341475212367	0.375237296165186	124	0.510810554094315	2	2	0	-7.20886209916329
chr6	32661826	60964235	0.3322161835039	2344	0.111419395533569	1.47773336602891	95989	0.861830416594937	6	4	2	-6.73513838648879
chr6	61133505	65374405	0.3589971770932	120	0.123843385950552	1.47317816529275	4431	0.862333650016596	6	4	2	-6.75882508839502
chr6	65402516	170640200	0.00184628983244797	2340	0.0451206984582081	0.511348500465549	87219	0.356062945548526	2	2	0	-7.66670160445729
chr7	31439	58091568	0.337384549222685	4311	0.115605739571945	1.46591597842568	143633	0.866840744527362	6	4	2	-6.7338622996641
chr7	60981598	100952148	0.326513560820816	3099	0.125715562995584	1.49446619461203	126142	0.934442707799466	6	4	2	-6.74657069685705
chr7	100952233	100959720	0.17492640854184	72	0.118119896118964	0.907670025082035	632	0.337603051103282	6	5	1	-6.74495091013777
chr7	100959868	152344335	0.335108704446967	3353	0.118371709192265	1.43654079471745	147395	0.861611461813984	6	4	2	-6.74781412540576
chr7	152379818	152416484	0.201996345911517	81	0.151565211284136	0.888611661960947	299	0.817289141873569	5	4	1	-6.73643779982181
chr7	152416510	159177989	0.338121493971968	353	0.11117622942221	1.44165502728543	16013	0.814635808113379	6	4	2	-6.73556392095867
chr8	233002	43292832	0.498900155372027	2281	0.0956878949905846	0.980920961262945	76715	0.514794625195555	4	2	2	-6.73570283041995
chr8	45952307	144999793	0.498908015799778	3188	0.0979001419150088	0.971673992801894	132412	0.500610294738671	4	2	2	-6.7375108211421
chr9	117713	35725433	0.00357809129645564	646	0.0206141894733103	0.484468419656573	29121	0.207856520117323	2	2	0	-6.77610884056225
chr9	35735998	35870004	0.474374716046563	14	0.150871534028854	0.953074673281883	1378	0.34826165209337	4	2	2	-6.75065949442174
chr9	35906522	36643656	0.000261220045760679	43	0.100712967797665	0.546367077202403	1751	0.409997010130839	2	2	0	-6.76650559909217
chr9	36649217	37020625	0.499052474566852	24	0.092746030033401	0.958208440944282	548	0.438360766075696	4	2	2	-6.73347930133595
chr9	37105048	37516745	0.000223222210228857	17	0	0.486215840540724	711	0.210553982589734	1	1	0	-Inf
chr9	37519229	38653919	0.462540425572034	89	0.108791032553446	0.976096894127234	2861	0.531779082949604	4	2	2	-6.80333576781879
chr9	38658923	43038135	0.387262480283699	389	0.150546718307762	0.857481787715848	3152	0.444223248923475	3	2	1	-7.12561663677407
chr9	61165844	65693848	0.178198951446339	121	0.157495249829981	0.857435421594884	1801	0.875131902154286	4	3	1	-6.91401759685519
chr9	65771386	138150743	0.494639917169791	4014	0.0968822576514203	0.968574693328587	166316	0.481919308233699	4	2	2	-6.74538512493264
chr9	138152975	138199123	0.332266814680137	17	0.171187805365576	0.869003406949703	134	0.374338084735327	3	2	1	-6.73887240496185
chr10	57196	1340821	0.0396816112006549	17	0.0997345004912307	0.961388163167547	2991	0.430991363041584	4	4	0	-6.82746573164407
chr10	4959438	39475579	0.498875914998287	1474	0.103838617719437	0.976753480004474	63166	0.518393152696004	4	2	2	-6.73316268918658
chr10	41859783	41883433	-0.00319841251747544	9	0	0.0801549910471967	16	0.0692468711687876	1	1	0	-Inf
chr10	42067626	42280865	0.227536322866109	25	0.120633232016168	0.872625573469855	253	0.355465861908525	4	3	1	-6.7663989741343
chr10	42283185	133464689	0.498926092126477	3476	0.0983305900585478	0.98112960140254	173083	0.502019463309317	4	2	2	-6.73935914976093
chr10	133622519	133787094	0.249405862908179	9	0.122069424691216	0.74998946433804	88	0.403160887263148	4	3	1	-6.7748599148122
chr11	218613	1017240	0.46699961535265	221	0.0904348899100336	0.963486317514468	7040	0.46673187561095	4	2	2	-6.81223787965584
chr11	1017302	1018483	0.161381605023486	23	0.125996110109979	0.661862099199435	77	0.132839710121255	6	5	1	-6.7592780971107
chr11	1019375	50512765	0.498917034845617	2209	0.094187066563742	0.955670824277521	98452	0.492794555494122	4	2	2	-6.78614954834397
chr11	54603136	56700679	0.156372617619048	91	0.0949524461663154	0.898834721088445	4139	0.312384644686248	4	3	1	-7.35207372381995
chr11	56700722	56722875	0.11500183000193	19	0.116316843952776	0.627760270451177	53	0.256557284164873	7	6	1	-6.96297334135891
chr11	56740556	135057684	0.49892949526456	4168	0.0941844937634906	0.978130765114358	187814	0.470191101091024	4	2	2	-6.73424193370394
chr12	13488	11021677	0.498880693373615	698	0.11015646547786	0.974878644607637	38203	0.46947373697128	4	2	2	-6.73312282621801
chr12	11021773	11134221	0.0558366599210478	45	0.185417900915197	0.919121733014132	485	0.473173629702625	4	4	0	-6.78803473016256
chr12	11185953	25804028	0.498846139827845	485	0.112430095972392	0.993778098985121	21814	0.552095779553239	4	2	2	-6.74258968446295
chr12	25804106	25804438	0.0665213774476895	12	0.0602667680677613	0.520727777191616	22	0.137361374433089	15	14	1	-6.77290613759981
chr12	25846106	34614556	0.498849433286163	398	0.0935353420932321	0.993318005225946	15726	0.570569001694462	4	2	2	-6.73818961929386
chr12	37418138	133223702	0.498922255176941	4282	0.0988257380018171	0.985872406171956	227438	0.526749580241635	4	2	2	-6.75455447717507
chr13	18177561	18317295	0.490991679364181	23	0.167709493792988	0.4727690216821	267	0.299263265816076	2	1	1	-6.735693717766
chr13	18317654	114283129	0.498908817459463	3303	0.0954441300561709	0.982525032445277	118807	0.525460411627118	4	2	2	-6.74271628212222
chr14	16098225	16402213	0.498103929283396	3	0.25052212144506	1.2040898371243	21	0.520709218735553	6	3	3	-6.75861774256053
chr14	18330642	19936608	0.316344827820908	110	0.11488198825761	0.933099373533871	2115	0.436834915883309	4	3	1	-6.9368722725214
chr14	20034762	106061987	0.498918172525133	3855	0.097803306717906	0.984526730456594	181141	0.498569816999307	4	2	2	-6.7492442216729
chr14	106061995	106874913	0.498678399269249	174	0.136766025573287	0.923767760574324	3100	0.373111685092565	4	2	2	-6.74361647379351
chr15	19880385	23361461	0.455182910911118	351	0.120889346539032	0.944413988678732	6226	0.492332458538421	4	2	2	-6.82361835774757
chr15	23439934	23440748	0.182363730345386	10	0.144384709870694	0.368827859826968	42	0.182542771784528	5	4	1	-6.76286627721976
chr15	23442561	101980715	0.498926175924285	4592	0.0953626156574176	0.981454296455011	188607	0.51088196788447	4	2	2	-6.73897185436439
chr16	35057	33915922	0.498912647349878	2698	0.0991662514280676	0.97228148338079	119956	0.464123963842132	4	2	2	-6.73438464822485
chr16	34064791	34163274	0.0350726118474018	16	0.162708737728904	1.02575362696752	127	0.590210372104373	4	4	0	-6.7612007562197
chr16	34266193	35301693	0.478270224390666	59	0.134168352072452	0.741829264115508	930	0.359685440428318	4	2	2	-7.08969939420215
chr16	46386441	46801274	0.347851424196705	60	0.112765767684976	0.841447736707184	2330	0.417148963841331	3	2	1	-6.77065461405823
chr16	46897773	90029246	0.498922426994659	3008	0.09451257572656	0.973972844064492	109793	0.473203453318377	4	2	2	-6.7335467851393
chr16	90031571	90175110	0.497826414964755	9	0.171058794310936	0.962866700396678	578	0.365906206314893	4	2	2	-6.73324240215629
chr17	84658	21087622	0.498919268231883	2461	0.0950897493677191	0.971564056018764	89091	0.487094503349724	4	2	2	-6.73414724071918
chr17	21091507	22693405	0.386305319552079	321	0.160105142208258	0.896057450511577	2659	0.679627122523205	3	2	1	-6.88201912595968
chr17	24421438	27000484	0.490750034747457	18	0.186530000741089	0.683390805901762	237	1.6041448275187	2	1	1	-6.8019861909777
chr17	27057099	31955477	0.498875540559142	415	0.0981829042960199	0.981814236532753	22049	0.50301255208195	4	2	2	-6.73353629979069
chr17	31962140	31964404	0.175079280756635	26	0.123918738882196	0.755778717176178	57	0.357909556489578	6	5	1	-6.74042407537772
chr17	32009728	83158687	0.498926000852604	4148	0.0914656528135677	0.982202011789051	193076	0.487531372041193	4	2	2	-6.7385031607302
chr18	48011	15378177	0.000897792905635408	463	0.0666880031399427	0.496773979937159	15783	0.245629746982475	2	2	0	-6.78185986384349
chr18	20954676	21440199	0.0485002431214943	9	0.0796666666666667	0.501201035718625	628	0.236812273184109	2	2	0	-6.95128350522574
chr18	21444189	80169145	0.00199196206588165	946	0.0128884331261248	0.481886800174256	41354	0.215063443150779	2	2	0	-6.86362287519957
chr19	107381	875389	0.499038475594811	165	0.0757737724888462	1.00448416709779	3897	0.474546785483617	4	2	2	-6.73483451909954
chr19	877718	879791	0.28898215055941	24	0.143345938104344	0.508644305659604	87	0.227721705348601	7	5	2	-6.76832303834164
chr19	880602	8891764	0.498910594217394	1638	0.0932039797440226	0.977950747185482	56408	0.513190253606559	4	2	2	-6.73319423869802
chr19	8891817	8895742	0.127267560537069	13	0.176768463656812	0.825116757893536	72	0.237824065622801	7	6	1	-6.75964430117565
chr19	8896681	24163222	0.498919976278856	2548	0.0929174142229789	0.986944907042321	97082	0.543354586971801	4	2	2	-6.73705699934655
chr19	27750102	58500660	0.498929896249043	4260	0.09711744419329	0.967858840637348	176267	0.473801058041171	4	2	2	-6.7386864217117
chr20	113290	25898620	0.426487678700879	1850	0.106332566363434	1.45087412778381	64694	0.853624725681726	6	3	3	-7.00858430626128
chr20	25898703	25926352	0.127348728877081	14	0.102556256339073	1.21057787637314	48	0.545174576356669	8	7	1	-6.74605063225716
chr20	25959234	26168308	0.00649893463179085	13	0.140876195874614	1.41939716603731	309	0.706407072372309	6	6	0	-6.73454498563899
chr20	28559257	30980230	0.329657818794997	608	0.157814106208125	1.26832697530564	3521	0.907057280927307	6	4	2	-6.76941441594943
chr20	31058918	31248651	0.220695322058337	25	0.143817453739106	0.354958905606682	120	0.272067385375157	3	2	1	-7.79359241748155
chr20	31274572	63157604	0.420703600679536	3006	0.111903890888718	1.46589061707244	128916	0.857291899353852	6	3	3	-7.02017462639838
chr20	63228305	64302540	0.478427181228782	33	0.18337996135694	1.44426053553966	8950	0.900354650809611	6	3	3	-6.74146548115029
chr21	5218123	13096316	0.498663694513251	653	0.148921116464268	0.718589586140363	3886	0.765870789395442	3	2	1	-7.39677176508106
chr21	13255471	46692803	0.498894368396536	1612	0.0953045818485898	0.962903991444903	56883	0.494835270827665	4	2	2	-6.74774046027554
chr22	10685500	12797396	0.411264388379676	611	0.153634504637684	0.862667169955555	2861	0.544533403018476	4	2	2	-6.99107047903431
chr22	15330449	50798635	0.443269989175949	3546	0.102250796797792	1.08202263151461	135839	0.565130389649628	4	2	2	-7.54985327623136
chrX	256750	58394685	0.191823681508365	1309	0.108731021260428	0.610782503667941	68394	0.267246421479775	3	2	1	-13.1433641686693
chrX	64190230	155985886	0.193669833556594	1363	0.102396935221799	0.61066312302989	86387	0.264015915674732	3	2	1	-14.4793751175007
chrY	11111650	11381796	0.498038501076456	21	0.214351813614907	0.435007785475278	114	0.348699404870878	2	1	1	-6.75060362936924
chrY	56830432	56837187	0.0385062383945095	60	0.111085120312318	0.366178859148902	129	0.295906663924361	2	2	0	-6.808083461104
chrY	56854987	56886000	0.49851703659574	100	0.154691057376706	0.813750287461747	339	0.321601556596164	4	2	2	-6.73901738351658
