chromosome	start.pos	end.pos	Bf	N.BAF	sd.BAF	depth.ratio	N.ratio	sd.ratio	CNt	A	B	LPP
chr1	76838	2632573	0.498871580469339	229	0.0971372720472262	0.992964937115945	12145	0.292786243708848	4	2	2	-6.74997243776383
chr1	2652344	2688096	0.144267875348964	14	0.15263070421161	1.00615082494273	84	0.293688856748623	6	5	1	-6.80985312898381
chr1	2783572	47193773	0.498922274625392	2857	0.0951331503446154	0.995787240026612	154571	0.364690705550483	4	2	2	-6.88521604050217
chr1	47246385	59000520	0.355080508722657	277	0.0993834706712442	0.783602182200689	17909	0.271463938563195	3	2	1	-6.73644553926761
chr1	59003243	118101807	0.0598450593146939	864	0.0637808602308419	0.556952873190172	52768	0.190811979747506	2	2	0	-7.00532006995252
chr1	118342903	120177296	0.0536734013572182	210	0.0470204894669403	8.28124135661491	15929	4.31234222587677	20	19	1	-6.7524812517726
chr1	120183276	121593234	0.0644771640914829	139	0.0715516011967823	5.6152782933746	4844	4.49313509119919	18	17	1	-6.73604159080268
chr1	125015362	143263450	0.20576874382216	27	0.145613213607859	0.900611413857883	662	0.506906795727153	4	3	1	-7.46945489329168
chr1	143263488	148360258	0.0347531681736857	120	0.0777682328410238	1.04352250346507	7312	0.779589262907916	4	4	0	-6.7348297236133
chr1	148369508	149599847	0.18057607266023	19	0.129440202726477	1.11335859410982	978	0.495017376940793	5	4	1	-6.82699903073256
chr1	149693146	152156618	0.0318676378686277	105	0.0336460731996803	0.998149946708918	14116	0.34498851924594	4	4	0	-6.74554655298561
chr1	152213024	152218575	0.264124288873344	9	0.119524056156073	1.45986130330677	372	0.349043803821324	8	6	2	-6.73664183456451
chr1	152219233	155314424	0.030473150019074	249	0.0353787050692905	1.00219320885689	17259	0.31712367619591	4	4	0	-6.75034320235526
chr1	155330579	155918450	0.0142285466489256	32	0.0129589534996639	1.89744181398294	6504	0.962396771290226	9	9	0	-6.75421307505778
chr1	155919536	161321113	0.0328323441386382	333	0.0367366715264471	0.975589680641432	23757	0.3307435076315	4	4	0	-6.80328881955508
chr1	161339137	161614775	0.354411565138274	9	0.0700160695840605	0.99507071416795	946	0.315620927209359	3	2	1	-6.828583966552
chr1	161685450	201206146	0.0346997568199858	1072	0.0483407772458791	1.01339124031939	59617	0.394830267238758	4	4	0	-6.74938440769181
chr1	201209660	201211034	0.498510178252365	9	0.130851060370178	0.927545370282706	47	0.149244399699999	4	2	2	-6.73346949436249
chr1	201212845	227493053	0.0344790881449868	1094	0.0473136163484962	0.993215304255284	55798	0.369283715961271	4	4	0	-6.83868326558153
chr1	227493134	227508301	0.498867792970293	9	0.204565664545913	1.20268430743478	35	0.347648808595178	4	2	2	-6.73499607107271
chr1	227508332	234563402	0.0319086550378382	356	0.0477920386704577	0.986975045062521	15617	0.373469868609727	4	4	0	-6.77597526033066
chr1	234567358	234792177	0.131072769807529	10	0.125270196863509	0.949911119138541	257	0.31827605906673	3	3	0	-7.04946727432735
chr1	234895102	242865541	0.0329458018579215	365	0.04869630532227	1.01281648460214	15048	0.390114403351951	4	4	0	-6.73762737838518
chr1	242922216	243156309	0.0507532231892481	9	0.150654498033672	1.03432888567199	263	0.510910087825341	4	4	0	-6.73983894111925
chr1	243164513	248100193	0.0392265403717616	284	0.0421184650692068	0.973821538986132	10804	0.406222362059157	4	4	0	-6.78468149726484
chr1	248273507	248945592	0.498280223150393	16	0.170617200676446	0.984691869185503	1765	0.271825931209557	4	2	2	-6.74142764701454
chr2	41366	24209970	0.339840434705891	538	0.101603640341812	0.777972990967039	23101	0.27726288038132	3	2	1	-6.75602865699601
chr2	24302089	25037759	0.0870454094959109	13	0.101516829475051	0.341280117801948	838	0.204290311252087	1	1	0	-6.87848387471417
chr2	25071549	92006161	0.346895606365278	1676	0.10353029300565	0.78592705745914	92587	0.282236247125261	3	2	1	-6.73318141285261
chr2	94190317	242183318	0.347278910704278	4055	0.100982757534504	0.788715778915273	199844	0.276938556051431	3	2	1	-6.74924983049576
chr3	242309	64313261	0.355574836540667	1780	0.0980826179332032	0.772757168183093	110731	0.263123640630365	3	2	1	-6.88724023159519
chr3	64469355	90613961	0.494211832985613	552	0.0929883925825173	1.03303132580388	20393	0.445683013472184	4	2	2	-6.74147988322954
chr3	91429061	195778917	0.498912446950203	3039	0.0945989100527883	1.03148908560504	153433	0.398801824462362	4	2	2	-6.7541178623686
chr3	195779059	195788444	0.300977066741867	71	0.121993312149706	0.919124714210338	356	0.362107038527072	7	5	2	-6.7521231868598
chr3	195788469	198022593	0.498828535374318	208	0.0886927867359529	0.990874456584466	8381	0.385932592436346	4	2	2	-6.74283232114492
chr4	46242	799614	0.397043941041677	65	0.0758204546686041	0.788099612828845	2738	0.262602556119958	3	2	1	-6.97011198067164
chr4	807801	921063	0.0357426040011196	39	0.122924425176583	6.42657949538079	2128	4.48225293965628	5	5	0	-6.74423556800672
chr4	931361	43587827	0.376199974666447	1183	0.0970548340355359	0.814133113012326	49720	0.293719799871253	3	2	1	-7.13328595193115
chr4	43639533	49016897	0.464231982305039	143	0.0766456303029635	0.98267770570549	6248	0.352889167306577	4	2	2	-6.90450501221927
chr4	49091992	49599609	0.489329168222459	123	0.165752332710625	0.601017543734878	1210	0.523443541719748	2	1	1	-6.74513939757494
chr4	49602912	49711699	0.370943957082527	32	0.129664315358619	1.24999714636375	288	0.786696472298993	8	5	3	-6.75771386975706
chr4	51819220	55990677	0.115374212169267	373	0.0908285017417218	3.4855283770888	19173	2.52197006914689	17	15	2	-6.74975863238951
chr4	55990703	56400121	0.207444268711312	97	0.0963736464241439	2.64780641677708	2876	1.5391212310053	10	8	2	-6.73373707234314
chr4	56463307	57606575	0.447447074688562	68	0.113965472144368	1.26827359173829	3168	0.664608567797274	5	3	2	-6.81274168349584
chr4	57635043	58371903	0.213765091428367	23	0.101235295130884	2.59549781705794	765	2.10820646705283	10	8	2	-6.73484464613226
chr4	58395754	190179679	0.348519353773983	2396	0.106043081676873	0.801288899835618	119467	0.32090480561308	3	2	1	-7.01313517792751
chr5	171183	491711	0.0859509439955012	40	0.0530921791526726	0.533754742330405	1033	0.149390359989288	2	2	0	-6.8306637532232
chr5	617270	843700	0.49845680940177	73	0.150490601809139	3.33208203185108	2790	1.58506544582277	14	7	7	-6.73311879536814
chr5	843803	1297803	0.153025068297042	85	0.0968564778986123	3.11799770153962	4827	1.49557848304448	14	12	2	-6.73444709654279
chr5	1324703	25598039	0.0967074278265519	225	0.107284538228289	0.351186496092755	9086	0.187848471343181	1	1	0	-10.2493745058924
chr5	25679680	32263301	0.0435642318847667	113	0.0610968097722698	0.813402490182728	4206	0.302502289533039	3	3	0	-6.78462996363706
chr5	32268634	33858940	0.260848790379905	64	0.0980951463534014	1.08351171823195	2624	0.432277609213436	4	3	1	-6.75195712679821
chr5	33968785	36623638	0.16739893805284	144	0.0882127899414042	1.61844147758121	8006	0.739999867022601	7	6	1	-6.75547771396696
chr5	38127250	43255502	0.245718179028985	155	0.100780598906958	1.18819164175365	8787	0.467362710650077	5	4	1	-6.83257464427288
chr5	43257629	46008937	0.367397252577298	31	0.117935530046343	1.62918043288957	3070	0.857027261725097	6	4	2	-6.7776098680338
chr5	49599598	49666475	0.361271728378383	62	0.138564831706798	0.452475692944186	473	0.176070668199755	3	2	1	-7.10863284754728
chr5	50377747	51271932	0.043123765226092	17	0.0481340041232929	0.780168069568795	548	0.244902046445882	3	3	0	-6.73470989111584
chr5	51389671	52778499	0.418858006228828	17	0.165569893718279	1.21460379015824	582	0.7774272311479	5	3	2	-6.7388847247033
chr5	52801930	54858381	0.0429410752561532	32	0.0464580000229135	0.829780751204856	2049	0.294842019931007	3	3	0	-6.77642758610661
chr5	55161023	55358091	0.290650942991456	15	0.120160527549409	1.09482733051853	887	0.467558129846387	4	3	1	-6.75787072093263
chr5	55362613	69121816	0.0441397198711605	246	0.0547534669558626	0.707020175683399	11655	0.302574873654048	3	3	0	-7.60062080459182
chr5	69123227	70785315	0.189404477762326	10	0.123435138163058	0.537858564732898	1129	0.225416714257994	2	2	0	-7.29415434888652
chr5	71012727	78645876	0.0595628760677046	207	0.0688685277519607	0.55317525852844	8317	0.182331877933106	2	2	0	-6.75098940309259
chr5	78670366	79030390	0.371174981573265	21	0.131351781397096	1.04157791978331	486	0.464785169307549	5	3	2	-6.8107278968585
chr5	79030927	156393706	0.0604285131729296	1254	0.0644369864017994	0.555134313013138	70659	0.178215024296628	2	2	0	-6.99881757739684
chr5	156406930	156532664	0.139646055272326	12	0.0930312345723768	3.46374909651605	286	3.29439133971889	15	13	2	-6.7330977016612
chr5	156954359	158606174	0.066031820304165	63	0.0553753842399626	0.543765604890478	2412	0.188313983324609	2	2	0	-6.73460089593068
chr5	158777417	161633601	0.434653171904242	58	0.0934687851269259	0.97027776432238	3651	0.418611601053924	4	2	2	-7.04106963454537
chr5	161687516	175880370	0.0641578884343415	221	0.0686383199341997	0.548624452707854	9822	0.194855391597814	2	2	0	-6.73393977170153
chr5	175920006	176041896	0.498590187966179	9	0.181957412599762	0.499993003152868	124	0.166387922425532	2	1	1	-6.7548180715057
chr5	176106582	181281936	0.0582312600562463	244	0.0695598821957806	0.527890332289114	13471	0.183680754443152	2	2	0	-6.85961767822272
chr6	188609	2854065	0.343607395044582	160	0.113938275660014	1.42375321057378	4807	0.711348403466407	6	4	2	-6.74195681542843
chr6	2860481	9415087	0.498853269355459	348	0.0861280716042968	1.03026080460011	10344	0.408038892930548	4	2	2	-6.73402256184609
chr6	9433881	31055371	0.344930578042352	1719	0.112283630484298	1.48092787904886	67829	0.712363983806336	6	4	2	-6.73801874693462
chr6	31060164	31841727	0.0335732163150453	269	0.0394319278634391	0.974086301697702	6637	0.31859102425832	4	4	0	-6.74507332553895
chr6	31874821	32885781	0.325230863951952	282	0.105439500670566	1.45447796701806	8961	0.529326171980806	6	4	2	-6.74891880879881
chr6	32894927	33212432	0.0344353415936338	127	0.0255361530601393	0.997225344978468	2504	0.241299866755639	4	4	0	-6.73541681774114
chr6	33242450	43770613	0.340841146255581	1060	0.120947699131948	1.46449134485226	54467	0.664392749778731	6	4	2	-6.74140323959044
chr6	43777840	47898237	0.0349002511502259	153	0.0480666122043808	1.02810274132928	8078	0.394928933277471	4	4	0	-6.73329226358306
chr6	48098583	60365099	0.341423320777559	416	0.119628983495121	1.53216105719504	21359	0.710418932057138	6	4	2	-6.7394396004833
chr6	60453860	60932098	0.0015984106569531	12	0	3.02803204463303	803	2.05117803342026	0	0	0	-Inf
chr6	61001166	61619745	0.0630453196912313	11	0.109433832229177	3.20823188362957	491	2.19172209894999	17	16	1	-6.73844383753949
chr6	62047746	65402516	0.0651427476217336	32	0.047203018971248	0.572969117854617	1455	0.194531007337986	2	2	0	-6.84038625709487
chr6	65479849	69513078	0.125040271326168	201	0.0843598620103658	3.61282998015407	6574	2.69972064918773	16	14	2	-6.73868446028947
chr6	69515318	70074273	0.0550104540356005	63	0.0488713998416071	4.56914690815087	1875	3.71598777760524	20	19	1	-6.733762355504
chr6	70144291	99684032	0.0613584092042417	380	0.0650349450999613	0.557014378825073	20093	0.184931154740512	2	2	0	-6.8825594472016
chr6	100586554	107265670	0.132535844654457	410	0.0928907462178015	3.25509806002673	18926	2.45631018002402	15	13	2	-6.74588568782201
chr6	107270465	107953229	0.071220938593505	120	0.06025603402029	5.70421262089259	5970	4.18250323757414	16	15	1	-6.73657551229207
chr6	107958750	110170244	0.132566174537634	257	0.0878174702091216	3.42468820774785	16257	2.17680511579358	16	14	2	-6.73746855044507
chr6	110393381	159592052	0.0653590358301499	813	0.0721565285473241	0.55960631809183	43828	0.189158861314882	2	2	0	-7.09934630525997
chr6	159711231	159712334	0.456435854006802	13	0.113990946559084	0.634519804066068	107	0.118669935189576	7	4	3	-6.80898164291601
chr6	159712687	170594646	0.0597856029768127	204	0.0906878523257187	0.548869680612856	9990	0.175891616634443	2	2	0	-6.73618669393032
chr7	50354	58091557	0.349994064286154	1748	0.0994801825539599	0.78130649545715	73597	0.285631887054109	3	2	1	-6.74701194660609
chr7	61866161	119360158	0.34719639425825	1985	0.105672424731925	0.760854292725263	87760	0.285446741723518	3	2	1	-7.14339123853666
chr7	119446021	152401836	0.300700753325171	2530	0.116782767210501	1.71800062676135	111127	0.848738845818181	7	5	2	-6.73860754485917
chr7	152401928	152555425	0.35203520807398	101	0.11604091374755	1.52430317230716	1174	0.805503398158271	6	4	2	-6.73825264764033
chr7	152561626	159272752	0.282108424018909	399	0.129294465768461	1.70975016560467	16997	0.938542917219396	7	5	2	-6.73980109868305
chr8	213553	7076510	0.0444178182168431	200	0.0588019416491373	0.751031924562444	5558	0.329517272428941	3	3	0	-6.80972208752122
chr8	7120533	8162873	0.376809579357807	25	0.100483298778122	0.920757036178358	658	0.364250732280315	3	2	1	-6.89668804824376
chr8	8194732	11974570	0.0515573230257053	104	0.0580620555654889	0.755760683833634	5027	0.26181952732961	3	3	0	-6.78975609621027
chr8	12185312	12662068	0.498593300707862	51	0.125395487300357	0.893294981698324	592	0.378589512187384	4	2	2	-6.77007513815243
chr8	12767175	43144044	0.0443956822660217	855	0.0498504635435279	0.760994861884387	42833	0.26416476939843	3	3	0	-6.99004084147473
chr8	46057834	53135509	0.498840101928719	200	0.138463122006471	1.51677213945943	11180	0.798032146120479	6	3	3	-6.73386099692405
chr8	53195332	53991432	0.0499234001442618	9	0.176382475823926	1.72598151553952	1631	1.02252190224307	7	7	0	-6.74973514753634
chr8	54162153	144941707	0.450650962824006	4130	0.127557717590579	1.66060834540592	190672	0.86314631736587	7	4	3	-6.89654448678772
chr9	10362	21494644	0.0647868953172889	404	0.0668894644324137	0.560289868674601	16024	0.189575273160793	2	2	0	-6.91627581203299
chr9	21695894	23752697	0.275989492557873	10	0.184269006256252	0.279516850036814	414	0.326883121970212	1	1	0	-7.27573241727229
chr9	24545515	38666291	0.0559850685721701	263	0.0590907864244312	0.542616972859691	17390	0.169740673796993	2	2	0	-6.77120743963755
chr9	38993427	43242683	0.342552203109359	250	0.149848589124658	0.437326792822413	2046	0.204761845330898	2	1	1	-9.44754563370417
chr9	61571795	66816309	0.492907178122813	120	0.152116879727528	0.461149011032349	1186	0.258003447630161	2	1	1	-7.87985926214114
chr9	66918749	78306530	0.106203980759689	195	0.105934435256389	0.317794566891361	6605	0.112870792934822	1	1	0	-7.10044312507214
chr9	78317658	138177194	0.356509948336685	2410	0.0986013165710066	0.770799907720212	114926	0.265887200504865	3	2	1	-6.91942446296494
chr10	47876	38950914	0.351695543595369	1347	0.103349937393779	0.779035528603923	49873	0.294553928730959	3	2	1	-6.75350788402794
chr10	41859788	133787136	0.351992373990968	2512	0.103557825502258	0.777296135319489	132635	0.269343391213874	3	2	1	-6.82186454721877
chr11	192997	3391793	0.498881326530218	508	0.0864407222238896	0.968083722787539	18710	0.29224097225128	4	2	2	-6.80309017921559
chr11	3417376	3553858	0.338362196814365	23	0.124367395292567	0.95459236976855	207	0.533207119624956	3	2	1	-6.74785023374095
chr11	3561708	35806408	0.498918298184075	1192	0.0880097666268789	1.02188607236502	61155	0.371057596205434	4	2	2	-6.73370242885763
chr11	36081831	43754931	0.0656394053539083	60	0.0689429859429838	0.554684535449518	2637	0.213500063223228	2	2	0	-6.74983504981481
chr11	43840198	45893783	0.475896484505231	31	0.0807841542005143	0.942856143618632	3179	0.476059793679393	4	2	2	-6.82277587538475
chr11	46369482	49059064	0.0636906532764404	170	0.0609748857021523	0.527826117156572	7697	0.150077715902534	2	2	0	-6.82846874559628
chr11	49082138	50553108	-0.000393058333742119	32	0.168133767309477	1.00832154814294	2183	0.372779617775362	4	4	0	-6.76064844926047
chr11	54591798	54855289	0.0578495672108561	23	0.049565304070377	0.513674567611925	270	0.127887621321149	2	2	0	-6.7847180063525
chr11	55279811	55430698	0.498593007886312	9	0.178604622311717	0.774904782500395	256	0.312232492464334	4	2	2	-6.80434453752784
chr11	55430984	56664358	0.0837556749865755	84	0.0768209913761004	0.552601937159897	2584	0.126575741032595	2	2	0	-6.77243564843665
chr11	56700357	56740376	0.357782046711391	32	0.103258210639717	0.57015166551621	88	0.104313028627702	3	2	1	-6.95680967733799
chr11	56989189	64810114	0.061413974636446	370	0.0571690220739324	0.531963831657556	23136	0.160724670970671	2	2	0	-6.88366407442265
chr11	64835447	67568465	0.49886957705557	176	0.0911359189029535	1.00033461477711	22269	0.389394671333379	4	2	2	-6.73901307228433
chr11	67585218	73031411	0.261514007013188	661	0.121435755647735	1.93059706734663	32016	1.00942639243848	8	6	2	-6.73507576842589
chr11	73044721	74392627	0.0805123674790424	85	0.0510876985308251	3.35745319823576	13802	2.09119848016492	14	13	1	-6.73307140143297
chr11	74452791	79081790	0.148065482076552	797	0.084823327576012	3.40338934761435	38072	2.07530858234532	14	12	2	-6.73345449766072
chr11	79111274	134669556	0.0629644860111431	1186	0.07279542727204	0.55958931420657	56280	0.413153949654995	2	2	0	-6.82408435076997
chr12	12825	34309801	0.344308806895729	1535	0.100264392436491	0.784223525943924	59440	0.274829345170015	3	2	1	-6.73510461864772
chr12	37544766	133221063	0.344111519842596	3423	0.100079060567294	0.775389191336842	173873	0.264630847046077	3	2	1	-6.87579734812727
chr13	18177561	18212090	0.140600071154042	14	0.112510829759569	0.487058737859707	47	0.248323965535728	1	1	0	-6.83223214917366
chr13	18212123	18317719	0.4984198645772	9	0.174348390044506	0.143563500016177	102	0.386575196999694	0	0	0	-6.93477629647612
chr13	18413176	25116677	0.0484467071096942	372	0.0764616756965989	0.70328304854167	10139	0.257805898437259	3	3	0	-7.39897333011212
chr13	25141436	41616983	0.0600274823363083	376	0.0680823026650114	0.592099188220272	16501	0.214033379860663	2	2	0	-7.82922081565235
chr13	41703539	63016501	0.0422936230361451	338	0.0483082091575205	0.800696642383388	19296	0.295024561598389	3	3	0	-6.78691139203061
chr13	63052503	63057283	0.255204485033052	11	0.1453172078905	0.691477560009822	24	0.149549153375612	4	3	1	-6.75694043239727
chr13	63095699	114354016	0.0404550106063097	977	0.0632292997346441	0.852028712087906	40147	0.337191672405447	3	3	0	-8.12942944737225
chr14	16037128	16098268	0.25715408490157	3	0.0476899709932113	1.33876568562411	28	0.671154090721396	8	6	2	-6.74627402089279
chr14	18289828	19934956	0.212537805450407	164	0.121845799006768	1.8204340805174	3534	0.799536852193293	9	7	2	-6.8058267127658
chr14	19935750	22070853	0.498860746549531	315	0.096829954231099	1.4311389896452	13595	0.514292812941181	6	3	3	-6.74389932264793
chr14	22083075	22605993	0.350515516137296	111	0.0869280968461522	2.03860631007071	3452	1.01723005215081	9	6	3	-6.74619969375781
chr14	22608724	78076322	0.496708186499475	2539	0.118762322349862	1.4520104482403	146788	0.678399496020829	6	3	3	-6.8100923967306
chr14	78116001	78659445	0.497845407439943	9	0.180804068292478	1.45377983335603	553	0.728673585265386	6	3	3	-6.73372567572547
chr14	78957288	85958860	0.498772421308311	159	0.14999615657311	1.45451367517857	6976	0.714783940397009	6	3	3	-6.7409781532195
chr14	86012155	106874951	0.498901753729019	1432	0.110484970858437	1.38605414803971	70754	0.602658509635918	6	3	3	-6.94206620148279
chr15	19841981	22432006	0.423433510457848	291	0.123027013970946	0.966125603029041	3695	0.408841720275287	4	2	2	-6.98813363511518
chr15	22672415	75435454	0.498918214242637	2338	0.0897881667573251	0.995494792593694	127738	0.364647724597855	4	2	2	-6.9167275864546
chr15	75438025	101915184	0.363188288744427	1024	0.0953020223637027	0.759843877720752	42164	0.256547564016416	3	2	1	-7.00752294983595
chr16	35658	1324817	0.0651344310955139	205	0.0870195278688164	0.533549285782633	6522	0.162629217214838	2	2	0	-6.75266204567066
chr16	1338887	7993627	0.498890699979279	718	0.0862883753450745	0.987857118820707	28897	0.369943935483651	4	2	2	-6.77050156951515
chr16	7993896	14060875	0.342059344016277	473	0.124214455389557	1.4532821657526	19209	0.723676669906236	6	4	2	-6.74011194346808
chr16	14162279	14954318	0.19295089021209	66	0.132419416494719	2.02225818789695	4208	1.30110354936083	10	8	2	-6.75196575338092
chr16	14960677	16054147	0.292887261897437	163	0.128369516288963	1.92192407066054	8310	1.00080400277102	7	5	2	-6.73970181574331
chr16	16066575	20218877	0.498848995907279	180	0.118110944672357	0.982302022956224	8574	0.405893143132351	4	2	2	-6.7590707162945
chr16	20316169	21385641	0.0664148828440256	59	0.0711552373097734	0.534847851691586	3373	0.152204850094298	2	2	0	-6.74855065277508
chr16	21501907	24563278	0.498802765483916	112	0.107553631753401	0.952118649803223	9860	0.367267411621277	4	2	2	-6.80432621094191
chr16	24638409	32882559	0.0585523748043941	295	0.0721727709499745	0.523464556313101	18642	0.162732322648055	2	2	0	-7.09453914348378
chr16	33048885	35406636	0.493606916979527	92	0.127188959952048	0.585021487154174	1678	0.20051617509916	2	1	1	-6.88466932605968
chr16	46386441	46401545	0.41619434090905	57	0.106525000889633	0.641612511601881	1087	0.131540338148978	5	3	2	-6.96958022289262
chr16	47660850	55813139	0.0774160285083464	156	0.0623411171566364	0.546704555333907	7804	0.186457535993934	2	2	0	-6.75709261872549
chr16	55820500	55828971	0.454564340220662	13	0.133777513345566	0.614047243836896	78	0.103679496022299	2	1	1	-6.80765497031578
chr16	55848415	70060280	0.0620665277978312	273	0.0815758256516456	0.579972936854805	24647	0.243823765984325	2	2	0	-7.17378819642418
chr16	70123202	70136113	0.408753823384866	14	0.135555268319718	0.434564548515719	191	0.108435324593649	2	1	1	-7.02826878045273
chr16	70136319	70148422	0.0782704585736258	13	0.100942608726	0.459403224066781	192	0.142437946039174	2	2	0	-6.75439498101258
chr16	70148472	70177387	0.498705856023506	14	0.113663881782992	0.434272896216134	190	0.102429026715011	2	1	1	-6.82068843047642
chr16	70177506	74350398	0.0591393417943765	140	0.072159089328108	0.529389617178604	7710	0.181977834604727	2	2	0	-6.82202783688645
chr16	74360773	74364506	0.331450451490122	9	0.0748197834800396	0.45450336618597	39	0.277484013715649	3	2	1	-6.77248577373937
chr16	74366189	90149401	0.059154017784724	707	0.069834567539787	0.534642292253801	23132	0.185687130333016	2	2	0	-6.89020495181405
chr17	132094	22518390	0.347550951422964	1719	0.102123146050807	0.757189376008261	70547	0.250449856049807	3	2	1	-7.01355015499847
chr17	24421438	31931501	0.335984372123337	252	0.107844689017798	0.765367773646934	16928	0.255859203112787	3	2	1	-6.78828714749509
chr17	31950266	46134136	0.498903832285578	1105	0.0869150653916732	0.990523672556125	62277	0.350773916510582	4	2	2	-6.80844080332614
chr17	46135798	46851616	0.336143378464523	200	0.118950431380589	0.976611020582218	1938	0.363295357319071	3	2	1	-6.88944163282308
chr17	46857172	64921941	0.498896779537206	714	0.0963694962240022	0.99872288890614	53643	0.388961961756523	4	2	2	-6.77742453029525
chr17	64922423	78418219	0.351605374429892	1479	0.116522366856491	1.43617973283285	60401	0.685095904906677	6	4	2	-6.77056725760402
chr17	78450790	83059739	0.49888665043839	506	0.0894694641072092	1.00227436281862	23015	0.328217750959052	4	2	2	-6.74487047505293
chr17	83134491	83135686	0.176942743559581	14	0.14054063586618	1.07482094931376	43	0.380759538468973	6	5	1	-6.73451174545473
chr18	47974	112277	0.267035835806673	30	0.120760977940324	1.08354534592017	536	0.728821759134145	4	3	1	-6.7332668800514
chr18	155712	15344994	0.498879723134997	720	0.082600880181842	1.02837832087878	25744	0.438926536510644	4	2	2	-6.73401370039958
chr18	21224827	80174696	0.498894885408556	1341	0.0958544654334058	1.02952929725718	69190	0.432622826011684	4	2	2	-6.73864835895853
chr19	282875	24394059	0.331057690365672	2877	0.0980953168359057	0.763952779755162	120651	0.25077954877648	3	2	1	-6.92888704045425
chr19	27392072	39856075	0.483493482447416	884	0.0853541376876569	0.969118726597637	44138	0.358887729141898	4	2	2	-6.92639709734747
chr19	39857193	39901890	0.341160433141093	45	0.118128298681963	0.995325495906209	458	0.323904450679222	3	2	1	-6.74955418972787
chr19	39902109	58565545	0.498925470662176	3365	0.0846982487413226	0.958350557798633	123143	0.317724888673289	4	2	2	-7.18401160485072
chr20	82090	25908950	0.498901464492091	1103	0.0885726302230422	0.991612918404102	42581	0.368568948447029	4	2	2	-6.84847563366595
chr20	25908964	26271100	0.24145282308311	15	0.116238547823001	1.06201180288982	256	0.422710722410357	4	3	1	-6.76435040914434
chr20	28559257	31074286	0.485906471261123	590	0.13420085028323	0.948022920618789	2987	0.38935666564649	4	2	2	-6.79817739860819
chr20	31170639	49784731	0.419786133039772	1217	0.107607759035954	1.23979640078668	70260	0.501870272132124	5	3	2	-6.75752409875969
chr20	49806466	50180179	0.498298994390316	36	0.136799015474968	1.2643729371276	2053	0.555050867812068	6	3	3	-6.7543613281022
chr20	50183340	64328010	0.411824934232662	787	0.101751353603007	1.23985206766619	38132	0.496311897460918	5	3	2	-6.74618581263477
chr21	5218123	10490682	0.329510806176891	594	0.134522374562996	0.696311972208087	2885	0.329056079789213	3	2	1	-7.14395513386387
chr21	10538659	13035101	0.0699159271477217	46	0.149039280883856	0.41690557453863	622	0.227712687241128	2	2	0	-8.35324114370787
chr21	13227689	46661856	0.403276366517106	1086	0.097476248285032	0.840490864084224	46931	0.302473801175634	3	2	1	-7.77549313853048
chr22	10699965	11068184	0.49870532274962	406	0.136382105505757	0.808543165776869	1466	0.355021491203908	4	2	2	-6.82932202561718
chr22	11257774	12797396	0.498627786188207	223	0.148004652379596	1.09447187718706	1450	0.500426983523104	4	2	2	-6.74939212107657
chr22	15346291	22921536	0.498826210237484	645	0.10164688809741	0.895559207932767	21664	0.329698487055482	4	2	2	-7.40311069550794
chr22	22922708	44786335	0.339993653821447	1110	0.103135020586731	0.758686127135447	60111	0.263102902310256	3	2	1	-6.96161701873658
chr22	44787649	50808180	0.498895925664637	447	0.0819373558249953	0.995710593262577	17673	0.348411212101103	4	2	2	-6.75635216533395
chrX	278445	57629526	0.353511388899811	1300	0.102002893250824	0.779731864387262	73978	0.282575880316723	3	2	1	-6.76007163970507
chrX	64521050	156005413	0.351233641645396	1441	0.10217437608625	0.780107206358527	94746	0.277655293139854	3	2	1	-6.77052895680083
chrY	10796683	11722122	0.473624112508986	61	0.156809090011971	0.817411593574962	509	0.442575100080958	4	2	2	-6.89050597318628
chrY	26436955	56887102	0.380950633518397	169	0.130944583735182	0.766114909065381	568	0.336273060845359	3	2	1	-6.87175839692219
