chromosome	start.pos	end.pos	Bf	N.BAF	sd.BAF	depth.ratio	N.ratio	sd.ratio	CNt	A	B	LPP
chr1	183697	13226604	0.000115150473196324	1208	0.0503983514829452	0.99185595904469	46075	0.466863024529356	2	2	0	-6.73553667440073
chr1	13229416	13246079	0.49865154703389	22	0.175628229199565	0.754462280077959	159	0.328362930664433	2	1	1	-6.74042599379879
chr1	13377082	16508006	0.00186424478789132	311	0.0447963625314392	1.00753925568256	10984	0.438810178960967	2	2	0	-6.73459364215551
chr1	16508139	16870119	0.32965954224516	127	0.156657540679881	0.845662050838881	1684	0.442384432978146	3	2	1	-7.07755982508586
chr1	16870312	16947199	0.498764923611933	54	0.140211963928871	1.33198467257509	659	0.519428258176882	2	1	1	-6.74707772753165
chr1	16950132	123184981	0.000968134270164511	5371	0.0217864347271286	1.01631036887918	228522	0.482544564896401	2	2	0	-6.8035176460156
chr1	123720128	143265917	0.301838940747633	58	0.150699944863063	1.08393176271087	1883	0.508368854486516	2	1	1	-7.90401674317682
chr1	143266388	155380957	0.00306846941851241	787	0.051186341691245	1.00259156258234	40909	0.469830320891615	2	2	0	-6.73537687039421
chr1	155393841	214451881	0.330438076076205	4058	0.112029011542867	1.52821431741987	174431	0.858147769377086	3	2	1	-6.74978240927697
chr1	214483325	215589334	0.00157927415936376	29	0.112149245213557	1.12889386917503	1432	0.642654373690552	2	2	0	-6.75660609092783
chr1	215694259	233379667	0.335732714726521	1337	0.113311136164876	1.53050502716947	50791	0.843422306896823	3	2	1	-6.7392342626135
chr1	233408159	234393824	-0.00146555095731282	44	0	1.01579905545737	1141	0.440913481937975	1	1	0	-Inf
chr1	234418183	248936765	0.336538270015873	1433	0.116906154377831	1.5183157202764	44393	0.89116910855639	3	2	1	-6.73504955757468
chr2	41404	88698360	0.498917043829682	3769	0.0948305376719874	1.01460557433357	146894	0.484968381031379	2	1	1	-6.77916283088849
chr2	88771822	91865736	0.498659671373164	147	0.143052353252683	0.997580578504931	3729	0.437293283763411	2	1	1	-6.73314789310018
chr2	91866631	91960535	0.0641183901966489	16	0.171474767337161	0.953342353345107	151	0.454415563910461	2	2	0	-6.81639676025961
chr2	94701717	95939402	0.498670130673351	33	0.126262218130654	1.00903930638215	2629	0.483185431020665	2	1	1	-6.73334391327969
chr2	95939417	96014981	0.100489121712094	52	0.12346782086984	0.971419819397045	324	0.737868040935377	8	7	1	-6.91895183486096
chr2	96106647	97100837	0.478944177381769	43	0.0720467118067892	1.00660586023636	5752	0.416540033819364	2	1	1	-6.78398502176716
chr2	97151732	97167830	0.231221792720359	29	0.122834242911035	1.07239878235232	197	0.495418579006	4	3	1	-6.76227542237804
chr2	97167832	242183350	0.498935086376968	5702	0.0940625806348787	1.01666293467764	239744	0.482517943367237	2	1	1	-6.83138688033214
chr3	51295	90225655	0.498927291975651	3703	0.0946663908875562	1.00586845286771	158469	0.467426916283573	2	1	1	-6.74107453139562
chr3	91344437	96350804	0.192505923951578	45	0.0991332895192583	0.937384532834525	1757	0.4787742743728	2	2	0	-8.47363479222145
chr3	97559480	195619606	0.00211808006723235	2428	0.026821972441916	0.508063562252324	91228	0.207350393032019	1	1	0	-7.06120802464747
chr3	195636262	195749213	0.498423667225095	60	0.205663794401649	0.58914122029669	551	0.23283574532902	2	1	1	-7.06426762056028
chr3	195750842	198111131	0.00630878045613814	260	0.100225144456018	0.509950470640374	5831	0.221549431794799	1	1	0	-6.74639110067126
chr4	14016	3921671	0.49885823222545	237	0.104153077651851	0.98324309766467	16008	0.426656789684718	2	1	1	-6.7368542467329
chr4	3921680	4060122	0.0487467650112771	9	0.0951104620953973	0.978249698900164	170	0.37748863309635	2	2	0	-6.88692633740233
chr4	4110130	8950422	0.49887004596694	345	0.0919213965364979	1.00141201068948	10590	0.442051589792652	2	1	1	-6.73314308657597
chr4	8952246	9735072	0.352093248140509	143	0.127908435267066	0.966123085605004	1155	0.46876566679419	3	2	1	-7.13373895094719
chr4	9746777	49037233	0.498885918236256	1310	0.0873181593254679	1.01871186153384	43975	0.519586296033703	2	1	1	-6.76243125307534
chr4	49092775	49153253	0.00915242964821561	19	0.0763954393788971	0.0640944584586586	93	0.0798881552206178	1	1	0	-13.333016530903
chr4	49154530	49555834	0.242056411485964	36	0.142165385468464	0.775502346012107	182	0.389928157880314	3	2	1	-7.59140658164647
chr4	49576822	49709464	0.385018136546191	22	0.145588520550273	0.282914357667675	86	0.213923572337509	2	1	1	-9.04952849681002
chr4	51819220	89025583	0.498895616216034	1483	0.098390897765139	1.02428425406913	52966	0.504897921469159	2	1	1	-6.78238114358717
chr4	89076894	89322120	0.49776134333481	10	0.205367989499608	0.795035886009792	272	0.401006610274886	2	1	1	-6.78092844741426
chr4	89508991	188240732	0.498909934031369	3073	0.0939376421851047	1.02493797592379	106896	0.513079217427936	2	1	1	-6.86477790868838
chr4	188270847	190179679	0.498628995413329	104	0.12796664192323	0.907794078352175	1446	0.660477044576086	2	1	1	-6.75765629165282
chr5	163151	256357	0.499099868670755	61	0.0789329036504329	0.983489682223166	593	0.479929934565901	2	1	1	-6.73317646579501
chr5	257059	843608	0.319363112379502	129	0.0910643340504202	1.32729153576667	2687	0.688471276539798	3	2	1	-6.7582386055084
chr5	878410	5722578	0.4988496334539	218	0.0982811767384528	1.03114575495495	5972	0.500555011187014	2	1	1	-6.74388044619288
chr5	5723786	10309535	0.35140198731699	184	0.101156363387997	1.36735595617631	5437	0.869551778740925	3	2	1	-6.78326147781935
chr5	10309592	10452092	0.0172720019781171	9	0.0633333333333333	2.43401809740962	1017	1.73869753072393	5	5	0	-6.7773459407641
chr5	10494636	13398745	0.327032206090821	96	0.119585974358024	1.52551534860606	2697	0.790286305611832	3	2	1	-6.73547232125103
chr5	13613321	13883153	-0.00117073128255107	38	0	0.500298236584911	757	0.182768030580606	1	1	0	-Inf
chr5	13894785	13980127	0.424430442076381	14	0.0677672568347067	1.02734660588846	270	0.347598044297266	5	3	2	-7.12786609627923
chr5	13990595	14462707	0.0093324808155888	18	0.124190503041705	0.545720118322969	557	0.308254877917012	1	1	0	-6.75906210299016
chr5	14489069	18295029	0.371965815770947	169	0.121046837445066	1.22305314870825	5367	0.806160529316228	3	2	1	-6.93670407036811
chr5	18363835	19028809	-0.000862595890242068	10	0	0.530405175943475	136	0.376018132689251	1	1	0	-Inf
chr5	19428466	21894152	0.325320349561536	78	0.107427455406698	1.40639120753521	2121	0.94239625856081	3	2	1	-6.74331248623745
chr5	21906865	24573432	0.0756633624886106	43	0.154878572091246	1.14128607888077	1333	1.0786705151606	2	2	0	-6.89677317091054
chr5	24584002	30669149	0.498682487281098	60	0.136521520002265	0.998008244619265	1918	0.541371237946678	2	1	1	-6.73314420467736
chr5	30811941	31908699	0.243774960645222	144	0.115930349605252	2.05516739872321	3877	1.48129177799951	4	3	1	-6.73497839332815
chr5	31921388	43161249	0.498881053392529	512	0.095021688557532	1.06486136483139	20971	0.548065504644398	2	1	1	-6.82001965912809
chr5	43277181	43609241	-0.000862595890242068	10	0	0.512639052951703	533	0.186196739489896	1	1	0	-Inf
chr5	44112226	46206800	0.498506008616836	33	0.132676126509084	1.47894949887907	1223	0.87446984625007	4	2	2	-6.87936186977871
chr5	49599598	49661122	0.0262263988249682	13	0.0923575826715007	0.0441885592171151	47	0.100091937386059	1	1	0	-13.1045856661487
chr5	50399214	181292406	0.498933559419581	5224	0.0895421602146355	1.01199150136393	201324	0.487720882177158	2	1	1	-6.77831674605071
chr6	175346	32440129	0.33734047008093	3503	0.108818519001216	1.50145537396982	105148	0.827315258497235	3	2	1	-6.7338610780387
chr6	32449340	32580917	0.498140778869304	30	0.185415969132099	0.931374091440522	171	0.623029175915517	2	1	1	-6.73412292236587
chr6	32618459	33046541	0.375509194530437	123	0.119491079525205	1.47306182647452	2363	0.759922313296875	3	2	1	-6.8070120462762
chr6	33054530	33086802	0.224739789640367	76	0.0867392573863174	1.44136752758779	299	0.590556057784456	4	3	1	-6.78944584524957
chr6	33092219	58414703	0.333868413832516	1990	0.11531021820467	1.50821339733617	90874	0.84509353083351	3	2	1	-6.73363690516853
chr6	60254364	170640200	0.498914619037115	3808	0.0951159318545858	1.01840447992309	142221	0.519178027500322	2	1	1	-6.81221676947923
chr7	35411	58100284	0.337826488817216	4421	0.114935869957307	1.52131752500252	141418	0.886237550174313	3	2	1	-6.74254949316847
chr7	60958067	100952148	0.335820808023801	3205	0.125236821401344	1.51962058300013	123009	0.898361747283138	3	2	1	-6.73814951723783
chr7	100952233	100960659	0.155616752677242	89	0.115000208730991	0.972313942019556	692	0.369456879422223	6	5	1	-6.78523071085441
chr7	100960708	142690289	0.324611803442974	2917	0.118113044669543	1.4993911808859	112690	0.866533978948388	3	2	1	-6.73631065605475
chr7	142750586	142774578	0.0610469751337015	52	0.121248711333358	1.29014424153018	510	0.693583122420087	13	12	1	-6.82055932794049
chr7	142784118	152379406	0.330537411644843	814	0.108828265609886	1.48990130211286	31091	0.803221111084758	3	2	1	-6.73385428959495
chr7	152379803	152407616	0.117226668730042	82	0.1199597041648	0.837755440225703	266	0.594366400859525	8	7	1	-6.8488554568023
chr7	152407952	159260919	0.324987965522907	609	0.119025806913056	1.51817602158362	16063	0.834544379560661	3	2	1	-6.73680947439291
chr8	238528	12056658	0.00292787181178567	472	0.066638822734882	0.513534395454139	8693	0.225731078212607	1	1	0	-6.83059676633162
chr8	12185342	12591444	0.498586064568784	23	0.20195296482102	0.467092816257142	262	0.24657479124963	2	1	1	-8.45353951591842
chr8	12655710	41753345	0.00208704620523426	947	0.0110472154121946	0.512686385553241	31260	0.206725924923396	1	1	0	-6.99717652943575
chr8	41828296	43317266	0.498821062310834	85	0.0992282474804388	1.03612324406538	5496	0.503192229536963	2	1	1	-6.73751053976364
chr8	45952307	100693340	0.498895548184005	1479	0.094387110871317	1.03481381110833	65148	0.509259622868607	2	1	1	-6.87643354465604
chr8	100706704	100709611	0.00993723429674254	9	0.0054492609080906	0.779260735206074	65	0.215425593972633	2	2	0	-8.2650225235345
chr8	100714490	145055416	0.498910688788888	1645	0.087431444428827	1.01122310356234	64742	0.499355592717269	2	1	1	-6.74597100000422
chr9	117506	38754640	0.000737492948830742	990	0.0153848629113845	0.500584471141079	32285	0.1988430708	1	1	0	-6.73498634239266
chr9	38778030	41279654	0.451403574848272	171	0.162378727842011	0.528823946405261	1175	0.244864947023087	1	1	0	-9.61329487725734
chr9	41279717	42975562	0.0154655512953807	40	0.132231837975425	0.477582358267102	411	0.236016887243332	1	1	0	-6.77970808606502
chr9	43038706	68405558	0.49845414063095	126	0.175889231376698	0.557477382426276	1767	0.284715333159928	1	1	0	-11.2660609152178
chr9	68499396	94320417	0.000952060253458453	707	0.0347596867170616	0.508375547982145	24007	0.225524409160687	1	1	0	-6.81466980385606
chr9	94381711	138141621	0.498922050783708	2825	0.0960161643100758	0.997996380969325	119470	0.458740256795196	2	1	1	-6.73369865085409
chr9	138149114	138198484	0.335965464043778	15	0.13943337716152	0.894212357248986	111	0.545585808884977	3	2	1	-6.75977169509497
chr10	47876	38378075	0.00196710077821255	1294	0.0421387643565517	0.504681271652706	37098	0.216525178057682	1	1	0	-6.77507306479261
chr10	38417609	38982252	0.49828570290918	39	0.190405228780878	0.484865129086895	225	0.509852217033804	2	1	1	-7.34863527657403
chr10	39967657	42280334	0.498112016947876	23	0.197780021131795	0.535195718484252	200	0.267542089817884	1	1	0	-9.27843810139371
chr10	42411753	46330126	0.00108309317071392	152	0.037530717058164	0.507756786846435	4685	0.192627205685553	1	1	0	-6.74816973683749
chr10	46354046	46908847	0.322251413263377	58	0.152763322786815	0.664632034881222	720	0.329832371552674	2	1	1	-7.92385398541482
chr10	47219581	53342430	-0.00056289946096566	214	0.0648230772957774	0.508750585023575	5759	0.202810028415726	1	1	0	-6.75930511612469
chr10	53809212	54079190	0.499413620035567	25	0.0561965894576056	0.990336024261755	501	0.408224395329475	2	1	1	-6.73319005042287
chr10	54134482	68738042	-0.0012491756220826	216	0.0319744083713472	0.508523667808889	8807	0.200895539726928	1	1	0	-6.79409356200152
chr10	68742531	69268294	0.499187896306368	57	0.0759214324797315	1.02589100034417	2720	0.525577987093622	2	1	1	-6.73383426564638
chr10	69292327	70572759	0.000979459191578269	61	0.0142950180476838	0.490279549750237	2376	0.195873180139231	1	1	0	-6.74369122143439
chr10	70582361	70734120	0.497960239103687	9	0.185572612323167	1.27483387302022	482	0.909493511518589	2	1	1	-6.7395761014066
chr10	70734160	133537670	0.00145835666782584	1987	0.0284627692569756	0.507334141545064	76932	0.202186296727946	1	1	0	-6.91956976082825
chr10	133537858	133787164	0.441972692916754	45	0.196856431303259	0.607678876241298	384	0.194477018379456	2	1	1	-7.63421337776196
chr11	197557	1017240	0.498848326563684	175	0.0975128470336981	0.964856493131806	7160	0.423631859618151	2	1	1	-6.73665328291245
chr11	1017317	1018483	0.149206018412825	18	0.0951211302065146	0.828665332540851	88	0.145424511005724	7	6	1	-6.80360683347253
chr11	1019490	1099674	0.316392645522975	31	0.115433991751186	0.843419524171238	1097	0.409060149893625	3	2	1	-6.83980861374169
chr11	1101070	50512765	0.498919540286704	2494	0.0912490237138277	0.998252409001776	94705	0.458862430886843	2	1	1	-6.73363517617698
chr11	54591999	56663740	0.49889839513444	108	0.102951579352833	0.96113046189175	4035	0.339768006560468	2	1	1	-6.75012382497478
chr11	56700357	56701244	0.11571979129962	28	0.133911504379911	0.616212246569225	64	0.110204516542063	8	7	1	-6.8854589981625
chr11	56701340	61902136	0.498889220300521	321	0.0821281061376494	1.01195343168996	17549	0.424403180394598	2	1	1	-6.73551310418545
chr11	61904484	62344190	0.352312295301382	75	0.120101350593632	1.46863701340973	2372	0.74302658707891	3	2	1	-6.74819239417478
chr11	62350540	65715903	0.49900543308059	343	0.0710125810017413	0.997690312728574	24601	0.43070941428326	2	1	1	-6.73321476447172
chr11	65902784	78079607	0.335196119234017	1414	0.10753601509724	1.47031964482418	62657	0.769738857118407	3	2	1	-6.73821743251869
chr11	78079817	84508689	0.0113262858181434	222	0.0950423184346039	1.02200791980934	6233	0.504050966016597	2	2	0	-6.74860990443652
chr11	85493667	88841259	-0.00133299459897951	62	0.0483860647695341	0.517366813954069	2767	0.212636162663605	1	1	0	-6.78431126217359
chr11	88875454	93007868	0.498766962662409	152	0.0950484656967176	1.25300016285356	4593	0.66330451353966	2	1	1	-7.00651052012472
chr11	93019478	94943809	0.263738862827891	196	0.11727825229572	2.13219089867612	7107	1.37744552264122	4	3	1	-6.74373069039276
chr11	95026330	102566031	0.498819384606924	178	0.0936139006815363	1.04306175316195	6783	0.55294993790193	2	1	1	-6.75909358173163
chr11	102606646	103455072	0.00126369552992422	60	0.0485484788871895	0.524935667950603	1787	0.199266409177808	1	1	0	-6.76343284811778
chr11	103709334	104452363	0.279533213038158	19	0.111163280150422	1.51411043613943	533	0.806201368729297	4	3	1	-6.82781593797283
chr11	104596443	106624342	0.000367224238352337	39	0	0.504854623176264	1523	0.194977419918784	1	1	0	-Inf
chr11	106824971	109121016	0.498788044563035	116	0.0915098715806205	1.0200354744005	5234	0.476357385416949	2	1	1	-6.73548114918849
chr11	109560635	113953725	0.000707040829986183	143	0.0218744413613575	0.514015526936708	5558	0.198308174367003	1	1	0	-6.78381319117964
chr11	113972989	114979988	0.499200367020411	41	0.0761055348777235	0.975092905550301	1548	0.376357093725779	2	1	1	-6.735846190913
chr11	115005998	115600393	-0.000862595890241957	10	0	0.4945747831844	275	0.209564475352561	1	1	0	-Inf
chr11	115747964	117459077	0.499131716442333	108	0.0728500192372862	1.01831754854213	4379	0.444164559408798	2	1	1	-6.73479622800183
chr11	117480432	124754349	0.00138841926892552	444	0.0714677044985017	0.503361092981485	14431	0.226102496013721	1	1	0	-6.73688815920072
chr11	124803306	125008940	0.484989869626077	25	0.0637486470444668	1.06172408007905	1107	0.368470980491843	2	1	1	-6.76935007977501
chr11	125038456	133576981	0.00543957462405154	219	0.0562100131797541	0.547233400292272	7387	0.330257719081884	1	1	0	-7.09753682590797
chr11	133648302	134879320	0.351780147038581	27	0.156848212687814	1.03870975782507	2641	0.659478547852224	3	2	1	-6.96252470976444
chr12	12749	60104	0.32129230042707	21	0.107338405677247	0.753717652001217	108	0.535096855587671	3	2	1	-6.78722841834369
chr12	125962	10883970	0.498901529695928	1106	0.0867038464205475	1.00729474167578	37627	0.461303380242964	2	1	1	-6.734651738738
chr12	10930916	11049247	0.121721525340462	11	0.115737948518508	0.984986120799215	398	0.440069365862219	6	5	1	-7.24571452820434
chr12	11265934	25803954	0.498863364321097	607	0.0880674879156973	1.03336894409293	20891	0.48429957505555	2	1	1	-6.77251347085841
chr12	25804106	25804438	0.0559496113569001	10	0.0497817458735853	0.494204751679684	21	0.0511813303014739	15	14	1	-7.27630821628808
chr12	25850491	34276742	0.498858060028402	507	0.0980655525316487	1.0335708419193	15196	0.554577022185036	2	1	1	-6.75079206454518
chr12	37555474	55842259	0.00124044149820796	847	0.0210445248894276	0.505004562865533	34822	0.196385302709188	1	1	0	-6.76222540014129
chr12	55895415	56163804	0.343371215519002	57	0.108143371141298	1.4644234089864	3847	0.728317952741888	3	2	1	-6.73837209198782
chr12	56169562	57583257	-0.00114431709661389	103	0.0725741617055838	0.522900640908968	8001	0.246199706407932	1	1	0	-6.76089636767445
chr12	57610780	59862517	0.382502477801149	59	0.126143929928716	1.12241258683366	4026	0.627443043328784	3	2	1	-7.09868332732539
chr12	60272013	63310667	0.0139565197070173	39	0.0792580047001048	0.592530567118174	1728	0.54120279577813	1	1	0	-6.92552149404706
chr12	63570869	63787654	0.349399562658359	22	0.108354766444561	1.6618205819768	560	1.02254313204251	3	2	1	-6.74749288705069
chr12	63872147	69132389	0.00489084296807624	115	0.135998122210754	0.580086518739087	5883	0.444268536374717	1	1	0	-7.06675341004361
chr12	69148944	70346414	0.339451955796113	98	0.128733452565305	1.40923784043785	3192	0.986504720579478	3	2	1	-6.73727575944307
chr12	70511933	71135379	0.0157855957124586	34	0.0911814511893632	0.771097325540117	934	0.687552776371401	2	2	0	-6.804025995342
chr12	71139142	72022455	-0.000374404410367069	24	0.0974910531012083	1.03585240199045	1906	0.443875283727838	2	2	0	-6.73634126956359
chr12	72272719	76472620	0.00161003801241433	63	0.00239377499572511	0.53636022872202	1969	0.314574301695494	1	1	0	-7.11520513097074
chr12	76531139	78007104	0.394922660554897	64	0.143705385588788	1.49208709897018	2121	1.22708124894868	3	2	1	-6.84127995889738
chr12	78028087	85497776	0.0056425843128306	120	0.0979953834018074	0.561548696718329	4733	0.340446337530974	1	1	0	-7.2141912702768
chr12	85797556	85999190	0.263729493114909	25	0.118766577790218	1.65600448171259	468	0.673404800858644	4	3	1	-6.75054329676327
chr12	86074217	97044555	0.00296434847284988	200	0.0841991388012631	0.537586638242192	8836	0.254376080984926	1	1	0	-7.22338772311694
chr12	98202200	99053361	0.499224662840379	59	0.0697347986237857	1.00793210141485	2004	0.459197388675168	2	1	1	-6.73324844553005
chr12	99185894	101456702	0.0201459679242569	30	0.105116924498826	0.684064731342389	3513	0.551259663813868	1	1	0	-7.16556718212424
chr12	101461011	102575177	0.00241932129386943	47	0.108228879171742	1.03352179498388	2750	0.513093112328145	2	2	0	-6.73605963318937
chr12	102662751	105298712	0.0274300712118412	80	0.149480247202757	0.700612166786844	4390	0.61068323441108	1	1	0	-7.20025695294989
chr12	105304396	106072712	0.432090202024459	26	0.0894567192299417	1.24139581282032	688	0.651629989985731	2	1	1	-7.11054288923038
chr12	106530517	109806478	-0.000424459646889086	131	0.00510227747842307	0.501022724038261	5897	0.192310651576882	1	1	0	-6.73736471005264
chr12	109862657	110072181	0.261542262018895	30	0.114427957559612	1.74823785401772	2014	1.23029980229031	4	3	1	-6.74063516673285
chr12	110135108	111513571	-0.00138393149623739	57	0.0529812942826018	0.495792380767755	3218	0.191996903289019	1	1	0	-6.7351080843685
chr12	111525120	113047579	0.314699184503851	149	0.128098645993575	1.60243020246792	10781	1.05414984489545	3	2	1	-6.7492651413442
chr12	113073012	113163098	0.0015984106569531	12	0	0.486985561014772	477	0.192397150984603	1	1	0	-Inf
chr12	113169697	113258557	-0.00103957165481194	19	0.114838559451267	0.948537245586371	540	0.447065697147676	2	2	0	-6.73382838192535
chr12	113268130	114058204	0.00231030994561876	40	0.0083800357994462	0.501516413834466	1370	0.193530896639318	1	1	0	-6.77839329617967
chr12	114196022	116748511	0.498564471474191	156	0.150616705229292	1.72973139117403	5442	1.3254744150945	4	2	2	-6.75144579934661
chr12	116750102	127319838	0.00183627892578847	644	0.0577183496612574	0.516534052209158	21951	0.279061407194269	1	1	0	-6.81771414085972
chr12	127570609	129353020	0.498944726407224	99	0.09326226753773	0.993658998553877	2143	0.461254294917503	2	1	1	-6.73332129185242
chr12	129765287	130582005	0.00218075477225643	26	0.0392232270276368	0.49036966140379	708	0.191245657303902	1	1	0	-6.74003889224164
chr12	130660150	130891406	0.498614331659491	35	0.114185129055753	1.01451963771797	504	0.509627651780284	2	1	1	-6.73322641302327
chr12	130926965	131397052	-0.00055792922142972	21	0	0.507022819068057	455	0.211466726770331	1	1	0	-Inf
chr12	131480679	132033207	0.498721641210777	54	0.101681660234048	1.01443120526469	2033	0.449308893252521	2	1	1	-6.73345347240712
chr12	132053031	133226514	0.000778109094201396	61	0.0757841015955511	0.492827271098757	3680	0.181294637820114	1	1	0	-6.73767111615995
chr13	17742959	18212034	-0.000825386278003326	16	0.188265492943697	0.499697981340903	69	0.229988134910235	1	1	0	-6.73304448825749
chr13	18212081	18301783	0.0163679971507759	10	0.0262469045793975	0.494355490780508	155	0.308981068940401	1	1	0	-6.95781323912686
chr13	18317654	114353894	0.498914151514007	3288	0.0924413291117094	1.02467314224279	115131	0.493187693759572	2	1	1	-6.86872098717061
chr14	16047857	16099430	0.385	1	NA	0.776036269695262	18	0.380257570945587	2	2	0	-5.77815594173179
chr14	18330642	19932391	0.3136189711938	89	0.114536110831352	0.989253321750081	1728	0.446089892218258	3	2	1	-7.48942737664275
chr14	19933933	106872984	0.498924021009882	4497	0.0924753382939642	1.00945458729809	179892	0.480427270167659	2	1	1	-6.75232392489415
chr15	19876640	21439885	0.498559153724682	234	0.161576180971817	0.595945843451956	2920	0.286902921551248	2	1	1	-8.83985452498468
chr15	21614238	23031758	0.0143030952321808	81	0.161934318341697	0.471327511990565	1985	0.235955681360426	1	1	0	-6.79082642177093
chr15	23039548	97123052	0.498930033292349	4292	0.0920260877168024	1.01076384402038	176726	0.483151745257972	2	1	1	-6.75415513983749
chr15	97427733	98618283	0.000223222210228857	17	0	0.519027624910987	481	0.218783112155824	1	1	0	-Inf
chr15	98635277	99292686	0.257605421827258	25	0.0611160644457195	1.02277030787877	1597	0.412361980668367	4	3	1	-7.63803893790524
chr15	99674675	99791431	-0.00319841251747544	9	0	0.530666554273268	203	0.293270664458295	1	1	0	-Inf
chr15	99960514	101915195	0.496578403829919	125	0.104720745087174	0.997458544054431	4586	0.582743064675389	2	1	1	-6.73369573919891
chr16	35678	32035038	0.498912518595236	3049	0.0940608111224281	0.991473861736796	115873	0.451634028449718	2	1	1	-6.7402880128437
chr16	32051989	34194942	0.498467956601884	89	0.15730016588009	0.985922670538804	1700	0.450036676232392	2	1	1	-6.73439410197946
chr16	34266034	35908151	0.4960034857905	82	0.12167302083369	0.792205633982833	1772	0.417412886311743	2	1	1	-7.02622423635727
chr16	36853594	46401545	0.44189251723048	66	0.0940366900076724	0.706610225586832	1524	0.1787609920627	2	1	1	-13.2713589633714
chr16	46568907	63718983	0.00150924406718128	479	0.0213594304423573	0.504136774542172	19490	0.200354571233615	1	1	0	-6.75264858343921
chr16	64264001	75890145	0.498883026230024	973	0.0935328804241337	0.996448497431481	43183	0.456106024255023	2	1	1	-6.73358252268902
chr16	76138095	89714264	0.00024819755880412	888	0.0386105568273777	0.498349802896048	17769	0.214172484076991	1	1	0	-6.73520559433245
chr16	89722534	89864018	0.499274414530035	27	0.0773274754633724	0.971168892538706	1216	0.334106140523575	2	1	1	-6.73374115412152
chr16	89873824	90095778	0.0102072931317577	61	0.129672591068109	0.540342209709271	1226	0.235175384120875	1	1	0	-6.75114265395536
chr17	137637	281918	0.498977636941266	18	0.0775412392914227	0.999323754613728	280	0.522872174195448	2	1	1	-6.73313425437181
chr17	281965	317061	0.119120466477245	12	0.0995976755235631	0.813835917437006	46	0.250730416076498	6	5	1	-7.38881909288376
chr17	317120	2885292	0.498874284316321	489	0.0931403774714192	0.977359283495078	12750	0.508389575530684	2	1	1	-6.73629042369028
chr17	2893351	3890824	0.340235934656281	113	0.101995209475764	1.47790799743063	6332	0.798348862468093	3	2	1	-6.73598809532641
chr17	3903370	21290809	0.492346961186093	1875	0.0936058429552401	0.9968920768465	69538	0.447715146027571	2	1	1	-6.73760026165101
chr17	21290834	25074523	0.49024164221511	330	0.15396253430376	0.905132876842062	2071	0.458358206738443	2	1	1	-6.84128098978746
chr17	25389878	26774550	0.498394801991468	11	0.159644491406261	1.00345207525786	159	0.489077141687746	2	1	1	-6.73312754445657
chr17	26937155	26952458	0.0456429701673188	13	0.125052758097102	0.245014116503266	21	0.183996544998618	1	1	0	-6.94688803965435
chr17	26952499	56156316	0.498908368022391	2225	0.0908678522260962	1.00223437019449	110722	0.466998102007399	2	1	1	-6.73345616481889
chr17	56196460	68395091	0.337718072722178	1215	0.124005749106041	1.54763113107463	61201	0.919175335401928	3	2	1	-6.74213904699383
chr17	68422407	70965332	0.397476658286515	191	0.139868707085696	2.15136963620016	8151	1.60560739822251	5	3	2	-6.74657591269136
chr17	70982884	75493486	0.336687396649032	577	0.110739249310525	1.48348344642081	18618	0.726783289044046	3	2	1	-6.73422815988578
chr17	75498745	75610907	0.415809583237159	84	0.121338303662706	2.41210384062467	2347	1.42081830104259	5	3	2	-6.74324142051208
chr17	75619713	83158753	0.338121603986778	1675	0.109525761550242	1.48739508730872	53907	0.78363808830843	3	2	1	-6.73472278665973
chr18	47858	82177	0.498622827437505	13	0.159746393563079	0.806955794440834	100	0.359957654496057	2	1	1	-6.74038843558675
chr18	108116	110627	0.0731707385854031	11	0.10367449059436	0.334356293297178	73	0.209134710760919	11	10	1	-7.00921535681606
chr18	118580	15357277	0.498882818928351	914	0.0925091371577594	1.01790062441112	26269	0.50548150662278	2	1	1	-6.74414003923452
chr18	20959507	80250865	0.490047521400576	1793	0.0919987751420866	1.01398194125602	69990	0.502898127059262	2	1	1	-6.76636703132586
chr19	107381	875389	0.498828780041444	203	0.0911184916740152	0.975800487561953	3895	0.417658794520767	2	1	1	-6.73473644799588
chr19	877718	879855	0.231735362204094	31	0.141315273242537	0.434126124446591	93	0.239632687499402	4	3	1	-6.79470361810319
chr19	880602	6283827	0.498903861108397	1220	0.094598429081032	0.964593745157623	37118	0.433654842577356	2	1	1	-6.75564553651516
chr19	6284407	6323173	0.498167970812602	23	0.179630791747611	0.876727307147085	224	0.371786221550441	2	1	1	-6.73601092393229
chr19	6327183	24394059	0.498922955195558	2957	0.0922341135995808	0.976954636486104	114166	0.473716469202131	2	1	1	-6.75964837753399
chr19	27802454	54537051	0.498918351608295	4014	0.0983036938543331	0.978766075446625	146860	0.419460574443875	2	1	1	-6.77548578206282
chr19	54537869	54632090	0.243320967656284	52	0.137954627544476	0.870414221220768	631	0.363216075325404	4	3	1	-7.01737172697779
chr19	54632388	55360978	0.498843821186611	339	0.102450427872367	0.959357408280263	6746	0.422217186078564	2	1	1	-6.73736049229095
chr19	55361192	55486963	0.322182690087297	40	0.12687465043529	0.933578720616789	924	0.494550309996509	3	2	1	-6.80629916786477
chr19	55499724	58571068	0.49888693101445	502	0.0850641458855448	0.963696106315521	18683	0.392549443314331	2	1	1	-6.74959587393965
chr20	96321	25686242	0.498905184783888	1291	0.0953108950314767	1.00435341096084	43352	0.496085095806662	2	1	1	-6.73419294808862
chr20	25773519	26081502	0.0321212501763134	28	0.144477566410039	0.883693906105531	253	0.432465430175212	2	2	0	-6.77765150162102
chr20	26083008	26274736	0.498614593983183	11	0.149176710344111	0.986770073050142	170	0.444844965269534	2	1	1	-6.73318731326033
chr20	28559767	30843162	0.411811085236935	418	0.15637017305885	0.848281177474851	2077	0.535104710744062	2	1	1	-7.045134984083
chr20	30843238	31106781	0.0392753960216075	32	0.146543312847508	0.709035051899211	198	0.409590564119664	2	2	0	-6.88535110579181
chr20	31274809	47119983	0.498901937784448	1125	0.0871640812202047	0.994612257588527	51451	0.447146210468783	2	1	1	-6.73460376505865
chr20	47128850	50642768	0.498777881257425	291	0.104076397782704	1.14350906613175	11888	0.641569258146785	2	1	1	-6.82360695298681
chr20	50657165	60012786	0.255212028467318	1091	0.114393119564869	2.03233993633783	34045	1.33474442782373	4	3	1	-6.73506803145282
chr20	60035710	64327831	0.498868969620983	333	0.0914995351353778	0.960602390197423	13360	0.409672733885663	2	1	1	-6.75802486241004
chr21	5034010	10737112	0.407620249221371	611	0.157707962336892	0.680290228499284	3547	0.463075083611061	2	1	1	-8.67897288631969
chr21	13000304	14093779	0.498526937053481	75	0.143464504823124	1.0312286530256	1183	1.04974113676163	2	1	1	-6.73364953831982
chr21	14102399	46692861	0.49889246936001	1678	0.0965525721598919	0.99885502876012	54138	0.491140874171971	2	1	1	-6.73325008070452
chr22	10685477	12797423	0.430209645193279	617	0.157465911841895	0.788933042734179	2701	0.572878808878689	2	1	1	-7.05845159865579
chr22	15489602	16425906	0.318373624814257	52	0.120584180117961	0.997325257208779	661	0.563757656265878	3	2	1	-7.02335946154251
chr22	16425982	16465107	0.178496231069081	19	0.145480369850011	0.795205764865993	64	0.374030492441183	5	4	1	-6.95863005464706
chr22	16574679	50782306	0.498921931760722	3572	0.09257037006901	0.991909049068822	120183	0.445007239827704	2	1	1	-6.74024089834805
chrX	264372	1388051	0.0132090844289058	159	0.0733366776636437	0.444900525101648	1765	0.209771574182499	1	1	0	-6.95493458181252
chrX	1388153	1394514	0.066889696544559	9	0.205477560277948	0.520216761927305	68	0.286960493528912	1	1	0	-6.79602045526903
chrX	1412549	57876210	0.0127073933813745	1011	0.0461222533896505	0.512091053851015	55198	0.204419589246667	1	1	0	-7.20283187071888
chrX	64145579	140926350	0.0107733140498409	987	0.0374019510666936	0.513729722407341	58285	0.20116779227936	1	1	0	-7.51092860895567
chrX	141002535	141798563	0.0713786232543538	18	0.166098571017687	0.644733483111099	325	0.264983855803815	1	1	0	-7.25156619434483
chrX	141838381	155941873	0.017958240620866	296	0.0371450931857532	0.508379346409796	14762	0.187420008297297	1	1	0	-6.93454169174087
chrX	155985299	155996516	0.141059085327934	11	0.138921560601658	0.416544864834738	39	0.16261329902638	1	1	0	-7.30395123108987
chrY	11111606	56837148	0.0404210278179253	88	0.154496613655895	0.23280874070162	214	0.233991115870183	1	1	0	-20.5481994209537
chrY	56854825	56875060	0.406471740527441	63	0.145498767860944	0.598961770760679	203	0.205779764117599	2	1	1	-7.04568510463297
chrY	56875100	56880483	0.0137061955535703	14	0.145254607840513	0.369594330427672	44	0.16359050743433	1	1	0	-6.74938161892569
