chromosome	start.pos	end.pos	Bf	N.BAF	sd.BAF	depth.ratio	N.ratio	sd.ratio	CNt	A	B	LPP
chr1	133483	2581211	0.498825320806273	254	0.0898387412213242	0.95968026298384	11588	0.316872372224483	4	2	2	-6.73316198852764
chr1	2652261	2654975	0.0838878721763219	12	0.0754515196545558	1.07700166065492	64	0.382120856481733	3	3	0	-6.73456823055623
chr1	2783572	16536879	0.498881953764227	1004	0.088482199752788	0.941854033767288	40609	0.361068300806511	4	2	2	-6.75206486907251
chr1	16539430	16910962	0.316152399269578	175	0.116852893921092	0.968786214057989	1863	0.332769674860392	4	3	1	-6.78266313967513
chr1	16915492	95495653	0.498924518089923	3203	0.0891324228859674	0.936448589532952	166748	0.344243398358098	4	2	2	-6.9379170679303
chr1	96057725	96323404	0.132594654554486	15	0.0691281074389805	3.51098369509577	483	2.50432334602232	17	15	2	-6.73356437363057
chr1	96371374	119161697	0.46155327196523	624	0.090129298267672	0.857407042942099	32034	0.300436098288399	4	2	2	-8.29704672329113
chr1	119737414	121095349	0.151284169829925	97	0.102710916806693	3.25569202262937	5428	1.6779763527208	15	13	2	-6.73389830572244
chr1	121118494	121497112	0.415350781096348	9	0.167145146504468	1.85304141956775	275	3.61150636663303	10	6	4	-6.73559308753766
chr1	125065988	145518602	0.498462531357324	39	0.146235353719485	0.943754344192389	2011	0.377110742011091	4	2	2	-6.75325327850094
chr1	145574818	157331721	0.498884470448794	569	0.0893438792080874	0.920688457336983	47432	0.302806186275971	4	2	2	-6.85407661978707
chr1	157392210	158399184	0.29075962350809	34	0.11120391653037	0.712801200079332	2010	0.217299875096342	3	2	1	-6.99610842992887
chr1	158399274	167743486	0.498873256118871	384	0.0857911307712897	0.945320865306964	20275	0.326598506480731	4	2	2	-6.74291219148644
chr1	167763275	248945592	0.498900626712847	3116	0.0907623822931095	1.07884782627858	157218	0.419081097356439	5	3	2	-8.60045693840866
chr2	41404	91960535	0.320522703714807	2576	0.105898395630859	0.833962544485183	122315	0.300947200484056	3	2	1	-10.3951417819628
chr2	94199564	213492343	0.293764005098887	3009	0.102878772959447	0.933274653745729	163066	0.353131534428544	4	3	1	-7.11778791085878
chr2	213688266	242183413	0.349649417896855	1260	0.0943278565368126	0.754583040707434	52439	0.246847466828859	3	2	1	-6.752729123905
chr3	65514	75703310	0.498904128435551	2694	0.0906762203603404	1.04564626831136	150698	0.383378176463888	4	2	2	-8.46780806954707
chr3	75728581	75765881	0.218863102864637	20	0.103369750232638	1.01782226546602	269	0.290076368260083	5	4	1	-6.74768835973302
chr3	76133530	90232259	0.498790004706578	238	0.0954173149548457	1.31763791426678	8750	0.650307032681767	6	3	3	-6.76948575901542
chr3	91408287	97646095	0.498190515871201	37	0.120697851975383	0.594009672681257	1530	0.33279230506951	2	1	1	-7.01035274872873
chr3	97747588	116194657	0.408156895068143	704	0.0929511491620433	1.21104299386078	28645	0.510501395142769	5	3	2	-6.79182978577697
chr3	117027451	125747793	0.0846944209974918	314	0.0629190427134754	0.703316505637847	14006	0.224702754445558	3	3	0	-7.13147113221518
chr3	125762103	125818347	0.40600670885782	10	0.145479475451961	0.82620580586197	73	0.307948522057572	5	3	2	-6.775740740991
chr3	125823922	129347660	0.0816135782359694	137	0.0845657827890245	0.768498845920023	7676	0.240587544303358	3	3	0	-6.75512034448289
chr3	130081266	130170327	0.418882155596859	13	0.0860952811476764	0.678373565109888	93	0.281167633204223	5	3	2	-6.93094994645903
chr3	130594375	153702782	0.079042918381483	430	0.0703563667655334	0.781031905094457	26350	0.274654377150797	3	3	0	-7.02521526861048
chr3	154255619	198120733	0.406884717315193	1564	0.103495068950456	1.17022321159855	73319	0.484234796975059	5	3	2	-6.73481876566651
chr4	25320	49097344	0.441902049124688	1423	0.0984427667919013	0.841120267159206	59798	0.324657266792233	3	2	1	-9.51631316415459
chr4	49098677	49711855	0.290402388174889	164	0.141805765638558	0.735380096554707	1600	0.359920486180952	3	2	1	-6.87929663591972
chr4	51819220	190179746	0.498902436596238	2508	0.0877931107353931	0.798798190116183	125063	0.297392315257096	3	2	1	-10.3692410628146
chr5	36595	942112	0.400239149482243	162	0.105069511353616	1.43065620185905	5535	0.454257656722761	7	4	3	-6.822081804069
chr5	944957	1879271	0.25127418724808	150	0.100003585841749	2.12792247219442	5029	0.939997790610726	9	7	2	-6.74373362475571
chr5	1882015	5091726	0.325420033187628	116	0.13504607770479	1.60797982139681	2734	1.05261467714943	7	5	2	-6.7505709359869
chr5	5146110	6871528	0.0990002702941172	59	0.105895874775954	0.576312548747494	1565	0.197215311585421	2	2	0	-6.84876069631821
chr5	6880336	11341927	0.480368662991378	110	0.0904103535370198	1.02970948554928	4512	0.441091059914815	4	2	2	-6.83140004916206
chr5	11418204	12795464	0.300603639712536	33	0.125505757141884	1.99517922904408	1166	1.5583519509069	10	7	3	-6.74088852508224
chr5	12891278	30757034	0.10098581183637	238	0.109919699490739	0.637897611312843	8018	0.433236879123173	3	3	0	-7.96113276526065
chr5	31018715	34033565	0.357656798173892	210	0.108769504474684	1.37231033127097	8224	0.62164274583187	6	4	2	-6.7373694976042
chr5	34067508	34942807	0.261560272979648	77	0.12027067615759	1.74469706461534	2847	0.946125426545127	8	6	2	-6.734851823422
chr5	34945169	36370796	0.160467409233334	117	0.0875988490531563	3.04174594929299	7232	1.65151420986223	14	12	2	-6.73373062807402
chr5	36405707	39265172	0.247972291036258	224	0.108557615327584	1.89601605403161	10220	0.996024718611362	9	7	2	-6.74164765243214
chr5	39331792	42804881	0.0945719282900427	96	0.0977225373096995	0.988293320541315	4139	0.460063214725374	4	4	0	-6.79690750802553
chr5	42851780	45596256	0.498193754396808	28	0.158419391817112	0.701545838649087	1976	0.472890701188811	3	2	1	-7.18474009673239
chr5	49601143	49666720	0.487196315614183	76	0.123590656406045	0.626276934004722	712	0.210551451276072	2	1	1	-6.75821789186859
chr5	49666772	181281775	0.49892818230587	3883	0.0872465288063082	0.972007400055732	186924	0.371633531214188	4	2	2	-6.8460640460185
chr6	171132	32460012	0.426893422105605	2280	0.0953053041019724	1.14697114874353	80657	0.458538252862542	5	3	2	-6.77720327335143
chr6	32473323	32600761	0.240983266245611	64	0.132274842387248	1.52099060185385	435	0.525221999549569	9	7	2	-6.75385067294833
chr6	32634009	60932338	0.412504210560745	1557	0.0942924204577359	1.16118778819104	72201	0.43981034365779	5	3	2	-6.73526763889951
chr6	61134499	80127522	0.44227682375258	482	0.0987714575668271	1.21128262463298	19535	0.486543136655868	5	3	2	-6.86059978195647
chr6	80203029	159710888	0.109919293389566	1355	0.0834841458063309	0.55762464333147	64580	0.194184586120909	2	2	0	-7.67254402462305
chr6	159711524	159727378	0.498486241169716	9	0.136610557587781	0.634211950318078	142	0.277904044008999	2	1	1	-6.73618388682548
chr6	159748226	170582356	0.105868157610264	312	0.0943964260895053	0.576694817634368	10238	0.187944681702539	2	2	0	-7.39454412491522
chr7	31439	54466006	0.405158909033848	2064	0.0964734209876091	1.13427903600868	94170	0.451412323625394	5	3	2	-6.8601132760476
chr7	54472807	56176185	0.14349402329064	84	0.0889388798814169	0.755314992253031	3270	0.27739385536032	3	3	0	-6.99893468364116
chr7	56228635	56616119	0.498600824125373	51	0.126362702365135	1.11107308679757	987	0.422822628952636	4	2	2	-6.76141781812477
chr7	56620973	58091549	0.0727872451105496	51	0.133780305710812	0.808239748889008	1513	0.325947296558556	3	3	0	-6.78285685124385
chr7	60958059	63647623	0.140899368913834	44	0.172647808721214	0.773414773268725	914	0.351185423065972	3	3	0	-6.81217115911708
chr7	63715336	65105202	0.0778923379805373	68	0.0698846660549002	0.716463871482011	2980	0.224264700153634	3	3	0	-6.77050710549046
chr7	65499126	66076198	0.209733114585812	44	0.11413480726023	0.671976834555509	905	0.262324876303262	2	2	0	-7.34635251602
chr7	66087510	67017743	0.0911904038712696	65	0.0928964994786381	0.669026997612058	1937	0.26448474356013	3	3	0	-6.83972106186534
chr7	67019495	67304255	0.498450338958786	24	0.14409175191875	0.64514761503786	424	0.224062617682654	2	1	1	-6.83587972387974
chr7	67320042	75987490	0.0852497550694399	217	0.117630887469989	0.681163168431575	13232	0.306377441494524	3	3	0	-7.20561433976295
chr7	76440585	77000309	0.498937518414785	12	0.153163286802818	0.679163153346085	523	0.275557534370315	2	1	1	-6.95209692787034
chr7	77002192	87578939	0.0763801139413782	161	0.0769378802824737	0.776759244006596	8979	0.276515247547254	3	3	0	-6.8388200457541
chr7	87908218	90329001	0.498733484823839	48	0.103921478813887	1.31799160066199	2751	0.576139309239559	6	3	3	-6.74101054622399
chr7	90340564	92518899	0.0673554840237786	59	0.064353808156133	0.72392620721375	2695	0.256604232914485	3	3	0	-6.79292975916911
chr7	92534315	104934340	0.396568523117857	1129	0.115018338120284	1.63204298422813	62978	0.673700178525918	7	4	3	-6.81135160005946
chr7	105063844	105485062	0.498071414216582	19	0.160625531605373	1.90027163448012	2551	0.897758075493643	8	4	4	-6.73419311778518
chr7	105491402	110021611	0.375874776469904	193	0.121183571978399	1.78765383404489	12962	0.927766786013168	8	5	3	-6.73554094200196
chr7	110206969	142257604	0.073748443325597	646	0.0715729895872549	0.795005947130079	40159	0.287935142857316	3	3	0	-7.44637668033219
chr7	142345615	142353392	0.499005985015781	11	0.0865924624055382	0.992157512566972	103	0.168283228525173	4	2	2	-6.73330725201583
chr7	142353982	142463142	0.0630926555096271	32	0.0285236178314313	0.972854233749157	403	0.228578279265517	4	4	0	-6.73591683866996
chr7	142463487	142507620	0.498262777977833	26	0.160728150806069	0.882785496185649	267	0.135215730163496	4	2	2	-6.74284454777636
chr7	142512116	142773135	0.0639755180368008	23	0.100711245353791	1.01268889611701	797	0.27426757613502	4	4	0	-6.73942301901294
chr7	142773267	142773976	0.394531062189319	10	0.0479148550382168	1.34104104627851	51	0.26197639917651	18	11	7	-6.74112863370419
chr7	142774347	152205072	0.0688503594278538	366	0.0777236482604528	0.848980485974061	18877	0.282936455641995	4	4	0	-7.6253873690334
chr7	152231598	152410768	0.498683565936258	80	0.115211393489852	0.828514246888784	554	0.280089230275277	4	2	2	-6.7619952104031
chr7	152414791	153144621	0.0978839653179076	35	0.145350072918726	0.806820324479087	1010	0.346820731300331	3	3	0	-6.75873350710152
chr7	153225947	158138571	0.0757744774184087	181	0.069008249878246	0.868869472055823	5660	0.313917737037853	4	4	0	-7.02193648777236
chr7	158147509	158274386	0.149238547755694	20	0.152171336951062	0.907891305072368	161	0.290186275311018	3	3	0	-6.87738505422674
chr7	158390117	159138060	0.053758780622584	33	0.0554481398436522	0.810543161857423	1659	0.255802462363836	3	3	0	-6.93700777484472
chr8	300486	17144598	0.145284294777948	526	0.110474344944065	0.439412564756706	10032	0.161260272858164	2	2	0	-12.4596253005347
chr8	17197739	17997270	0.499138075077858	57	0.0757184924589141	0.797169840247664	1997	0.264517680326683	4	2	2	-6.95693795137305
chr8	18010520	22289820	0.135943159021696	137	0.101449044078491	0.432127563737812	4351	0.13990876778753	2	2	0	-10.2692902714812
chr8	22310100	42178946	0.112197803022785	347	0.0846431017965892	0.539507521254023	22631	0.204824222528015	2	2	0	-6.73724459550168
chr8	42297841	42774789	0.0239968892766652	154	0.030065932838685	12.4076264563894	15483	7.38268454590407	12	12	0	-6.74571843752332
chr8	42782697	43192450	0.0542854743952843	9	0.169252605428822	3.10320111124481	1947	8.2248817420836	20	19	1	-6.73502188662998
chr8	46248061	46735308	0.00267929319146376	31	0.0132592025255256	13.0393013664269	2881	8.10527888100383	20	20	0	-7.18121162095469
chr8	46931279	58689772	0.498783592661321	200	0.113614449745421	2.31954127786071	13466	4.77534597668324	10	5	5	-6.73383613998367
chr8	58865998	59081313	0.0182176096222675	35	0.0175739493990108	14.7341911028838	1621	8.57744336781736	16	16	0	-6.73680887308181
chr8	59223955	125387839	0.357000821744083	1610	0.103998355465928	1.06513949472049	77934	0.462258939638692	5	3	2	-8.13345616219918
chr8	125400717	145055416	0.412728505021218	948	0.0968253445795862	1.19901916594937	41004	0.474353036337326	5	3	2	-6.77203090869555
chr9	117506	38800511	0.110347892329007	851	0.0858118633162635	0.543901426952232	34672	0.188378963117557	2	2	0	-6.74843350980031
chr9	38972707	43038706	0.498623255764183	238	0.146118915466164	0.677894687995389	1937	0.319672045682264	3	2	1	-7.45665581108989
chr9	61562455	68333969	0.470058514650144	155	0.149238901943737	0.807458293428296	1760	0.395132111970319	3	2	1	-7.17660245478772
chr9	68377180	138175475	0.498920198869219	3011	0.0859623889909096	0.966714837626666	149971	0.34985234491717	4	2	2	-6.75907694711798
chr10	47663	38296247	0.106006332029204	972	0.088581061342909	0.53752520661852	36606	0.198616932367373	2	2	0	-6.76938432555229
chr10	38527669	39967657	0.498464484930022	28	0.145045600383039	0.562285206735953	221	0.247321081426505	2	1	1	-6.75322575937109
chr10	41858411	42280334	0.43068124951032	49	0.133145210611736	0.669091628542326	560	0.319937154090804	3	2	1	-6.92493044580436
chr10	42337130	46522169	0.1117616858426	117	0.109254490830255	0.53533024687187	4935	0.177231085801836	2	2	0	-6.74376902505906
chr10	46522242	46584599	0.49911309765077	31	0.0909054335530191	0.552319198302129	188	0.113531273650531	2	1	1	-6.73423960764781
chr10	46756488	125899490	0.106579078800972	1729	0.0882306422677432	0.543040225500326	88928	0.189208171474872	2	2	0	-6.75030497501293
chr10	125904846	125917955	0.498479588362946	9	0.170594385735418	0.704678349280349	32	0.162880918306556	2	1	1	-6.75359870386938
chr10	125997444	133272250	0.104601216795018	187	0.0758118492726472	0.577418018294475	7079	0.191860746879669	2	2	0	-7.19930946080556
chr10	133289807	133787225	0.498153265990754	12	0.174989588434872	0.562504352529122	1320	0.191127609857451	2	1	1	-6.74499681996507
chr11	193112	50422246	0.351410267906803	1789	0.0944707088209063	0.890394050005227	92977	0.296101211728765	4	3	1	-8.48227734889812
chr11	54591999	59121958	0.498942162851656	215	0.0865588050594441	1.14513210341974	11789	0.353310532031452	5	3	2	-7.30749841404562
chr11	59279530	66715794	0.0969409927697492	368	0.0664036142680268	0.598296809761218	31635	0.174491709821176	2	2	0	-7.96817571182014
chr11	66923061	75620235	0.485051384628715	643	0.103007439366939	1.22957226722084	35489	0.496919787336449	6	3	3	-6.99939642557394
chr11	75648282	80709219	0.347326343611179	398	0.10926828820794	1.6496594259364	15063	0.77925306805227	8	5	3	-6.83284546063869
chr11	80787779	135057684	0.0902907928664978	1132	0.0835120003435752	0.633983020358748	61445	0.209804040570186	2	2	0	-12.6831372984991
chr12	12332	56101	0.221160865492855	19	0.120826466834545	1.5645047873321	107	0.607516724126553	10	8	2	-6.74222732477851
chr12	56312	34523014	0.355500991529238	1426	0.0960433837733996	0.754298794472545	56604	0.26784478791635	3	2	1	-6.74499577983664
chr12	37418138	39442823	0.268275501284406	49	0.118919758718244	1.66102478687717	2140	1.27694374053814	8	6	2	-6.73735932736256
chr12	39451551	57455985	0.362769706718158	867	0.0954643534591749	0.736277510108426	52166	0.235362255127359	3	2	1	-6.79776290589552
chr12	57516879	57916590	0.218531152600781	47	0.0887088180175993	2.01281649829585	6214	0.72658538709839	10	8	2	-6.73715639449064
chr12	58115397	62623154	0.31151398304635	61	0.087992858627271	0.840157597924366	2582	0.580289197547733	4	3	1	-6.93357192466333
chr12	62643419	63378259	0.22508440515853	31	0.0923777890727987	2.01711523192237	1573	1.44956437417999	10	8	2	-6.73945431041839
chr12	63589023	68331171	0.394616423581108	94	0.10348670030609	0.752877910500792	6045	0.27229715688762	3	2	1	-6.796258907505
chr12	68460721	72048924	0.194693110682829	322	0.101724361092104	2.42402534028704	16334	1.45937241692881	11	9	2	-6.73375358065842
chr12	72272708	104100377	0.364211565965718	594	0.103516190109562	0.769994845602468	32330	0.276303264773486	3	2	1	-6.90416011263363
chr12	104151141	105416702	0.197887843595329	127	0.100914785961953	2.44756436951609	6426	1.33795503562484	11	9	2	-6.73310082133036
chr12	105510188	113672584	0.355735380798485	345	0.107404819323999	0.746672880557545	21228	0.575444129147188	3	2	1	-6.73474640245149
chr12	113674922	115036829	0.185356078251754	186	0.0979860200634244	2.50796644819119	5080	1.63567732655149	12	10	2	-6.73419340163177
chr12	115106244	115566426	0.470787147295599	14	0.106987418383227	0.780229260944183	202	0.423388257245731	4	2	2	-6.84183923418455
chr12	115627692	116556152	0.180215464190901	76	0.116015975911366	2.29862653076678	3603	1.17718933990767	12	10	2	-6.74037112872835
chr12	116575925	120784693	0.363860855952544	195	0.10433543781696	0.711152944580438	9303	0.25588656151662	3	2	1	-6.83993467761657
chr12	120802759	121053149	0.21875935544898	62	0.0752700830645739	2.19001100068211	1997	1.32375119076226	10	8	2	-6.73339759689177
chr12	121055901	133231689	0.358343696833808	785	0.0979391278011608	0.732711216737711	26802	0.250271964525326	3	2	1	-6.79530969431188
chr13	18177561	41119457	0.498854074244921	713	0.0897715849780292	0.899165069151471	33929	0.337756687744662	4	2	2	-7.18677920136011
chr13	41120137	52481509	0.393331403824364	430	0.103392963207829	1.09282104477578	21097	0.439862304600661	5	3	2	-6.89719789648933
chr13	52597182	114325598	0.498883838315551	1214	0.0906728307502449	0.929275968868049	48272	0.367107962493404	4	2	2	-6.9826437755079
chr14	18330642	106874867	0.498883704177883	3067	0.0944945045754415	0.833581044893725	149180	0.296314450558196	3	2	1	-11.3415480271504
chr15	19876640	23641499	0.498727135155846	430	0.122529990775096	0.90285911636412	7674	0.32640464092398	4	2	2	-6.80750150863013
chr15	23666574	37449907	0.124818973702459	343	0.108282422616764	0.475423841948395	13339	0.169201066927909	2	2	0	-9.63551030111702
chr15	37941180	37966807	0.411188242316546	12	0.128918461428027	0.117070098519256	55	0.0641914592009205	0	0	0	-7.01925727360954
chr15	38298521	46424455	0.133840564690365	488	0.0975864550970046	0.436588377212716	20339	0.13954719713146	2	2	0	-11.5016040295001
chr15	47019982	101915195	0.374398813962066	2606	0.0982211201879895	1.07546668976361	125207	0.399565725607768	5	3	2	-7.94190723713194
chr16	35667	29898008	0.498898815743499	1971	0.0940263526933341	0.936655884351914	90672	0.333593300055486	4	2	2	-6.81608871363148
chr16	29967891	30637659	0.109813221565936	21	0.0808366371440692	0.509850744376008	2987	0.162800272400525	2	2	0	-6.78973195732442
chr16	30733505	36162586	0.498795033537789	210	0.116842887190797	0.899210259487459	11663	0.271211413535852	4	2	2	-6.90739411552956
chr16	46383753	47071597	0.498622591276758	86	0.125686993690823	0.963512449125583	4092	0.296882071229003	4	2	2	-6.73323882093888
chr16	47596628	49118988	0.084319050037683	40	0.0890540602163969	0.5365986304066	1664	0.164547214408749	2	2	0	-6.80611261555518
chr16	49378620	50294615	0.498273900791587	23	0.161455019495084	0.911408268772087	1585	0.341443622703812	4	2	2	-6.74494749229205
chr16	50304812	67376620	0.498883583250665	469	0.0945184714668804	0.954984979671347	31289	0.360914694059367	4	2	2	-6.73406554247329
chr16	67431632	68618573	0.371999962663985	44	0.146770439255742	1.30223428910687	9466	0.48826887960411	6	4	2	-6.75733700772968
chr16	68621375	71642268	0.498933115777341	193	0.0900621505085873	0.880528186378554	11851	0.306148888510337	4	2	2	-6.86859190857619
chr16	71644072	72132087	0.315211606334295	125	0.092402170062494	1.29396185859859	4212	0.475826473545116	7	5	2	-6.79657468405527
chr16	72143843	78691117	0.498801979258302	299	0.0905538616682545	0.95007781252718	11836	0.39758231318961	4	2	2	-6.73498575220096
chr16	78726216	79191295	0.258186915836837	22	0.136194793017287	1.98693201066469	832	1.2351676892527	8	6	2	-6.73770466297829
chr16	79211568	83747999	0.123893191684171	227	0.0881005756749187	0.980040149710706	6346	0.533117920781255	4	4	0	-6.99487983163201
chr16	83906875	90095474	0.101484708160024	466	0.0985622127570286	0.536688955275695	14132	0.172423913230565	2	2	0	-6.75389708988342
chr17	137603	6935336	0.483440455959463	884	0.0936224592869254	0.914727072018277	29609	0.326638468391892	4	2	2	-6.83345466591605
chr17	7012082	21267571	0.108125606834366	590	0.0928238437078091	0.524029303888972	33867	0.169364438020484	2	2	0	-7.03842590508994
chr17	21290899	21490899	0.498772860289754	150	0.0936338246021153	0.540005721376869	526	0.152043223708892	2	1	1	-6.73316830832683
chr17	21504469	22204047	0.49854933641862	128	0.14057210838221	0.595629448700766	671	0.212845343395351	2	1	1	-6.81629431667769
chr17	25074459	29356516	0.427570453642304	152	0.0877017784990682	1.10287783588152	12285	0.375045947792049	5	3	2	-6.81258258660969
chr17	29374071	29750664	0.0950300705014059	10	0.0688666989351328	0.621622802090478	1406	0.354704117923624	3	3	0	-6.81370958316695
chr17	29993230	34287423	0.45070238490604	271	0.103616080384535	1.12512422957707	12552	0.468311886222985	5	3	2	-6.83674026636857
chr17	34320525	83158687	0.380007569553294	3184	0.10184378080574	1.06594822008073	185326	0.395829354339158	5	3	2	-8.02144900136862
chr18	48104	15341512	0.498867568575256	634	0.0999565305373775	0.960899710184026	24359	0.368616490776484	4	2	2	-6.73359700352572
chr18	21070631	80250865	0.498885403062621	1491	0.0952793536647069	1.08287572787098	71497	0.448359925909911	5	3	2	-8.05820062490393
chr19	261438	24394204	0.49673788348837	3806	0.0853185779799819	0.984267341745303	143800	0.34003691083967	4	2	2	-6.82202206701416
chr19	27867463	58417827	0.418747052724993	4103	0.0949522214500803	1.10057227931238	180726	0.376072391402568	5	3	2	-7.14972604616671
chr19	58423161	58571468	0.0870902475913986	19	0.0469551235301431	0.758881471664048	1218	0.206156694145465	3	3	0	-6.73780614598575
chr20	96321	26110592	0.498855724359439	1143	0.0939633214722238	1.08675881455772	45339	0.418738971170512	5	3	2	-7.6383049732833
chr20	28559257	31319593	0.470559318397099	647	0.131517186855791	1.00983535954486	4062	0.472005963388184	4	2	2	-6.78326366826247
chr20	31377211	64327831	0.498886315441928	1781	0.0923958752005237	1.05971731692146	93914	0.398034096704305	4	2	2	-7.78681280438015
chr21	5218123	13113237	0.427792257239689	725	0.128065458635657	0.878387138973784	4814	0.388065705305638	4	2	2	-7.14751598946773
chr21	13255471	46541721	0.498906174108052	1420	0.0885402383786435	0.97450394023365	51837	0.370002092096525	4	2	2	-6.77378887128847
chr22	10685500	12797464	0.498718384721887	588	0.129762787552918	0.947289669551797	3087	0.401784592628714	4	2	2	-6.73413896951668
chr22	15552090	50808263	0.308755608353739	3238	0.10359143477581	1.26389325095837	143286	0.489735693144106	6	4	2	-7.390281638615
chrX	260275	52862710	0.379707363951004	312	0.110104719292906	0.952938357989069	35816	0.326708182983129	4	3	1	-7.17709971944209
chrX	65956689	156010162	0.498466891213561	53	0.15944514869594	0.995802857319997	52258	0.329771241378617	4	2	2	-7.38778907395632
chrY	3852176	11986761	0.495886767923877	129	0.130475078555374	0.71483606996815	2021	0.276548050503153	3	2	1	-7.45672948724247
chrY	26436990	56884113	0.409148944067948	201	0.118808393550748	0.775471235905909	991	0.336786002286869	3	2	1	-7.00622332304794
