chromosome	start.pos	end.pos	Bf	N.BAF	sd.BAF	depth.ratio	N.ratio	sd.ratio	CNt	A	B	LPP
chr1	65898	121375092	0.498904342755283	6902	0.117502558160178	0.628504435781175	258314	0.269764216133607	4	2	2	-6.82959757823162
chr1	123926271	196832060	-9.96858466678907e-05	2902	0.0483326786555306	0.935500754979706	135490	0.378553634203293	6	6	0	-6.82643157670444
chr1	196850290	196923823	0.497870397144936	9	0.229184484155838	1.07889353698573	244	0.316759406098624	6	3	3	-6.73994209757126
chr1	196951048	200998362	-0.000168746438417688	143	0	0.96990922685269	7886	0.413863444472038	1	1	0	-Inf
chr1	201047168	201209837	0.498816917152806	9	0.205513651885005	0.794717769595323	935	0.2956995245817	6	3	3	-6.76928735233357
chr1	201279849	207505884	0.00240132861289688	588	0.00417473184829501	0.922639725728493	25304	0.395728858436218	6	6	0	-6.94878973897544
chr1	207552655	207587428	0.00774542815586143	9	0.0603650929299744	0.906371307846721	170	0.376178439868169	6	6	0	-6.74324929797851
chr1	207607240	209101962	0.000285508007893731	72	0	0.949921192260467	2483	0.411633076112515	1	1	0	-Inf
chr1	209117867	209524762	0.0722672589324058	9	0.0895271529264229	0.935104756638929	307	0.4083246363939	8	7	1	-7.06812846870709
chr1	209605392	248945478	-0.000592577513882087	2397	0.0496931231901845	0.976530149497197	89475	0.417844636881883	6	6	0	-6.81839019122491
chr2	92991	11415418	0.338615328885308	505	0.114242147793831	0.95759885404709	17074	0.414959652640822	6	4	2	-6.73560164614188
chr2	11489165	11819779	-0.000844488821657441	18	0	0.632180720532908	1097	0.237552342388743	1	1	0	-Inf
chr2	12215412	73879187	0.326243214847531	3220	0.11749541898626	0.961934698194099	125293	0.418855779578651	6	4	2	-6.75722640247913
chr2	73901264	89244990	0.46829667656098	531	0.122216585237596	0.622460350360313	20335	0.271594574085873	4	2	2	-6.82053796465129
chr2	89245365	92012900	0.338702494762334	152	0.144962701029566	0.647636677029335	2438	0.309947744303353	4	3	1	-6.95663198685605
chr2	94190317	95939417	0.397907515705599	55	0.116027809275417	0.646722705049676	2688	0.277361800822302	4	2	2	-7.16967675540341
chr2	95939448	95957270	0.267361854978887	51	0.125819768389737	0.61874109339173	153	0.254889937092385	4	3	1	-6.7445402682018
chr2	95980545	242012696	0.498901913415204	6229	0.119245560799154	0.639202166666922	220954	0.264273676061535	4	2	2	-6.79349943979273
chr3	13132	75599416	0.498887196833886	3487	0.117059407201602	0.625245933205645	134599	0.26486655795316	4	2	2	-6.87699352517471
chr3	75630742	75996267	0.140281409453909	132	0.1516997249765	0.560964367047698	656	0.27786988367957	4	3	1	-7.07461244001379
chr3	76126136	90234713	0.450231202890549	211	0.106368801836169	0.670389885452586	6221	0.287712204515522	4	2	2	-7.15207117703606
chr3	91344437	130078459	0.498876642959479	1662	0.105459926910275	0.642180961281013	52985	0.263853194475032	4	2	2	-6.77786866639955
chr3	130083158	130086433	0.0143416894065842	15	0.0703731550548997	0.457419617095441	27	0.274609419600518	3	3	0	-6.75788782546431
chr3	130086437	198135491	0.498882656119077	2953	0.117222103139948	0.646029431448046	94991	0.275581621421107	4	2	2	-6.89514160953165
chr4	46210	49061855	0.498870976446442	1972	0.118617988517018	0.642130595484444	64456	0.278723519948736	4	2	2	-6.78312806049382
chr4	49092775	49154530	0.302353595554137	9	0.181620789314195	0.169855705523347	79	0.13017421103692	1	1	0	-8.06616007123919
chr4	49157790	49629342	0.299940265003651	75	0.135981295746116	0.645702376965541	452	0.298303763262384	4	3	1	-6.81381342984607
chr4	51838815	190179679	0.498894749318363	4657	0.12267807015436	0.661402174514576	147105	0.277163652741043	4	2	2	-8.15969253092158
chr5	66453	462441	0.105119398514629	102	0.160679282663651	0.753293658053567	1346	0.612318404466892	6	5	1	-6.85437094065467
chr5	462880	805437	0.120923893363926	100	0.121539784399674	2.46812629614277	2279	2.69085511309575	17	15	2	-6.73369041575663
chr5	813069	927510	0.0500607057924956	54	0.0413393009826032	5.34835515371972	2372	3.16973057408417	20	19	1	-6.7348916570957
chr5	928224	1101796	0.0383236609448227	103	0.0873538375652102	9.60966710407204	3551	7.98773109982144	20	19	1	-6.74573335942608
chr5	1105713	1289018	0.0529425720208305	33	0.0358309107708228	5.1671656713039	1648	3.06773901817471	19	18	1	-6.73646429767242
chr5	1302029	1634098	0.168419999517866	61	0.0809303417673448	1.70006631018733	1708	0.956042055751703	12	10	2	-6.73611496864781
chr5	1674466	1964843	0.050638866580467	94	0.0639617867000181	5.50886934896706	1631	4.6953605724373	20	19	1	-6.73549164125398
chr5	1973210	2868494	0.184921381040273	36	0.137931415554345	1.2618935353395	647	1.09277737685062	10	8	2	-6.76372329858682
chr5	2926271	9066752	0.00287071846175624	141	0.00261067095530621	0.326796785236014	3378	0.160560007726601	2	2	0	-7.50254787240407
chr5	9122778	9291666	0.0267823525678652	9	0.192555836058012	6.72290251950134	420	7.04510911748257	20	19	1	-6.74289023691715
chr5	9354902	9458199	0.0121135581266076	12	0.017103960200651	10.1021582554974	387	8.19737777841638	20	20	0	-7.02106436666416
chr5	9469338	11045728	0.498649604579157	48	0.116217192045542	0.606635784525987	1858	0.253264860254819	4	2	2	-6.76324166565964
chr5	11068642	11745064	0.00202711158677749	14	0	0.383671235281186	359	0.218711012122697	1	1	0	-Inf
chr5	11881590	13614115	0.0452042536694776	130	0.0498456227380291	6.81644914115622	3828	5.93209130509369	20	19	1	-6.75579024519525
chr5	13638374	14642790	0.100736601870732	167	0.0668286635292099	5.02939497187378	7225	6.98108562860347	20	18	2	-6.73572227918324
chr5	14648095	15109424	0.199634317659351	53	0.109561475807567	1.86623140783141	1497	1.21331022223321	10	8	2	-6.73797540993398
chr5	15335452	16906804	0.0280032106207666	33	0.175198804825036	0.460027979011916	1113	0.293757583182058	3	3	0	-6.76112836573107
chr5	16915792	17024414	0.0369209404551138	54	0.038928664893422	7.21131886990864	1843	4.32260042931543	20	19	1	-6.8023526332598
chr5	17048910	18467878	0.0819789160826859	33	0.105571344180707	1.02820774185232	911	1.09927611518839	9	8	1	-6.85350236735758
chr5	18535482	19785379	0.272581879247957	25	0.098145266484601	1.08141189449873	689	0.595770182102862	7	5	2	-6.74527449917549
chr5	19873983	22326479	0.0298020485229136	46	0.113994821477432	0.398678719091153	967	0.253314830970634	3	3	0	-7.42050309034809
chr5	22376610	22739766	0.0363589918880114	41	0.0381195327947209	9.05874228325803	963	6.69872943761015	20	19	1	-6.81423208076282
chr5	22872333	25190563	0.0138313402158695	33	0.0640317895717243	0.429114100296385	953	0.805899726746038	3	3	0	-6.78390019576375
chr5	25353576	35904512	0.458514582660964	403	0.113379832347823	0.740376003957067	11209	2.87815622163966	4	2	2	-6.83035072735799
chr5	35910317	36348675	0.187511728932228	41	0.0821704207655072	1.5606156744241	1717	0.80623754584724	11	9	2	-6.74098132236787
chr5	36353358	37333625	0.498858447692669	33	0.121029986266865	0.797077677046819	2687	0.439677166930122	6	3	3	-6.82771192000195
chr5	37341400	37384537	0.0798156479774825	17	0.0562063556171783	3.39233105616504	836	1.8354627365631	13	12	1	-6.7365183091889
chr5	37389654	38985066	0.0131086956079254	82	0.136462618953231	0.652846813796979	2286	0.278014780951057	4	4	0	-6.74832203801116
chr5	39051505	39879817	0.0349130204426553	125	0.0428290495326591	9.36158594000546	5326	6.90021964164804	20	19	1	-6.81876151024661
chr5	40121385	42136695	0.193977871814841	112	0.117012847307492	1.49708888130557	4212	0.82341569808586	10	8	2	-6.74066556293205
chr5	42275513	42363426	0.0564703059922798	15	0.0477989838505261	4.88236513221034	204	3.10741356145593	18	17	1	-6.73481881900698
chr5	42379855	42810605	0.320878958650537	12	0.147636198033196	0.993979025299103	648	0.355548943298897	6	4	2	-6.74107520256908
chr5	42832310	43069898	0.0675400261657754	59	0.063538296619807	4.26971620279555	1098	3.79895068251162	15	14	1	-6.73651345198282
chr5	43072405	43485481	0.0359903006101062	142	0.03426540996177	8.60475640205726	6317	5.09131188714855	20	19	1	-6.84118507435041
chr5	43493014	44305207	0.092593890476842	62	0.0767275237657635	3.68104661171398	2094	2.13566629390672	20	18	2	-6.74096260070499
chr5	44337588	45423881	0.034768415929487	120	0.0417900908670688	8.70242779878029	4330	6.38621198315751	20	19	1	-6.82791174394817
chr5	45447482	46206800	0.0203008515193378	9	0.20402049189018	9.88985994042226	795	11.0172463497453	20	20	0	-6.74380931189238
chr5	49601562	49659893	0.0470152002876858	12	0.155395390127015	0.0406455413862335	26	0.0403485010683363	1	1	0	-14.7670588246572
chr5	50273784	181292406	0.49889827824219	5363	0.116706896636239	0.639965453232432	181857	0.274031728552462	4	2	2	-6.80212739823009
chr6	177961	29927438	0.315981125903512	2426	0.121003616211939	0.956968753612017	62014	0.423388541427283	6	4	2	-6.74789100045451
chr6	29927764	29945749	0.259591108969182	74	0.14851466244491	0.583442137531408	226	0.250187937264774	4	3	1	-6.73675594955463
chr6	29949896	32460012	0.329827429495867	870	0.108939119472233	0.90666606129683	21212	0.32297317315691	6	4	2	-6.76803016837176
chr6	32521873	32600761	0.0510713461896689	52	0.0536475003951026	1.00334860747936	270	0.301021141299567	13	12	1	-7.12902919942664
chr6	32674273	57355061	0.333825627315008	1980	0.11975932741088	0.935905719240679	72861	0.3802382673427	6	4	2	-6.76317609279974
chr6	60254368	90740056	0.331823963618181	1065	0.110632907420822	0.986384270297381	38810	0.400692246141374	6	4	2	-6.87211579952384
chr6	90876975	170640200	0.00108507145122022	2807	0.0333129439341416	0.649086110066281	99006	0.277791888505735	4	4	0	-7.02771636040958
chr7	31504	58091558	0.332423473917593	3285	0.119306959058147	0.95088832527551	110729	0.412843879603029	6	4	2	-6.73341775556488
chr7	60958181	67821059	0.329411419612203	536	0.147576960200074	1.00810558587629	15279	0.433603933442546	6	4	2	-6.80406600280723
chr7	67831461	78425303	0.330668805796033	1104	0.123445485288751	0.960360535265787	33759	0.447534846693168	6	4	2	-6.73565424306515
chr7	78486597	79004777	0.00201723472078708	13	0	0.337133650320349	189	0.198429513316537	1	1	0	-Inf
chr7	79032254	100952148	0.332394842191907	1187	0.111148765215155	0.955008810022912	46515	0.392714880130617	6	4	2	-6.73384474330114
chr7	100952233	100959720	0.16621642665096	71	0.118484798539346	0.773189942910231	516	0.352942346913203	6	5	1	-6.73460097037464
chr7	100959888	112195273	0.303689442514044	947	0.125045800878849	0.998914729310388	30477	0.398166862760358	6	4	2	-6.86280051174771
chr7	112277372	152402159	0.243698601676388	2728	0.111045364319559	1.26965173662652	103534	0.552045392121985	8	6	2	-6.73496204456208
chr7	152403128	152410761	0.093802641719095	77	0.160805660209565	0.49314892346141	173	0.320096470516135	9	8	1	-6.79009361699609
chr7	152410768	159260919	0.248816720768947	522	0.118554815137148	1.27086390826513	15604	0.574904921214352	8	6	2	-6.73310343986012
chr8	311290	12185530	0.00110206605254082	608	0.0801257537262052	0.312456154397777	9838	0.160154355454819	2	2	0	-6.8002842753212
chr8	12197234	12584819	0.294008908561758	45	0.16215164058823	0.372012357257108	361	0.189895201614426	3	2	1	-7.13679022792907
chr8	12584927	43815666	-4.65387164407249e-05	977	0.0187999931699927	0.312653192662169	38370	0.148978316218886	2	2	0	-6.91732628793397
chr8	45952307	145055416	0.33659292811872	3435	0.11544752273602	0.96410078773033	149162	0.421094944711505	6	4	2	-6.78532598735605
chr9	12839	38620378	0.498868625713591	1825	0.12037311460679	0.633807199226689	51592	0.272674341014095	4	2	2	-6.73378476366167
chr9	38631832	42986133	0.498659463664265	354	0.145184388671927	0.661940248506633	2994	0.290198692347879	4	2	2	-6.78713086939505
chr9	43138921	65385796	0.495510689887604	133	0.160710934067985	0.650622889484573	1385	0.297300960057637	4	2	2	-6.82413135784513
chr9	65390880	138214444	0.498890703014012	3980	0.117801172949447	0.620872348612148	145823	0.265876435599031	4	2	2	-7.02123979409969
chr10	47663	38982252	0.498856797824789	2095	0.123297378874614	0.649357511179455	61079	0.28935415928964	4	2	2	-6.87396874878397
chr10	39967657	42391788	0.498249657283711	45	0.158939080509267	0.855052964048246	470	0.516114983722963	6	3	3	-6.79560318410245
chr10	42433475	45021899	0.44512958459547	116	0.102945418282832	0.621361093984259	4016	0.255796821873173	4	2	2	-6.90960278610624
chr10	45060384	45321750	0.00201723472078708	13	0	0.467103684655861	448	0.974546214668452	1	1	0	-Inf
chr10	45396036	63513635	0.498792356763852	729	0.123133103621996	0.625391144255731	19460	0.573618606179349	4	2	2	-6.74038242206339
chr10	63577381	64104092	0.0852699501986746	38	0.132494719291426	4.50358146839565	1219	3.08938800813194	20	18	2	-6.74448857966025
chr10	64196006	64641710	0.0268171944040345	45	0.0254000715818605	10.9093345293824	1877	8.03188645865786	20	19	1	-7.2016399971391
chr10	64643465	64752114	0.118415277592356	12	0.0777400485690301	2.86421168375943	132	1.58180441613582	17	15	2	-6.73318174247374
chr10	64822258	70324158	0.498811364766496	372	0.111186372558228	0.646540729703543	10903	0.272953117185988	4	2	2	-6.74804611853906
chr10	70356653	70658203	0.0569471750707138	49	0.0654214294812804	3.97332140066302	3020	2.15550992914464	18	17	1	-6.73753979335122
chr10	70670041	72018882	0.0411230032777907	588	0.0353071408922591	7.32710645848673	20582	5.69271870306319	20	19	1	-6.78814993336031
chr10	72020736	72063261	0.196246442373675	9	0.131438621078856	2.33828218873853	235	4.01087811984295	15	12	3	-6.73351950630138
chr10	72066577	72163462	0.273796297970818	13	0.110908659577288	0.849705311464748	385	0.314517665489177	7	5	2	-6.78185451202608
chr10	72164239	72190800	0.16158129424975	10	0.0706915050687767	1.86308564419162	122	1.13381288887664	12	10	2	-6.73613905191019
chr10	72196795	73239235	0.499048463887687	135	0.0894111638382225	0.674047364814594	3095	0.309390097699218	4	2	2	-6.75657122208025
chr10	73240450	73256686	0.237308941583549	15	0.0916487601557994	1.2048672108885	281	0.349752095551483	8	6	2	-6.74473046496556
chr10	73261737	73300620	0.498613567422468	23	0.126364661468245	0.799231114106787	266	0.436490562287542	6	3	3	-6.73685227009106
chr10	73304143	73407352	0.0412625916625218	104	0.0354899348299557	6.49287268589029	2287	3.00670499708571	20	19	1	-6.77268537206559
chr10	73411567	74039906	0.0259916291433873	247	0.0243285161744982	11.4715380684941	22790	6.30446664860333	20	19	1	-7.28251323523851
chr10	74046519	75064263	0.241773676057196	99	0.105676948283316	1.25789478755487	3506	0.560212022193567	8	6	2	-6.73682796716305
chr10	75070006	75403257	0.0612307314913039	137	0.0515986832105208	4.96213719115366	4774	3.83624567436172	17	16	1	-6.73937713513185
chr10	75410654	76345324	0.199543518752995	27	0.122363418830165	1.67325734234432	1043	1.04859425228374	10	8	2	-6.73446990395772
chr10	76361072	77559873	0.0981957896760791	56	0.0489061352484028	3.0757365153493	2731	2.61908980659823	20	18	2	-6.73394947223309
chr10	77577367	77897570	0.160921221443892	57	0.0750351546682635	1.60135598730134	1742	0.800486258559924	12	10	2	-6.74553164542484
chr10	77912002	78474397	0.0941289814556325	49	0.0797662081284028	2.72023066702499	2731	1.2410675181042	20	18	2	-6.74148387419064
chr10	78521979	79685401	0.352823248444864	79	0.111100128527871	0.88940773698713	1951	0.408233406793615	6	4	2	-6.77083178705266
chr10	79694110	80033814	0.266688760891153	35	0.114755619038199	0.89340319915836	570	0.340165355515825	7	5	2	-6.83190986077243
chr10	80034943	80256470	0.362649433614902	57	0.0905604452042335	0.889451892035799	906	0.417834066108282	6	4	2	-6.79878536534332
chr10	80257591	80432369	0.0159461669192444	15	0.112316517040015	0.385913691539394	363	0.207581490215976	2	2	0	-6.8367158040521
chr10	80509482	80915395	0.498454311436253	17	0.126103015777718	0.640220070362027	459	0.328014649661906	4	2	2	-6.73328595623719
chr10	80938186	83656108	0.0163581659068454	32	0.101907883570757	0.384219518562223	853	0.26043843665468	2	2	0	-7.51868764669859
chr10	83751343	86117645	0.498790860947498	92	0.111120705881851	0.684171702489967	2302	0.354472535456706	4	2	2	-6.79593453273529
chr10	86126275	88768742	-0.00193660160695325	107	0.0362526183392124	0.325321202691888	3245	0.16841938075117	2	2	0	-6.76868908710208
chr10	88770903	89573346	0.499185742413243	48	0.0688061827174117	0.637451006955061	1756	0.20396807552757	4	2	2	-6.73332095365885
chr10	89581616	89820712	-0.000943903889761066	32	0	0.318833666519785	477	0.137139433728684	1	1	0	-Inf
chr10	89848106	90211239	0.301416255874472	11	0.118940321169904	1.03736139408322	198	0.526788680400288	7	5	2	-6.74714225993261
chr10	90293304	91959774	0.00796085407903357	57	0.104046867451963	0.363276106220274	1573	0.231486853679766	2	2	0	-7.05896648365282
chr10	91980672	104572660	0.498847590626256	958	0.115801870483244	0.628838916733913	39186	0.262271786786416	4	2	2	-6.74271868077136
chr10	104746199	105782939	0.112637413466959	11	0.133647909210596	0.734276924369974	638	0.873005812970945	6	5	1	-6.88411934116895
chr10	105786102	108383590	0.0263765589209276	319	0.0450647632827478	12.7473008631384	12045	10.2194235726651	20	19	1	-6.92224747155171
chr10	108390662	110194610	-0.00146555095731282	44	0	0.473589106763786	1026	2.11582335046282	1	1	0	-Inf
chr10	110215282	110333015	0.0337369078772259	30	0.0240350319038833	10.683800305307	1508	6.02252308900196	20	19	1	-6.99874510714314
chr10	110360058	111078794	0.470365242520444	35	0.106452514367327	0.637069482040818	1492	0.277388673717769	4	2	2	-6.77924585256952
chr10	111140652	112001664	0.12619449221806	17	0.10859209293065	1.12363332703675	326	1.25106944492559	8	7	1	-6.73801663316163
chr10	112050671	114468777	0.498795607066263	110	0.102708993184957	0.637581621048036	5383	0.239537598800487	4	2	2	-6.73360983058079
chr10	114528083	118727141	0.00232618088831282	119	0.00137504774554232	0.325047073238318	4060	0.157017732967817	2	2	0	-8.14846626384291
chr10	118784130	118891750	0.0210138092855621	41	0.0271637985418003	11.2939528797337	835	8.42946354201127	20	20	0	-7.07364966392836
chr10	118929476	119272299	0.434149407570964	51	0.122974634719172	0.623466747899401	1358	0.254902051638235	4	2	2	-6.90134128572448
chr10	119326585	121639411	0.00180275473551805	85	0.0216930457818656	0.318529127221019	2878	0.150601003889707	2	2	0	-6.73797002311224
chr10	121752388	122012131	0.0277499743200619	109	0.0245086163051002	9.98360514109286	4307	6.65848686821503	20	19	1	-7.19538506417989
chr10	122014491	125300195	0.000386381546692627	131	0.0349481622664415	0.30614458228787	4762	0.147376150265512	2	2	0	-6.84874878341345
chr10	125316454	125379799	0.0103031005630229	32	0.0125003225764829	19.082613725911	708	12.1219043935271	20	20	0	-7.11605844798535
chr10	125433620	125880505	-0.000578330410163641	33	0	0.324003989047906	1016	0.117178301346563	1	1	0	-Inf
chr10	125896691	125917965	0.38386300635665	17	0.184080405226182	0.402457881377998	57	0.214896233046193	3	2	1	-6.78569051382
chr10	125918297	126117985	0.000853381093610328	25	0	0.295586263094201	385	0.119137507690216	1	1	0	-Inf
chr10	126145997	126200816	0.0243320191467192	27	0.0707573398284668	11.3175086443208	540	7.07456162038064	20	20	0	-6.80421782821518
chr10	126217682	127280244	0.14368084590465	108	0.0868862000059336	2.33056638562614	3105	1.77324132018726	14	12	2	-6.73354799098335
chr10	127284704	129957407	0.000468053743190255	76	0.0328064499434903	0.348494752213016	1869	0.278154110557381	2	2	0	-6.9091778773463
chr10	129957484	130151201	0.367054466059142	9	0.075952470517935	0.532910439622914	310	0.245843768209124	3	2	1	-6.87339254704049
chr10	130279902	133689420	0.000621387402710838	239	0.0489065540079119	0.288108725527978	4853	0.133387330121087	2	2	0	-7.65300750732876
chr11	197337	50297158	0.498879840306273	2671	0.11529138338111	0.625214160593151	91555	0.257061040598773	4	2	2	-6.83574348277189
chr11	54636035	56700450	0.10731393333411	76	0.126339116888398	0.694343604083112	3238	0.195332304181558	4	4	0	-7.38797675700961
chr11	56700545	56740376	0.133057296019237	32	0.128805914886225	0.50407966483581	75	0.15574003286836	5	4	1	-7.08708774785291
chr11	56740404	64947308	0.498875999486196	719	0.116408930939789	0.607104368697337	32167	0.258642703581097	4	2	2	-6.87570217674541
chr11	64950781	65041695	0.208995540941435	52	0.123682869111344	1.40395038818825	921	0.983174298404555	10	8	2	-6.73704848519416
chr11	65043299	67693058	0.498757095901218	360	0.120710205412831	1.01526494295301	20730	1.12375851207601	6	3	3	-6.73827682409052
chr11	67704456	67786210	0.0759059188980346	48	0.0793556050744847	3.81244577377834	690	2.67420876293917	13	12	1	-6.73571410661592
chr11	67796585	68386225	0.498601024067726	60	0.126808699731854	0.651083091662081	1955	0.393454176879419	4	2	2	-6.73457577951063
chr11	68389697	68453603	0.119176429808241	23	0.0650650024625724	2.48830041813066	1059	1.03828262798557	17	15	2	-6.73359346343671
chr11	68469483	69547646	0.000332303850067606	79	0.117760260976437	0.618485025502713	2756	0.287668352941477	4	4	0	-6.7383033423992
chr11	69554679	70067602	0.0760974960021479	95	0.057270283134861	3.94173734888303	3546	2.83746547482256	13	12	1	-6.74913644046095
chr11	70078729	70427087	0.499315850453487	26	0.0550868963896692	0.677189998901148	1520	0.330659189154669	4	2	2	-6.741115540468
chr11	70433660	70729779	0.0990194842480556	23	0.078054455502011	1.66331502922119	1101	1.50103693211876	10	9	1	-6.73329882257495
chr11	70743857	71345338	0.0474285885991561	145	0.0584916013881497	5.83482459000743	5086	3.62274055327172	20	19	1	-6.74436741295358
chr11	71350595	71645891	0.291421291543464	44	0.119520383588002	0.940937538732698	1130	0.478864522158736	7	5	2	-6.75560957268549
chr11	71666196	71783101	0.0651095133518593	23	0.0958045399833584	3.01901454140985	400	1.80989711943313	16	15	1	-6.73411670937301
chr11	71784435	73250624	0.498749292629759	102	0.117570701001705	0.595740675654529	5224	0.244530234389854	4	2	2	-6.79173286676953
chr11	73290366	73765075	0.101966428968844	144	0.0733353199561381	2.55864196493868	4422	1.81513618852237	19	17	2	-6.73657073781828
chr11	73770972	73881999	0.058143170393431	47	0.0541324479784936	6.36457492327266	1757	6.27863179105421	17	16	1	-6.73436923404898
chr11	73893413	74591225	0.140715899454974	135	0.0920657424873428	2.44836681952985	5260	1.08723706382388	14	12	2	-6.73669652886588
chr11	74592805	74968816	0.322474817164639	43	0.102810176769606	1.00757212222189	1290	0.434132430063975	6	4	2	-6.74354592941444
chr11	75037074	75449138	0.149398952984671	64	0.0904999328575564	1.81742883056797	2635	1.28779325931398	13	11	2	-6.73687134050981
chr11	75455465	76286808	0.0599681067917532	248	0.0541621326834645	5.17106691624913	6782	3.65054846702117	17	16	1	-6.7491025475879
chr11	76286921	77399667	0.0234445014559916	555	0.027413582126209	12.4512691731793	26056	7.7407887443106	20	20	0	-7.16333793817991
chr11	77404519	77700136	0.051335415472098	113	0.0422661970838305	6.00233677832324	3719	3.9981375051999	20	19	1	-6.73813075740586
chr11	77701806	78060865	0.0222388937124561	268	0.0228492411105996	11.7757563869253	8298	6.93288586744628	20	20	0	-7.26121785263065
chr11	78061573	78545685	0.0308459714588554	295	0.0302519658310407	8.69897051940675	8421	5.53695600147755	20	19	1	-6.9740175259536
chr11	78545952	78559258	0.0704523108682721	9	0.0342555753775126	11.3709465731019	83	6.49653229935357	14	13	1	-6.73402128791037
chr11	78563369	80836814	0.0246688841350617	390	0.0316748135047331	11.1572411307067	13336	7.65438123283277	20	20	0	-7.11309769143068
chr11	80842369	81282540	0.138936298474511	10	0.111546950752686	2.2020790316226	361	1.17652447642572	14	12	2	-6.73378588352954
chr11	81308638	82290222	0.0892331306168619	60	0.0616330928608424	3.62649134346498	1161	2.5637026971427	20	18	2	-6.75287733806571
chr11	82290355	83723178	0.227118693633881	99	0.102660491224532	1.69251991069739	3650	1.19375632810729	9	7	2	-6.75173715004095
chr11	83737908	84483307	0.0414621117389933	101	0.0406548816987652	7.74878510398365	3390	6.66872851132602	20	19	1	-6.76737789443488
chr11	84506435	86036907	0.138148663716578	47	0.0965513288978116	2.52872927548197	4296	1.42742474229938	15	13	2	-6.73616929808727
chr11	86038816	86464151	0.324320650927152	35	0.101391636072934	1.03449873209926	1297	0.467655752724371	6	4	2	-6.74578727039553
chr11	86487293	87413004	0.0668406437211283	182	0.0589003051555995	5.19132226807909	5186	4.00844890805232	16	15	1	-6.75391666807125
chr11	87494858	88630874	0.0028823102333928	24	0	0.32855060046926	482	0.159012447401406	1	1	0	-Inf
chr11	88840091	89112374	0.498224103279478	9	0.172797649803977	0.810614131122005	204	0.429814283430751	6	3	3	-6.75590556561386
chr11	89181247	89571421	0.0839974487789271	45	0.0723091846297425	5.97888167151268	1667	3.5568566681729	12	11	1	-6.75720606949927
chr11	89637384	90057985	0.393755686915517	44	0.112306596734966	0.865305134373802	872	0.333627062797178	5	3	2	-6.75187555810736
chr11	90163289	90728499	-0.00319841251747544	9	0	0.347072650973192	361	0.196930739575102	1	1	0	-Inf
chr11	90760208	91136314	0.0448096443654741	35	0.053346701755922	7.52218629964331	965	5.46941627829938	20	19	1	-6.74431618210988
chr11	91138929	92367158	0.0025788148295954	17	0.192596652588344	0.691399249237056	497	0.429698394161713	4	4	0	-6.76215366956748
chr11	92372969	108952283	0.000974684827667993	471	0.0420018689474185	0.32715564838715	15510	0.155917685958757	2	2	0	-7.08812255738111
chr11	109008841	109050277	0.0361691630517196	16	0.111980783321663	4.71967965050615	129	2.04485364109939	20	19	1	-6.74310480832529
chr11	109118925	112260264	0.007846328405687	68	0.0910022563854983	0.338384164063128	4117	0.164378806003322	2	2	0	-7.01108070434102
chr11	112401933	113272835	0.115858187866227	13	0.137863133541	2.37992324653737	1113	1.2247790913916	16	14	2	-6.73712542923435
chr11	113363957	113806220	0.00451283381233961	49	0.104342311778161	0.597219411334959	1139	0.213255162958457	4	4	0	-6.75575805929477
chr11	113824747	114121814	0.0416694947206211	30	0.156161649964196	6.39282744961766	1986	7.35864702102078	20	19	1	-6.73635027983601
chr11	114250277	114791802	0.00750840690213328	18	0.146312272368902	0.63312770954462	808	2.01538246235435	4	4	0	-6.73460994045535
chr11	115152933	115294987	0.0773162916634659	14	0.0389129770156407	3.53136616785758	591	2.12422114725374	13	12	1	-6.73854392805073
chr11	115308663	115606713	0.0129659105750281	65	0.0221562089752251	16.9381574966532	2859	11.9136174172234	20	20	0	-6.93530833822626
chr11	115633047	116395672	0.0742259735980637	41	0.112936761929506	2.95279453699658	686	2.80622800448308	14	13	1	-6.73809714853616
chr11	116408710	117326185	-0.00164717398492809	63	0.0180163065467732	0.34558031205093	2298	0.200483752683837	2	2	0	-6.83568079307876
chr11	117338552	117918630	0.498655088886138	32	0.151577348374757	0.828097105483676	1638	0.54468961394931	6	3	3	-6.75584580477162
chr11	117929089	118868347	0.000324614117489075	53	0	0.312618839582587	3511	0.133226940528721	1	1	0	-Inf
chr11	118889362	119037387	0.0294325398184906	76	0.0333018386300269	7.33936521245932	5655	4.30467837047771	20	19	1	-6.95694987273941
chr11	119040640	119089022	0.024669406880612	21	0.12791751434495	0.4167270744624	517	0.31744342770757	3	3	0	-6.76036427259367
chr11	119092106	119327876	0.104557497579872	79	0.0659695694701178	2.62825137692051	4520	1.27342756058547	19	17	2	-6.73474281632316
chr11	119335025	119792233	0.00109356381445114	34	0	0.290894628878921	785	0.124786522206522	1	1	0	-Inf
chr11	120003286	120305601	0.124877219321728	28	0.137411265259097	2.07719529111823	1274	1.57754180948908	16	14	2	-6.73596662974829
chr11	120327384	121897173	0.498585262369905	83	0.146696432722456	0.917883439055168	3507	0.685656762835877	6	3	3	-6.73577403892385
chr11	121897237	123822688	0.079344484457031	292	0.0717203528133619	3.69558610860005	11740	2.33074887269978	20	18	2	-6.78731105957645
chr11	123841445	124158834	0.00155752227336103	37	0	0.322129095356491	624	0.090140170153155	1	1	0	-Inf
chr11	124185670	124274774	0.205242418439095	32	0.102999040866189	0.687404349908071	303	0.17785455783752	5	4	1	-6.76917089612252
chr11	124309939	124993099	0.0768064652191566	79	0.0832824817258396	3.01847150907054	4991	1.65776112594708	14	13	1	-6.74950936588142
chr11	125052760	125531558	0.0169711362492593	189	0.0361724180182118	16.1145089369641	9971	11.824797648431	20	20	0	-6.86769826879827
chr11	125547570	125778426	0.49639294803429	30	0.109618334736233	0.756062435990441	930	0.458418120641416	4	2	2	-6.75376950723761
chr11	125789528	126482199	0.0670782386823265	143	0.0625280207058178	4.39941505667504	8472	2.90843795673575	16	15	1	-6.75105329709828
chr11	126616801	130240328	0.00542005749758556	89	0.044521032318361	0.437517667213363	3295	0.618005894192284	3	3	0	-6.78223120614144
chr11	130262441	130730959	0.0931915175134601	72	0.0680634183123583	3.03806155298159	2791	1.9942936060191	20	18	2	-6.73916252901028
chr11	130801234	132735704	0.345451540578897	43	0.124441302925332	1.11719778494145	1395	2.04932325386044	6	4	2	-6.74576926041538
chr11	132762708	133298058	-0.00298151111405176	15	0	0.554889072577048	186	0.510969198793493	1	1	0	-Inf
chr11	133439710	134312962	0.297402914754049	53	0.11381655216694	0.606800465441377	1955	0.27453201870688	4	3	1	-6.84941446195297
chr11	134318514	135008775	0.0277377348769102	25	0.123572178637966	0.290709717570456	474	0.167653737566776	2	2	0	-6.8745326095037
chr12	12233	34276724	0.498864691156725	1852	0.126047616018952	0.63314705098726	67072	0.270604232487978	4	2	2	-6.73489387427214
chr12	37555474	109088949	0.498886260730843	3368	0.117044738318498	0.6302165745193	131376	0.262415553635155	4	2	2	-6.76506656380806
chr12	109091528	109286791	0.00292852938874599	22	0.0061828207743127	0.312561961136883	922	0.156546864746565	2	2	0	-6.86582539869879
chr12	109320267	133219447	0.49886931991908	1867	0.115150987896911	0.620032279522129	66569	0.273042770696987	4	2	2	-6.83724806738157
chr13	18177561	114354016	0.498885081892333	3225	0.121664137942091	0.651383841536736	105441	0.281791611889143	4	2	2	-7.18326959625668
chr14	16047857	16098230	0.499328938790009	2	0.0643467170879758	0.67431348820564	13	0.312328352859615	4	2	2	-6.73422692141011
chr14	18330642	19933933	0.29874037913614	111	0.12627940109807	0.66412530890301	1704	0.221054349533559	4	3	1	-6.861105307603
chr14	19935544	105601281	0.498894018151108	4525	0.11321563555551	0.631767860391665	157859	0.266976772400043	4	2	2	-6.74913666793378
chr14	105601621	106643049	0.498782872364313	197	0.141920754906975	0.598659823602329	3233	0.197567630821864	4	2	2	-6.78746106514024
chr14	106643259	106644842	0.0628685243499899	16	0.126678069662169	0.409750669437631	37	0.0664642083454771	3	3	0	-6.88211971685171
chr14	106652206	106874951	0.288983189776077	55	0.079935567487164	0.618781713968723	686	0.172607467260365	4	3	1	-6.8753543371198
chr15	19876640	23441767	0.498671862604009	379	0.147907558891695	0.618437794751316	5039	0.278216463182473	4	2	2	-6.75177209004401
chr15	23442293	37752497	0.498834863071533	673	0.119906755446022	0.633530869455154	21875	0.26873477225401	4	2	2	-6.73353254563584
chr15	37808877	56711381	0.000385517116386735	764	0.0281533992580779	0.320203048332788	37631	0.141277916614721	2	2	0	-6.77738473100069
chr15	57394421	101980754	0.498875879002275	2327	0.121631321599543	0.62815521602055	93987	0.272605438063467	4	2	2	-6.77220156235347
chr16	11641	7082351	0.00029887839103071	1053	0.0427367876394608	0.287464045927734	25453	0.131866795527204	2	2	0	-8.49154727364608
chr16	7126708	34266385	0.498867234543823	2022	0.125130590623225	0.620489259728231	71069	0.272775418961398	4	2	2	-6.84414331052618
chr16	34573038	34593630	0.464957813886155	35	0.132417470730345	1.79441479078428	561	0.580240853599294	13	7	6	-6.73414349049522
chr16	34594883	35908151	0.494241113448323	33	0.106334413882607	0.690443096319056	813	0.35247308803494	4	2	2	-6.77930241755374
chr16	46386256	46401549	0.490209374069887	62	0.123776992152647	1.72726844427249	1143	0.386186343733963	10	5	5	-6.73722333501419
chr16	46504880	48088671	0.0162865864721466	44	0.150487635841707	0.404224134607009	2689	0.509574086258048	3	3	0	-6.83642687849594
chr16	48100873	48148227	0.491715279113899	21	0.0706055778182405	0.576067590590688	284	0.164062361825192	4	2	2	-6.7511991109777
chr16	48170167	53500183	0.00882637961461263	106	0.0892273054593312	0.481484371288204	6548	0.416426935870277	3	3	0	-6.74125310881748
chr16	53500712	90173575	0.498879648564347	2653	0.11728999188751	0.609928894500743	86377	0.26843312988852	4	2	2	-7.18371680349679
chr17	137603	697495	0.493007058373574	63	0.115522770468301	0.928851503966372	1590	0.381674119391511	6	3	3	-6.73664113365442
chr17	722770	21263659	0.498875116075754	2267	0.114513667500057	0.602944191228171	76822	0.248840344170747	4	2	2	-7.21798040990584
chr17	21267571	25074459	0.305231856854913	316	0.15930419480295	0.560128500594461	1990	0.312957593377495	4	3	1	-7.14862075615598
chr17	25389878	83135637	0.498894513895454	4614	0.12054779580817	0.612383842582668	187752	0.262472297245075	4	2	2	-7.31953152966056
chr18	47898	112269	0.160107901317784	26	0.17168131926513	0.48575232806523	199	0.245213407044074	5	4	1	-6.91605329082873
chr18	120645	15379023	0.498845599479789	905	0.128607465790968	0.639519077881182	24424	0.270339688245472	4	2	2	-6.7400608386977
chr18	20954676	80195329	0.498869788404779	1896	0.116500804374826	0.641545562078454	64154	0.281792183321572	4	2	2	-6.78328397125602
chr19	263280	24394098	0.498891648545544	4127	0.122384199940226	0.610061995211598	133755	0.252010544848481	4	2	2	-7.07221141943796
chr19	27646333	49441311	0.498877182680923	2434	0.120025155212628	0.601363942643184	95609	0.251966935609457	4	2	2	-7.28142020442698
chr19	49444347	49461576	0.4978687601946	11	0.168450208451259	0.492770749882754	231	0.236433208404645	4	2	2	-6.74495813613754
chr19	49461874	58571468	0.498874181353669	2196	0.119733934783453	0.617926833708826	55574	0.237870848565117	4	2	2	-6.80205800211714
chr20	87623	25677109	0.498859171024068	1352	0.124543194359316	0.618397832150507	39447	0.272026279627987	4	2	2	-6.8713387355497
chr20	25773519	26133007	0.459909153532563	28	0.160218745146429	0.637641507517045	294	0.315945394698359	4	2	2	-6.77040853026961
chr20	28559798	31060579	0.467951515761719	482	0.162395596608651	0.5681520223029	2084	0.261358702481247	4	2	2	-7.01479174754448
chr20	31060825	31074299	0.232815201138248	28	0.19568502320535	0.236562718534256	120	0.146061659354306	3	2	1	-7.06714845071547
chr20	31274572	39681978	0.498837570253004	724	0.117470191303544	0.612913709979326	30966	0.26662128960184	4	2	2	-6.81888636416179
chr20	39697583	64327735	0.321212231418708	2005	0.116228654804268	0.910675637751105	68083	0.407764377895539	6	4	2	-6.91076338657944
chr21	5142460	10739729	0.312087792713626	659	0.152840074903254	0.583890478390265	3699	0.285465331944159	4	3	1	-7.10504568217284
chr21	13000603	46658699	0.498863933219034	1569	0.124473534175828	0.621102958651371	50373	0.271747633286713	4	2	2	-6.85972650291252
chr22	10633650	12705630	0.495923893621564	662	0.162778001886267	0.559497497170234	2631	0.269914004309725	4	2	2	-6.99359169460832
chr22	15326918	47819742	0.498884490421961	3156	0.121072340713471	0.608717568574512	100927	0.263693249431785	4	2	2	-7.18869652549211
chr22	47912749	50808263	0.00136224765490306	275	0.0152799029656066	0.287475724049008	6565	0.128790484112581	2	2	0	-7.62007545448292
chrX	292909	57985860	0.498875449617196	2293	0.120165309727943	0.63906146380565	88447	0.279577176731229	4	2	2	-6.75322023989026
chrX	62780088	155985886	0.498870185422294	1921	0.122050861073176	0.631822727030064	107422	0.2662003506802	4	2	2	-6.75000317820478
chrY	11111654	56837159	0.0265196908519842	90	0.179054260183576	0.33530706120751	258	0.280053970979233	2	2	0	-7.65103360481839
chrY	56854908	56887043	0.337589954185299	117	0.143630600280268	0.551942734717754	344	0.259591774015572	3	2	1	-6.73980717037248
