chromosome	start.pos	end.pos	Bf	N.BAF	sd.BAF	depth.ratio	N.ratio	sd.ratio	CNt	A	B	LPP
chr1	133160	124562502	0.498872433245484	4164	0.115073914983789	0.693143927186401	198583	0.288133250403557	2	1	1	-14.9927692174915
chr1	125067377	240930672	0.330198112591898	3889	0.112893891308423	0.902488349122764	178914	0.374051870268987	3	2	1	-8.89583994412956
chr1	240983022	242114828	0.000463474655934548	42	0.00401188709901439	0.310009808441818	1121	0.144604290331048	1	1	0	-7.10974168603697
chr1	242183643	248945592	0.336875092372368	292	0.123443194710335	0.906626070497681	11505	0.364172328749139	3	2	1	-6.94401636149723
chr2	41366	24395868	0.284936136406849	806	0.113221634192448	1.04618905002319	26789	0.472002778567966	4	3	1	-7.01747401315471
chr2	24431346	25137327	0.00373119327313876	20	0.0744021080629476	0.300114895165426	914	0.137342999562444	1	1	0	-6.8663824563765
chr2	25139325	92007009	0.280494456973588	2855	0.11628667416588	1.05741754459479	107359	0.470105934098433	4	3	1	-7.18724336609312
chr2	94199564	97163970	0.350584990840012	188	0.139692248258309	1.0063674409222	8449	0.365150517102202	4	3	1	-7.15669556438355
chr2	97164367	242101788	0.282834611362142	3967	0.114601989244436	1.04074161218743	214512	0.436879358246783	4	3	1	-8.27976266497268
chr3	27782	75664707	0.49890774324492	3150	0.0925496942410762	1.14152136461869	144900	0.488775089595326	4	2	2	-6.86978252142495
chr3	75664988	75736922	0.299331248133461	52	0.1780784098658	0.841539808491175	240	0.41667604377175	3	2	1	-6.75484945309517
chr3	75736929	90613961	0.239028529086876	237	0.102627680404651	1.2559581284754	7567	0.619460836674376	5	4	1	-7.0446681260592
chr3	91404517	130035239	0.498892085437386	1441	0.0989836819391487	1.12177291753636	56596	0.469134389807824	4	2	2	-6.74295605506142
chr3	130083178	130130838	0.0659349685502187	17	0.17193575664115	1.13212744869367	78	0.715911842152556	11	10	1	-6.80015014575099
chr3	130178104	195636517	0.498892202537192	2225	0.100270252794663	1.13235863147944	89315	0.493764629186108	4	2	2	-6.79113365820277
chr3	195660836	195788469	0.498629175979805	157	0.129671890553576	0.999639855290428	1208	0.406016106975877	4	2	2	-6.73827173970718
chr3	195788540	198111126	0.498831428622918	242	0.0907803611397133	1.10475732407129	8212	0.462252567707965	4	2	2	-6.73333403390452
chr4	54908	49711699	0.33274945156279	1962	0.118423473130165	0.834601812276416	56080	0.357875537374067	3	2	1	-6.73367811322604
chr4	51995997	190179679	0.320966502435579	3227	0.118078530144921	0.846525993851833	124484	0.360426179890397	3	2	1	-6.8955510751786
chr5	67469	1309789	0.227850133946386	274	0.116758452781034	2.01242746281656	7041	0.880971807705894	8	6	2	-6.76395079038361
chr5	1320607	21261750	0.00214996942272094	317	0.0432816522507508	0.540095116220803	11150	0.258216731257983	2	2	0	-6.87289650738514
chr5	21478808	21786465	0.280635294561734	19	0.128153120220392	1.60145842717576	641	1.45672840403959	7	5	2	-6.737241813847
chr5	21927312	30365610	0.0183833905991232	67	0.106928824017188	0.627464766841947	1786	1.26595869377693	2	2	0	-6.79725268166632
chr5	30409443	37004482	0.108143847335653	653	0.0933503379758367	4.17702679257207	32223	2.63008871794027	17	15	2	-6.7478203757643
chr5	37007527	39968003	0.269308299096551	107	0.12947144901496	2.1167246580937	9036	1.25016122234956	8	6	2	-6.74901739744905
chr5	39988068	40808912	0.0941616127414961	67	0.093755598053879	5.85215856378016	2734	3.83335220717355	20	18	2	-6.73544665530774
chr5	40834986	46206800	0.498688100984033	105	0.112532923957209	1.40198274905248	6421	1.201734256139	6	3	3	-6.79902945758133
chr5	49601562	49659525	0.232405081761911	12	0.148909648221105	0.052830254503162	28	0.053712540779943	1	1	0	-15.3951329437992
chr5	50269093	181286981	0.498907930181849	3793	0.0975772781213702	1.08178982513377	185516	0.460755235350716	4	2	2	-6.98454359786593
chr6	175346	32473323	0.330338171780254	2564	0.106744477640617	1.7271567939784	97523	0.821456365346388	6	4	2	-6.77004523179591
chr6	32473373	32642282	0.0886206461908379	74	0.0946739968490715	2.08082365874489	555	0.868046496535933	10	9	1	-6.75287907965207
chr6	32660818	32668221	0.498326865285238	33	0.149739641469027	0.7203093013718	69	0.41396053893093	2	1	1	-6.73485420706712
chr6	32731430	51446028	0.325842935792315	1317	0.107931984754336	1.67857675578771	68294	0.745012045355624	6	4	2	-6.73698135333161
chr6	51584195	51836303	0.000558209793865672	17	0.00242535625036333	1.17670363395445	436	0.306945818028368	4	4	0	-6.76994655135491
chr6	51911737	60873526	0.325579911894276	301	0.104789954334118	1.73505033436586	15664	0.765707443942257	6	4	2	-6.75120023659899
chr6	61077116	64617604	0.35435366572862	131	0.110500723368421	1.68526546617073	3205	0.794037992398284	6	4	2	-6.75508820807658
chr6	64886866	116038978	0.000755682195971275	718	0.016060750133783	0.566199819758877	34949	0.244968235114215	2	2	0	-6.91551373185371
chr6	116120483	116463519	0.0197267751451785	9	0.208833133812089	0.533100082386313	502	0.205534756329326	2	2	0	-6.74660948273907
chr6	116500546	128067654	-0.000541765914573056	176	0.0379574535397302	0.565397077250727	7767	0.229408336677978	2	2	0	-6.77413564779336
chr6	128082600	129260934	0.497670305442687	9	0.184224802287254	0.590862166958049	599	0.234171940515399	2	1	1	-6.78187891695276
chr6	129291479	170594646	0.00255711373153006	1108	0.0375304861529038	0.565176478019138	41719	0.243726441209566	2	2	0	-6.85813239232602
chr7	31439	4132182	0.00143017385291483	297	0.0757378354570536	0.58632003490797	7556	0.87141808087006	2	2	0	-6.74268636075322
chr7	4145960	4662991	0.223594959808107	134	0.114393712438248	2.66581034802718	2470	1.48262083902112	9	7	2	-6.73370040589774
chr7	4673388	6652974	0.319610195774156	221	0.124367180056127	2.21647913830304	14557	1.55266422948519	9	6	3	-6.74744106158976
chr7	6662037	9963726	0.119575365688457	317	0.093980751027593	4.49275507076179	11626	3.004089921911	17	15	2	-6.73382412268705
chr7	10029100	13455437	0.239203645538347	122	0.118270944554024	2.21906665235799	4814	1.55258881761719	8	6	2	-6.73802674687814
chr7	13651627	32224099	0.000805567856333678	391	0.0459882909708558	0.567590849385961	15734	0.310536975016429	2	2	0	-6.78646239677635
chr7	32399946	34278008	0.276140838088059	94	0.119145538025128	2.24128541317408	4982	1.08690415790696	7	5	2	-6.75612761839237
chr7	34834597	56106447	0.00305745589415984	589	0.069528340104801	0.558440337628138	20186	0.246648893207898	2	2	0	-6.74009680626945
chr7	56160710	56277588	0.304423279463309	21	0.0731194717080009	0.900101720614003	181	0.324574015202054	3	2	1	-6.82935404852805
chr7	56288234	58091518	0.00505868490815886	126	0.121442437602321	0.616516996160566	1581	0.301410045189598	2	2	0	-6.86078404360483
chr7	60981598	77794257	0.31979887627769	999	0.127262138353365	0.847465572792684	27429	0.382652650976379	3	2	1	-6.75952776921362
chr7	77871417	79525948	0.0532926644767225	18	0.0457308479859748	0.479252663513309	601	0.402629601558338	2	2	0	-7.58442955077579
chr7	79533775	100952788	0.322820150955099	801	0.114583554238806	0.831372856540911	32478	0.338369323831709	3	2	1	-6.73863241489251
chr7	100954269	100959720	0.117520463700022	46	0.0915240049290943	0.65847847174903	296	0.282086674594014	8	7	1	-6.79722209692993
chr7	100959888	128731361	0.338400579011831	799	0.121786709495653	0.865680340520617	34146	0.341550098230468	3	2	1	-6.93569922853794
chr7	128798230	128917352	0.0052873808735503	36	0.00841766849294642	0.505388273957938	1119	0.16083072505948	2	2	0	-6.98546218922632
chr7	128942604	159260906	0.339498790099385	1469	0.126723918746531	0.823802751586438	50646	0.348364022428199	3	2	1	-6.75377527847824
chr8	311290	3616820	0.20025723947964	185	0.0918465463305805	1.29611462113823	4570	0.561181830022583	5	4	1	-6.76287203821878
chr8	3619761	7115785	0.0227876215599906	113	0.0507832504589927	1.10868329092624	2535	0.593676324630459	4	4	0	-6.85149724542704
chr8	7120484	8162873	0.0260224901448936	46	0.197000713601297	0.927819384221908	673	0.781297683452488	3	3	0	-6.75530500279389
chr8	8183697	12427594	0.0233463834954483	305	0.057611118201836	1.03776809337704	6186	0.478629290306698	4	4	0	-6.88117556432024
chr8	12443616	12581492	0.370140709137362	26	0.157250945943101	0.97765479788009	380	0.495140445071684	3	2	1	-6.77433347615813
chr8	12581635	42597880	0.0178873402246141	1236	0.0395552550108095	1.0556741520205	49743	0.469264461193824	4	4	0	-7.05920255644741
chr8	47190756	85989410	0.0192701589846781	801	0.0500411197333731	1.09255807063419	39007	0.490314003018122	4	4	0	-6.8476244280179
chr8	86048443	136388708	0.0186002417337952	1375	0.0433365696453367	1.0898281297311	55892	0.476402924036252	4	4	0	-6.89028889912924
chr8	136437659	137330761	0.497705039481389	9	0.200344980249347	1.30275815346635	336	0.909405553355825	4	2	2	-6.74949640719955
chr8	137334238	145008961	0.0194317805235613	377	0.0466506714409192	0.980516834928605	20439	0.420536899894852	4	4	0	-7.21635007189578
chr9	111919	35176256	0.498856823052363	1172	0.0944944530585331	1.08284984818713	41023	0.474576107670528	4	2	2	-6.79388202879199
chr9	35295987	35753901	0.00118699360774865	42	0.0140416048465504	0.505171704022627	2237	0.160391411269998	2	2	0	-6.83206877121769
chr9	35792426	38638945	0.0848510949959226	134	0.106000864943971	1.04332171362901	7372	0.442771692600011	4	4	0	-7.12895846710959
chr9	38812863	42405487	0.348188448823042	229	0.140191702865897	1.0471197063945	1727	0.644013853996894	3	2	1	-6.99952712152034
chr9	60544750	66818814	0.324508116609655	150	0.164965795383566	1.08161149648982	1832	0.507971434637824	4	3	1	-6.86343926555844
chr9	66818914	138214444	0.498909692803597	3040	0.100467714859015	1.05064227924464	145448	0.442278852600937	4	2	2	-7.34810252657193
chr10	236957	39131435	0.00157893800653458	1361	0.0557906118195888	0.556092618107215	37600	0.247996543926289	2	2	0	-6.73396595596626
chr10	41859953	125860018	0.00271231134259636	2362	0.0605971080131343	0.537042759296234	94354	0.229037676414109	2	2	0	-7.6677669985007
chr10	125896668	125917965	0.0371878254913769	10	0.200412047763823	0.537209585549612	40	0.286447310230802	2	2	0	-6.75379197251598
chr10	125997444	133689420	0.00141654395818863	303	0.05235454855292	0.50475336821685	7926	0.224804268914681	2	2	0	-7.47216353079715
chr11	192997	1083835	0.348309271695441	309	0.11577518797022	0.775274880358303	6437	0.303662691324427	3	2	1	-6.77302346358748
chr11	1084936	50553108	0.339832044712403	2091	0.109858111852697	0.879009792585423	77859	0.352907743865138	3	2	1	-7.34959342493524
chr11	54591798	56700571	0.498818904546058	117	0.115310109946781	0.619998702113742	2865	0.169898311131003	2	1	1	-7.22047792466825
chr11	56700635	56701244	0.122453335036152	18	0.105637498293701	0.421939261386433	41	0.0617556060455145	7	6	1	-6.9710106797039
chr11	56740404	135055593	0.498874046791741	2186	0.120442176409189	0.561150369094833	117152	0.226592010678223	2	1	1	-6.82591487739256
chr12	13488	34523014	0.354817913339141	2030	0.111992733962556	0.942502039262374	62591	0.381627825860229	3	2	1	-8.38147628786413
chr12	37418138	133234117	0.367367532775248	3841	0.112497738645467	0.920059621668431	182089	0.38470375701106	3	2	1	-9.25011477637622
chr13	18177561	18212081	0.49811510220826	18	0.177534420854761	0.958607864207533	87	0.524700638164204	4	2	2	-6.73473375140187
chr13	18249027	114325855	0.498898267559311	2829	0.100007967560994	1.06348640502343	104302	0.489920157794206	4	2	2	-7.15950570023433
chr14	16098225	16401976	0.349438794970407	2	0	0.688510963148546	11	0.142845625509753	1	1	0	-Inf
chr14	18330620	19680240	0.498464330240668	67	0.153397294586415	0.648047433904098	996	0.298899749298952	2	1	1	-6.94102126851857
chr14	19733402	92830095	0.00124137931819757	2006	0.0168218451819988	0.551710836239484	85110	0.232143276492778	2	2	0	-6.77385586639099
chr14	92837259	92946264	0.0407808665192309	9	0.176383420737639	0.51576033122519	181	0.193731080978923	2	2	0	-6.77451116253366
chr14	92949379	106631573	0.002120422203721	882	0.0615388558308664	0.524889771787567	24338	0.219283444028732	2	2	0	-7.23697685545855
chr14	106638941	106657624	0.0283092437691266	28	0.191790629340032	0.176285825125058	67	0.324848513559238	1	1	0	-6.76794534576879
chr14	106657835	106874951	0.0145605710661864	54	0.159763355746157	0.568561575274164	579	0.193162712493064	2	2	0	-6.73989938020536
chr15	19841375	22609163	0.426294903526629	238	0.13246791218001	1.08607762984435	3182	0.434197799673929	4	2	2	-6.91777337201069
chr15	22609225	94392098	0.498914176616646	4214	0.0949020127650605	1.09533674613307	164706	0.461833252758495	4	2	2	-6.77337639639721
chr15	94399906	101829176	0.369431429216918	310	0.119210660182723	0.880270966922651	7667	0.361812148191301	3	2	1	-6.88855436755682
chr16	11641	2500474	0.498869221236745	533	0.0921407668275339	0.962762864479889	17799	0.368230872883609	4	2	2	-6.95079773753871
chr16	2501103	4541207	0.000575847182872513	228	0.0200919114595362	0.51798791625952	7349	0.206964277330302	2	2	0	-6.86994743952911
chr16	4545268	5500522	0.498868088093782	161	0.102936173916758	1.02990051899553	4107	0.47171989932521	4	2	2	-6.74785296435656
chr16	5524801	6142486	-0.00350069493198324	20	0	0.622688601483635	279	0.320792274254174	1	1	0	-Inf
chr16	6202846	32454414	0.498866257431193	1690	0.0978754927065371	1.07795532822328	69365	0.483641986657355	4	2	2	-6.79376455872598
chr16	32978438	34163313	0.193122161782255	30	0.152961057323331	1.09476789625532	922	0.452944352659971	4	3	1	-6.81561220352732
chr16	34266408	35826946	0.449389491614787	52	0.135760206652786	1.24285235666715	1311	0.512379302191623	5	3	2	-6.85500407319674
chr16	46386441	46401545	0.485780905191377	58	0.12025901291603	1.50158039828681	985	0.409510600505097	6	3	3	-6.74199248339782
chr16	46568907	62186844	0.375032578671182	499	0.10976415770431	0.835924253837024	24592	0.371348102854527	3	2	1	-6.81910787558767
chr16	62221957	90014444	0.498900197894959	2285	0.0972026807913808	1.06150271382688	69952	0.456683435215078	4	2	2	-6.89454142024612
chr16	90014770	90099701	0.333265010101867	31	0.103399059915445	1.41686173608906	670	0.534646139222964	6	4	2	-6.7377194465565
chr17	138189	13397180	0.00140102578761253	1181	0.0352724108480629	0.534736185556669	39075	0.211095444618088	2	2	0	-6.9821072561737
chr17	13435886	13629866	0.203384283211396	17	0.153140674467858	2.39656077864289	411	1.45646738153715	10	8	2	-6.73451597144165
chr17	13632182	14771174	0.048000074738774	32	0.0989362321103525	0.75427592721883	630	0.519634461679902	3	3	0	-6.89601079403959
chr17	15144682	15817600	0.206225984576453	102	0.105567256944052	2.60391002194905	3695	1.4534584612259	10	8	2	-6.73591112050464
chr17	15826431	21244091	0.00681908701928297	366	0.111363792370172	0.642090386739838	13503	0.969216477066414	2	2	0	-6.8070568546004
chr17	21285176	22429774	0.175665388064371	289	0.164457025906033	0.738286852960757	1363	1.70455707503057	5	4	1	-6.83903362890739
chr17	25074459	30792631	0.354179757400244	263	0.116111560302574	0.818093267691617	13155	0.321373829481708	3	2	1	-6.76344568898078
chr17	30834485	31755537	-0.00316717898171182	37	0.0821994936526786	0.27933337235698	1610	0.127935705450001	1	1	0	-6.73502260274229
chr17	31803084	45999359	0.498888257468801	1265	0.0986462093278276	1.0761588959743	58821	0.437062967769645	4	2	2	-6.77795306768512
chr17	46001526	46219480	0.359483096914085	89	0.103352521091334	1.21424300934682	860	0.477851724962204	6	4	2	-6.82805001130514
chr17	46219782	46499052	0.394325408622236	140	0.145971416622259	1.06556961184277	782	0.439876703145202	5	3	2	-6.79408162377907
chr17	46548981	73045942	0.498891169652913	1596	0.0978166962040986	1.11142137626759	67021	0.494943421534704	4	2	2	-6.73311767282664
chr17	73057625	83135891	0.498902464050545	1379	0.101269449205802	1.04557994501189	46385	0.432957418911694	4	2	2	-6.84950901927987
chr18	47948	110425	0.497988859117732	16	0.194009793567232	0.668939670896788	134	0.376639887966009	2	1	1	-6.74220815880376
chr18	116909	15371619	0.498793380302633	753	0.116678734930053	0.73243383269935	18284	0.324100862096152	3	2	1	-8.92898317883891
chr18	20946254	65173226	0.421066580732574	1063	0.10778179602982	0.742046985758796	40115	0.315362401063297	3	2	1	-9.46427041166658
chr18	65472965	80250865	0.0862008614599354	266	0.117796396524636	0.481679824163474	7263	0.222952607398151	2	2	0	-9.41505888319754
chr19	261438	24394203	0.350655441985728	2867	0.114496157760368	0.815434691390889	115415	0.32693966821065	3	2	1	-6.80917791507766
chr19	27750284	58580350	0.337087321227636	3348	0.113644979266325	0.827682890451567	133827	0.316639632434738	3	2	1	-6.74189099677214
chr20	178604	25690057	0.271719545509906	1120	0.108006383637955	1.07400847324386	39882	0.463423912515455	4	3	1	-6.83769082699619
chr20	25773570	26274736	0.248854635055173	30	0.184200356309014	1.06419727008778	385	0.616550666096174	4	3	1	-6.73451587195026
chr20	28560014	64239656	0.263102477923498	2547	0.124987577805811	1.03674156389118	85699	0.459088521027665	4	3	1	-7.18975888838812
chr21	5218123	13099377	0.498649404094283	574	0.157008432405623	0.875009142503321	3695	0.519440985825326	3	2	1	-7.37548923652946
chr21	13227652	14299523	0.0386919799031376	67	0.0606848112288826	1.18224774621512	1296	0.659898932715471	4	4	0	-6.97323872331505
chr21	14475900	14828141	0.451484668358854	20	0.0430789972028134	2.34113051292493	652	1.0587092445559	11	6	5	-6.74938867583548
chr21	14832607	15146203	0.498384149444437	13	0.116582258842944	2.2041269427493	656	1.12560391917893	8	4	4	-6.73315459956474
chr21	15174298	19180475	0.0334447436015288	116	0.0535584108550034	1.43958526143107	3559	0.722678883535122	5	5	0	-6.96427252436178
chr21	19342577	19753502	0.498845972660573	9	0.0970976026709436	2.41312015633115	282	1.19897064686721	8	4	4	-6.73428281453169
chr21	19795802	37342479	0.0286712377215796	970	0.0446256612857036	1.72646649490753	34377	0.901754751482838	6	6	0	-6.987170573786
chr21	37363019	37625399	0.412939452129078	20	0.120448405639314	2.58943798356986	807	2.20783037816537	12	7	5	-6.73566098723606
chr21	37635807	39263083	0.0283793390396493	80	0.047072553749034	1.57238570053142	2602	0.816236186299719	6	6	0	-6.94849281550434
chr21	39270230	39366694	0.414928836306423	30	0.0920622290789687	3.0576737299338	871	1.98915815612219	12	7	5	-6.73335217408023
chr21	39368980	46623385	0.0310388478370073	823	0.0592055865978191	1.47566746664454	24046	0.64395390015402	5	5	0	-6.9320354668013
chr22	10684424	11285026	0.254296389222259	354	0.148851422011124	0.967285337556333	1517	0.487482876607426	4	3	1	-6.76247467991806
chr22	11285062	12813658	0.339825266077874	168	0.171935788236742	0.662922544381577	982	0.377225633063183	3	2	1	-7.05322179853618
chr22	15563583	16465107	0.498330619217892	31	0.176274553692726	0.690467765825659	524	0.264561911342828	2	1	1	-7.07814607077893
chr22	16472986	19184637	0.00182241989140725	141	0.0893652064372961	0.535693419233631	4478	0.235262105002171	2	2	0	-6.77171686825863
chr22	19210386	26555249	0.498864348207482	839	0.103854818462631	1.05090226020683	26148	0.425747783314749	4	2	2	-6.80728607235397
chr22	26626307	27276494	0.159537276179949	72	0.100070819015667	3.38811815193884	1603	2.19653741589115	13	11	2	-6.7352968356775
chr22	27299017	34419177	0.49885576177409	480	0.0989354589355844	1.07180319161555	21502	0.454283268198191	4	2	2	-6.75965435158752
chr22	34437034	36398522	0.269734418936332	236	0.118314886278871	2.02941474437092	7556	1.02649099228761	7	5	2	-6.74600986958169
chr22	36437339	36800927	0.469479730035555	47	0.07793555652796	1.0857397874095	1092	0.439571358930989	4	2	2	-6.8242570057616
chr22	36802330	39193347	0.245712064813823	478	0.105868402346024	2.18138690397357	19639	1.07839409963302	8	6	2	-6.73443223548799
chr22	39196875	40251495	0.00483014464457143	42	0.0047470266994701	0.514990303090686	2013	0.228615209701831	2	2	0	-7.36617803002747
chr22	40262762	41756425	0.180592302904844	341	0.0866397078044008	3.02659026632266	16930	1.67893797137773	11	9	2	-6.7331779035029
chr22	41758426	41998781	0.358224897444902	41	0.0846700122570545	1.53624768673382	1786	0.637802281623394	6	4	2	-6.78678770353955
chr22	42010818	42753654	0.216694498404684	178	0.115934241830749	2.21895465088579	5324	1.23759654226785	9	7	2	-6.73852002919738
chr22	42760344	43760048	0.357451951531125	142	0.11027548910865	1.5403716587563	3914	0.737221802921704	6	4	2	-6.76841736978017
chr22	43761061	45161922	0.273671431450231	248	0.105574616924719	2.03894756673521	5643	1.0793301943753	7	5	2	-6.74246013053275
chr22	45179105	50740572	0.00408299237914234	381	0.0449171060426952	0.663486967177268	11054	0.772466098553029	2	2	0	-6.90951197065618
chrX	260275	57876210	0.498870884666265	1966	0.10996137513838	1.10324165229461	87969	0.48069813164731	4	2	2	-6.7403689118227
chrX	63552698	88407924	0.498878012929418	452	0.0894919744566034	1.10923577595138	28951	0.466464023897483	4	2	2	-6.73329072564138
chrX	88413146	99720084	0.485253091395601	120	0.114312240093938	0.947913798287209	4305	0.441073212276905	4	2	2	-7.51352340670007
chrX	99720424	155917811	0.498893094210207	1343	0.105416482740483	1.08757782532394	76001	0.472104076607454	4	2	2	-6.80081850299679
chrX	155983033	156010162	0.0784519880002398	14	0.125864854262266	0.884228964803794	97	0.279419653538374	3	3	0	-6.95825690523398
chrY	11111650	11721935	0.498079155400443	22	0.190684140815228	0.455067534692984	65	0.60179833344287	2	1	1	-6.77302147362494
chrY	56830432	56837148	0.00629667460637839	33	0.0348155311911396	0.367395223805902	66	0.291107429764916	1	1	0	-6.75631052802796
chrY	56854987	56880121	0.36734551076776	63	0.119230793333153	0.941629452069015	198	0.776982896595417	8	5	3	-6.75385696932111
