chromosome	start.pos	end.pos	Bf	N.BAF	sd.BAF	depth.ratio	N.ratio	sd.ratio	CNt	A	B	LPP
chr1	133483	1638449	0.498865845682292	221	0.0978489837028593	0.906924969390769	7152	0.436764299654173	4	2	2	-6.73506655950274
chr1	1640475	1714797	0.296371859635707	36	0.101401355615371	1.02904179724472	685	0.727060901381492	7	5	2	-6.75400207938066
chr1	1716230	16402905	0.498902170284436	1136	0.100172661946273	0.877600601285994	50416	0.430658484613773	4	2	2	-6.74055885094394
chr1	16404087	16958803	0.314461919788298	222	0.112838923790817	0.836761173073928	3204	0.522032077501818	3	2	1	-6.81231527815865
chr1	16975177	58576509	0.49892280786377	2935	0.099351192459509	0.876994546223323	136671	0.433601245190326	4	2	2	-6.75623659429165
chr1	58624784	58631021	0.116011216265653	9	0.183483953279602	0.919358865595572	23	0.605078014112276	8	7	1	-6.73890763945944
chr1	58636919	78015956	0.476659924011287	628	0.0943460766207687	0.906225342489886	25588	0.505257454962805	4	2	2	-6.78690397039107
chr1	78421404	97828265	9.27873980782756e-06	338	0.0228495672837363	0.454297520123726	15297	0.213791551674861	2	2	0	-6.85572591561886
chr1	97898874	124967864	0.498892887224939	802	0.0905467033962892	0.892577163324512	40761	0.47105173440049	4	2	2	-6.73452693215013
chr1	125179174	144435669	0.358448541907297	26	0.146444192573354	0.714805831199114	1110	0.263268300798842	3	2	1	-7.47241375987837
chr1	145454020	227471963	0.498927609389299	3766	0.0982700530041763	0.878273464533588	187901	0.441619752661231	4	2	2	-6.76785059979714
chr1	227493134	227637762	0.0591248577291564	9	0.165744532338174	0.803345809189417	87	0.512196811956134	4	4	0	-6.81179348387013
chr1	227637779	235835221	0.450644022526306	578	0.0866197087647824	0.812637930423304	18679	0.400068050997644	4	2	2	-7.15804976529465
chr1	235864884	235993977	0.274401276046167	27	0.127072438232705	1.32255415007346	464	0.611413952049189	7	5	2	-6.74321584786858
chr1	235994404	248945592	0.498868460343692	715	0.104868946515508	0.804090015862377	24176	0.410747278689619	4	2	2	-7.16170575994494
chr2	116488	2997799	0.335017810843219	132	0.130996932534944	1.31407046139242	4021	0.714604022549075	6	4	2	-6.73382187089466
chr2	3042536	10181084	0.498860351928039	253	0.0950385416186418	0.885809780973705	9013	0.452609667292459	4	2	2	-6.73333345969528
chr2	10275825	10399754	0.0932029687097021	9	0.167481342244442	0.616490916140052	142	0.370553084257737	3	3	0	-6.91660912865407
chr2	10423107	69431994	0.498902905923866	1890	0.104880940205379	0.892539365390665	101186	0.469228457990833	4	2	2	-6.73612731075395
chr2	69437605	71613088	-0.00127990837305925	108	0.0348396552069538	0.451150408894325	4204	0.199752212793444	2	2	0	-6.74140844268991
chr2	71679148	72513097	0.43498674167608	15	0.0481062316525575	0.884738675967841	560	0.387024276559705	5	3	2	-7.20291025440562
chr2	72988383	73671232	-0.0010715817990159	44	0.00512569285782198	0.474877338281456	1736	0.168918525976008	2	2	0	-6.82193149879544
chr2	73690164	89639492	0.498859014588845	530	0.122193546325046	0.912102480129601	24672	0.513123628213936	4	2	2	-6.75759841996672
chr2	89654906	91987777	0.498496642170355	116	0.159426811565298	0.820913479968716	2430	0.41520332821029	4	2	2	-6.78372394771607
chr2	94190317	95940336	0.445665863889075	49	0.135563911051547	0.893527503025422	3123	0.501231890745862	4	2	2	-6.82802270879774
chr2	95941149	95954125	0.09032360501984	41	0.140830316511682	0.889969384318047	165	0.485402634054535	10	9	1	-6.76338904584237
chr2	95980545	96814302	0.498772497411422	49	0.126750501481652	0.873655393951947	4681	0.410405816976418	4	2	2	-6.73394839261959
chr2	96906189	97163810	0.160011825652711	15	0.0947212954383744	0.92382433832002	935	0.609352153657031	6	5	1	-6.79144323384243
chr2	97163881	160484264	0.498904477096412	2136	0.102061740125589	0.891233344389216	84229	0.475660106396321	4	2	2	-6.73449032016856
chr2	160488302	172035250	-0.00319841251747544	9	0	0.895366351305337	19593	0.512991725141519	1	1	0	-Inf
chr2	173229772	224031721	0.498915172188287	1753	0.0935622511647827	0.895486192712623	91997	0.473993173709758	4	2	2	-6.74101795167593
chr2	224170766	241572132	0.00174176817787874	726	0.0267698062887207	0.507919588079524	26972	0.297985212699561	2	2	0	-8.32935440336877
chr2	241589225	242183318	0.00616768664953882	56	0.0852042294389528	0.810223472212228	1849	0.437252875145994	4	4	0	-6.75205367874397
chr3	65582	14170365	-4.12522390904613e-05	340	0.00374237149928497	0.438058599409205	15004	0.176212551805914	2	2	0	-6.78777086310821
chr3	14305365	46903209	0.49889471218012	839	0.0974652495759792	0.88019442925668	53337	0.453945514856058	4	2	2	-6.74181332775236
chr3	47116808	47907092	0.497943868066401	11	0.24822790114951	0.878197022657068	4604	0.45321726660309	4	2	2	-6.73339537989224
chr3	48160950	75654702	0.498890859090318	1232	0.105172119979176	0.870996126615625	66392	0.411714204665497	4	2	2	-6.77211910299044
chr3	75665314	75672221	0.078255774016921	17	0.0868489645710231	0.561094122031436	79	0.316333327519119	12	11	1	-6.83401627264101
chr3	75676584	90261565	0.498802694850386	219	0.0883298835128529	0.848744629423345	7146	0.465755462839018	4	2	2	-6.81719665576107
chr3	91404517	94533666	0.498796536879184	12	0.112386879154377	0.815502051566554	1064	0.454553725406902	4	2	2	-6.7994451120469
chr3	95023348	149519702	0.000293411683150779	975	0.0260415754895471	0.445518219775543	53393	0.187303043598868	2	2	0	-6.73968343884668
chr3	149640752	153222813	0.326473602378649	131	0.119331092223882	1.30814518241034	8542	0.731445284695329	6	4	2	-6.73643533306391
chr3	153262436	189511271	0.498899706156656	964	0.0955019204944126	0.893751101433691	49353	0.457424303298603	4	2	2	-6.73648467108282
chr3	189620094	195770872	0.000655068513929102	267	0.0299244343189795	0.422569357713495	5756	0.188223527290851	2	2	0	-6.98522348812915
chr3	195778868	195788270	0.0234512771546092	29	0.150862218156154	0.17369382156194	157	0.091984149182347	1	1	0	-6.78761676971964
chr3	195788424	198120733	-8.07601977154127e-05	166	0.107650544290388	0.444421685124934	5288	0.207962156439441	2	2	0	-6.73303127558579
chr4	68161	36621832	-0.000240252134315055	954	0.0398000905150801	0.442551553150154	30707	0.20090305433732	2	2	0	-6.74183395739668
chr4	36814672	49061855	0.498857823668988	511	0.11445291744626	0.853306751833327	20242	0.452922105846187	4	2	2	-6.79158564220697
chr4	49102515	49149825	0.0801743039981101	20	0.114398415060791	0.0538580342102087	75	0.0459038870559656	1	1	0	-13.9270617561759
chr4	49157695	49711665	0.295533116144865	64	0.156144258664508	0.622718539815602	357	0.534181808496885	3	2	1	-6.77336189524802
chr4	51838815	52490396	0.244977715387826	32	0.13958046297803	1.8228875534002	1538	1.44879780428048	8	6	2	-6.73392565588728
chr4	52509280	60762421	0.155263082072749	1024	0.0932083995421231	2.74014287112737	31814	2.10381152034609	13	11	2	-6.73626425875481
chr4	60825216	62539561	0.0819203579085399	165	0.0697744799248299	4.01567546125601	5591	3.28811067455163	13	12	1	-6.7464222252455
chr4	62725843	106433265	0.00167870851787633	934	0.026586320423376	0.450611595123492	35414	0.211772236003446	2	2	0	-6.84830075823646
chr4	106524480	107701319	0.215021736694179	15	0.15094502310444	1.4590254697555	835	1.18533786870567	5	4	1	-6.77609526184646
chr4	107720013	114701824	0.00327848015081494	150	0.0698470736056649	0.4838836641736	6547	0.501442087419981	2	2	0	-6.85308943822093
chr4	114988645	115227732	0.376674351279352	13	0.166620403835662	1.18562444085605	187	0.838569681475211	5	3	2	-6.74563138249798
chr4	115461118	116606330	0.00202711158677749	14	0	0.417928688279922	218	0.256702386734806	1	1	0	-Inf
chr4	116695854	117832531	0.432160349148195	14	0.129692641729133	1.20405911129622	441	0.514868969897854	5	3	2	-6.78635918713564
chr4	118076830	124062719	0.00306378782270006	118	0.0916930032096606	0.466844020357252	5815	0.321155533838087	2	2	0	-6.8175459584762
chr4	124340796	137983420	0.351991038402772	246	0.148707055266541	1.13079406868413	11875	0.827713453258417	5	3	2	-6.79870830190929
chr4	138024490	140395914	0.240927766787399	216	0.124893740796306	1.72220573737188	7496	1.14680171063297	8	6	2	-6.73726818718807
chr4	140398976	153381962	0.337564275044856	438	0.127334987710045	1.33003588105539	23933	0.862952215857917	6	4	2	-6.73374414100816
chr4	153397402	154827002	0.00137945067086631	68	0.00133394593769983	0.444495044373407	2063	0.284264731194879	2	2	0	-7.31449139402793
chr4	154889597	155223606	0.334043267517744	12	0.0702286309567587	1.16603151512222	240	0.510552602414909	6	4	2	-6.74682978854741
chr4	155336081	158215164	-0.00146555095731282	44	0	0.454805236745314	1552	0.210796115014942	1	1	0	-Inf
chr4	158236767	164493654	0.348404301551712	219	0.115859427666374	1.23516686416132	7333	0.780541793876579	6	4	2	-6.77876111894881
chr4	164798490	165321930	-0.00350069493198324	20	0	0.442385137382114	774	0.211267313168996	1	1	0	-Inf
chr4	165329916	166789203	0.168341241651422	71	0.144639222300753	2.09786641034684	2889	1.69974451261806	11	9	2	-6.74528803827871
chr4	166856154	168685498	-0.00207140641636716	29	0.0154127130686953	0.462498980571415	1190	0.20834947516021	2	2	0	-6.78416136368681
chr4	168750029	176071662	0.164661148452519	379	0.124407910672007	2.11651233521319	15261	1.72215536039306	11	9	2	-6.7748945697962
chr4	176128703	179005848	0.499173325567858	82	0.0784385069188619	0.868147077060412	2302	0.501892896246043	4	2	2	-6.73683571181439
chr4	179053349	180625448	0.173330311820843	71	0.128729890500418	2.05775313911868	1396	1.69953949418419	11	9	2	-6.74527796642624
chr4	180772718	181534160	0.499096848940206	19	0.0783517708797957	0.790852927552355	342	0.506765935083973	4	2	2	-6.75720511708467
chr4	183028606	189984925	0.498042984102615	22	0.179870516198188	0.885970738539115	12071	0.440774096005812	4	2	2	-6.7332997255791
chr4	190020784	190179746	0.108386487037125	10	0.148060948411269	0.532732736507286	131	0.399233434732242	2	2	0	-7.05810385169458
chr5	58660	848627	0.379187455218788	226	0.114350330272508	1.2859277384087	4194	0.701206717329868	5	3	2	-6.77342034101326
chr5	850358	6795371	0.395441985694845	289	0.100445291138602	0.919292370073281	7900	0.518943557925074	5	3	2	-7.17475705619434
chr5	6827741	18783305	0.00130851837452112	234	0.0940905811055036	0.579154755550758	8779	0.497171665855399	3	3	0	-7.25725460680228
chr5	19024844	20805036	0.166826204227994	79	0.106361977097185	2.60193300368994	2302	2.2243429976084	12	10	2	-6.73315885828925
chr5	20889791	37605328	0.00613222650631606	357	0.0734737063971921	0.575730723081592	13220	0.295805198228288	3	3	0	-8.53196678306513
chr5	37721117	40634483	0.498739182604769	85	0.105259540509862	0.985655883656084	3895	0.554091301037596	4	2	2	-6.79358731377319
chr5	40805745	42327189	0.325768312881862	71	0.108776695190188	1.49880474651828	3785	0.936662478902419	6	4	2	-6.75019598389224
chr5	42646346	45421336	-0.00116974933398284	41	0	0.443616506926855	1895	0.179733120453921	1	1	0	-Inf
chr5	49599621	49661820	0.032923627559549	33	0.0899395735699219	0.0246342749460326	75	0.0581133778461095	1	1	0	-15.6166107422688
chr5	50410819	100509172	0.498892015620333	1288	0.10267976258022	0.905464018189842	62867	0.550786025644177	4	2	2	-6.76762424273254
chr5	100523131	102261779	0.203370408911981	34	0.136932605045039	1.90802151000777	1500	1.54150125423731	10	8	2	-6.74354507343823
chr5	102295888	110076985	0.0177686574818073	98	0.109557258397892	0.895661795377376	5230	0.613045834450074	4	4	0	-6.74953353008116
chr5	110754423	111756047	0.267824857532351	39	0.130750222878304	1.77292679421167	2127	1.22041849859806	8	6	2	-6.74416266751131
chr5	111793713	113917665	0.452516991188819	78	0.113701465733839	0.944993992720768	3557	0.636414586643781	4	2	2	-6.84774385170074
chr5	113946857	116133865	0.207799218437398	89	0.1129776919866	1.84954057679714	4469	1.2983952293491	9	7	2	-6.74752007906222
chr5	116412703	126741098	0.498802798658783	120	0.10572267511567	0.887678778361253	9123	0.451684459001653	4	2	2	-6.73314458601679
chr5	126742127	128966278	0.340142134965704	85	0.133254645548379	1.29403582338282	4918	0.691876208137756	6	4	2	-6.73704912126798
chr5	128985375	137929232	0.480703429835083	292	0.0999318001092184	0.910101557850825	16513	0.568010918718953	4	2	2	-6.76474814692903
chr5	138006900	138405106	0.227964641267984	70	0.118310784892782	1.7941535853432	4839	1.00845692701621	9	7	2	-6.73720062347302
chr5	138419393	140282103	0.000697673117676212	91	0.0959038845258891	0.910430075439944	5757	0.466430690787694	4	4	0	-6.73606595099757
chr5	140286203	140556908	0.280863604146575	26	0.141055542797319	1.74257774725365	2759	1.01298696608787	7	5	2	-6.73578753529127
chr5	140594111	147952557	0.498870394803003	349	0.104536408421674	0.88888591331594	19695	0.406553898443727	4	2	2	-6.73310134164057
chr5	148138497	149628840	0.256469752599041	121	0.12092321801725	1.73636040764654	5715	1.21345620958761	8	6	2	-6.73507723525049
chr5	149628958	152132008	0.16613545433651	498	0.0920832007865175	2.64726577428472	23497	1.69223065533159	12	10	2	-6.73307580932756
chr5	152228006	156897757	-0.000607360896353437	95	0.0964016165244807	0.86337672161788	5202	0.406911083955836	4	4	0	-6.7471304281881
chr5	156900969	159971769	0.00265401801794174	100	0.0371989138540253	0.452359208841637	3166	0.218090614466178	2	2	0	-6.74846365183156
chr5	160149266	170106236	0.302238930509651	420	0.133176278630648	1.33788782287421	15339	0.940967142794172	6	4	2	-6.76565143379088
chr5	170141195	175664739	0.498865014690624	293	0.0863901691508657	0.876119153452309	9296	0.451192387758854	4	2	2	-6.73642577933784
chr5	175666620	177404118	0.355187446122354	214	0.129078248869031	1.17478119965667	9359	0.717830548668143	6	4	2	-6.78230844296471
chr5	177414739	178189922	0.244891275480598	122	0.120292604918153	1.54167230753095	5129	1.04579643590719	8	6	2	-6.74270486029616
chr5	178196921	178535263	0.499408016229874	29	0.0747392676447851	0.92666708826745	942	0.459624328270343	4	2	2	-6.7347512955112
chr5	178543478	178948082	0.162346026202764	155	0.0930730990111041	2.6730300514868	3591	2.203206939554	12	10	2	-6.73432279252104
chr5	178950898	179643659	0.131905953956502	200	0.0938220006931762	3.13750531553724	7930	2.25500415369254	15	13	2	-6.73346579619711
chr5	179644924	179666063	0.342321862913811	17	0.110118552425263	2.82901088919866	470	2.25450935804971	20	13	7	-6.73645394479542
chr5	179666657	180607584	0.0861325280029043	463	0.0675978005050403	4.70155482506154	15997	3.08323265037287	12	11	1	-6.75311098865989
chr5	180609239	180723794	0.254700555208581	41	0.0964959180231058	1.68564309803718	1014	1.01285154414242	8	6	2	-6.734641127566
chr5	180738983	181100410	0.16156112510541	59	0.119413648804264	2.67482993470045	2549	1.68511895958339	12	10	2	-6.73412715439294
chr5	181114186	181283430	-0.00173440546014791	38	0.0324442842261525	0.417935971779955	637	0.156165682031188	2	2	0	-6.75032520127201
chr6	175346	10294169	0.0417153629585683	737	0.049680747080079	1.38226551980465	22893	0.898243087469897	6	6	0	-7.13865945081792
chr6	10294299	10326858	0.0887943675184892	9	0.169953670157487	1.72902266787844	123	1.16284930405094	11	10	1	-6.73485181433032
chr6	10333485	12358295	0.042011370038562	240	0.0380453096880655	1.7229221429828	9081	1.1632777198512	16	15	1	-7.33959525119554
chr6	12388958	23264610	0.0681760174816664	473	0.0652008713617411	0.935996857253155	16153	0.490592665337086	4	4	0	-7.39841977509568
chr6	23347679	25024217	0.0352124240246336	198	0.0340890897666963	1.85117997972261	6360	1.42343217918759	20	19	1	-7.20220108045688
chr6	25206743	27268269	0.0752099401453525	163	0.0586014043594141	0.947784129119882	6324	0.553631589126472	4	4	0	-7.6039726738272
chr6	27305586	29801003	0.117838828378002	107	0.0773749068646175	0.501455447032203	5400	0.19331296807344	2	2	0	-8.41155131786821
chr6	29801140	31094954	0.134870525076428	172	0.0845381471314189	0.494081186381549	5728	0.206845909669938	2	2	0	-8.16513390391643
chr6	31097319	32394639	0.068478637187521	419	0.0572759223687175	0.947978247464356	12997	0.429135937436671	4	4	0	-7.50496810604704
chr6	32401578	32666731	0.066551501810048	139	0.0662238457648651	0.575281160019062	729	0.271972382866647	3	3	0	-7.33118645895536
chr6	32668069	33673602	0.134325255380855	128	0.0840585425919172	0.503384864174197	5040	0.180069831144618	2	2	0	-8.24732082045367
chr6	33883275	35540788	0.0643206645400721	132	0.0623766161248408	0.925939106686676	6631	0.409099635222383	4	4	0	-7.32149231406739
chr6	35554440	35955469	0.498496178303431	9	0.157367404502966	0.688895294933049	1374	0.389530123528676	4	2	2	-6.8341849467579
chr6	35982298	37534334	0.134791434075722	62	0.0865443965566631	0.504217248160061	4212	0.228107331383813	2	2	0	-8.19280806066081
chr6	37634565	39927306	0.0661733747878737	113	0.0597069023723187	0.956796567446157	5549	0.562665547840099	4	4	0	-7.415657207797
chr6	39993012	53972241	0.123341138515126	385	0.0809455683646658	0.50781012754731	21205	0.211110621377536	2	2	0	-10.129414168496
chr6	53982874	60964236	0.498835027838499	150	0.118991626235185	0.909009256742253	7391	0.534072375026305	4	2	2	-6.74059720359199
chr6	61077116	61723574	0.254542215736266	28	0.109300148612765	1.76900297586589	412	1.18422953364581	8	6	2	-6.73407186654271
chr6	61803841	65294164	0.0806535009581053	289	0.0741141048860496	3.90293604597173	10583	3.32842453487508	13	12	1	-6.75163891626016
chr6	65295995	67300836	0.498231612804601	24	0.210135562697381	0.623868530349969	531	0.487693084317009	3	2	1	-7.10348329707872
chr6	67934005	170469085	0.000914094667699095	1785	0.0371588715847016	0.447232947621125	81907	0.200531229982869	2	2	0	-6.79733345285123
chr7	97900	56290901	0.498916710183095	2175	0.0997874112940072	0.890342588139842	93648	0.455003870655133	4	2	2	-6.73367536394043
chr7	56291257	58100284	0.0156218969363246	113	0.147682487982283	0.850939189534488	2611	0.417765070917752	4	4	0	-6.75142008703145
chr7	60981598	65782163	0.498787226945677	216	0.118057691027958	0.876816374856645	6535	0.448037457670241	4	2	2	-6.73567983616631
chr7	65783588	65870874	0.0877367691813992	76	0.142165665655348	0.758981163364319	404	0.314469600082763	3	3	0	-6.96219211270952
chr7	65874530	90065464	0.498870567173071	1214	0.111734614216663	0.866358638491199	43910	0.504150253945764	4	2	2	-6.76979065673642
chr7	90085553	100936455	0.313879287528491	573	0.126427483332225	1.34389256387688	44309	0.835378441467188	6	4	2	-6.74781978056654
chr7	100952010	100963628	0.0917683789512466	76	0.108044015559612	0.863349806183804	822	0.376126723178438	10	9	1	-6.78021159235241
chr7	100963775	152278438	0.323779019001475	3524	0.115464448281686	1.25930694872945	143524	0.745000295943627	6	4	2	-6.91141852866427
chr7	152379803	152416418	0.109291188200116	88	0.152008510458555	0.644266727682271	310	0.457398536499835	7	6	1	-6.84260072093829
chr7	152429815	159260919	0.31189158178716	431	0.12141424698466	1.30671588145504	15857	0.801999113105365	6	4	2	-6.75421165792731
chr8	233002	1388812	1.27854889923062e-05	45	0.00342863756549968	0.8426755622615	1200	0.398654029864026	4	4	0	-6.7453374831973
chr8	1577294	7055603	-0.000865850374652088	192	0.00656735931203199	0.444044402063809	3487	0.223158292942059	2	2	0	-6.7434693100831
chr8	7120533	8191615	0.498197357551895	41	0.193992025860758	0.42729349909251	491	0.281277947135248	2	1	1	-6.74547972945718
chr8	8293458	12034396	0.00392877765886701	150	0.0467484223136388	0.437603483251288	3869	0.171868563655395	2	2	0	-6.75492334310158
chr8	12132686	12588079	0.498202378231603	38	0.185826057411459	0.300962658793678	403	0.1289573091403	2	1	1	-8.54813602376946
chr8	12591593	43617971	0.000835721269310308	923	0.00906724782986045	0.444558640410423	33617	0.185364608015867	2	2	0	-6.73825893648405
chr8	45952307	101094164	0.380122817898599	1965	0.122624089891561	1.21221756058667	87732	0.766320678620473	5	3	2	-7.15036203747265
chr8	101505194	106684528	0.00202711158677749	14	0	1.20007429835081	9263	0.771988485215696	1	1	0	-Inf
chr8	107895871	145066250	0.370182180491539	1921	0.108335533002502	1.1868696290522	73931	0.698531646528453	5	3	2	-6.97206419147865
chr9	117713	38638945	0.00148018608173922	725	0.0174689202281622	0.440589794306759	32859	0.182758263717248	2	2	0	-6.7865241997843
chr9	38904090	42975562	0.498537419234425	201	0.163188473278431	0.542497053489541	1959	0.290593574118631	2	1	1	-7.70841448196279
chr9	62039266	67773463	0.498465827919793	113	0.16278621152824	0.532878577657594	1353	0.306713885219419	2	1	1	-7.74793930165908
chr9	67800467	109576701	0.00264118010967779	693	0.0220510529098049	0.444310059601801	39466	0.190873438658921	2	2	0	-6.74162740199283
chr9	109827563	110096797	0.311672607115532	17	0.104993452176791	0.889140461411045	422	0.430118516880074	3	2	1	-6.83012678315469
chr9	110136296	112102454	0.00241017076935429	81	0.0638830528735473	0.496007791189543	3387	0.310719516193683	2	2	0	-6.87823417251387
chr9	112637884	112840745	0.499348181792641	9	0.0859185660960424	0.867789620434516	514	0.446936422520521	4	2	2	-6.73340875227609
chr9	112879921	114048610	-0.000249487643346091	45	0	0.441762956560715	2073	0.16802468648272	1	1	0	-Inf
chr9	114078058	114898292	0.331701373829096	104	0.121155539184681	1.33827441840719	4201	0.769668833337625	6	4	2	-6.73315150750924
chr9	115024229	116467571	0.00108190323440083	16	0	0.424793569341346	984	0.166524008191971	1	1	0	-Inf
chr9	116538288	120200625	0.4711744716461	35	0.183539238586304	0.931995970322781	2061	0.608645084461924	4	2	2	-6.76120338750854
chr9	120518659	130340819	0.498856376493048	489	0.118485219829505	0.888863583481622	37680	0.461337585455227	4	2	2	-6.73308691759068
chr9	130349110	133175167	0.498871922574226	198	0.0901715850847932	0.884844010350109	12245	0.440419914855124	4	2	2	-6.73328645928126
chr9	133205896	133208251	0.104245370028429	9	0.0946406947941059	0.811809583713952	60	0.485272873321723	10	9	1	-6.74031222120813
chr9	133208306	138150743	0.49891730284798	683	0.0947234669138297	0.862133156417828	25616	0.399453812747619	4	2	2	-6.7501420460785
chr9	138150907	138171011	0.110434227351524	9	0.107046848518664	0.677704649462942	48	0.364149489386663	8	7	1	-6.8275102230867
chr9	138175392	138214444	0.45820045311033	11	0.108536964796666	0.572934749460587	85	0.315778437466252	2	1	1	-6.83586948369191
chr10	47876	1857597	0.00306943513167401	64	0.10120138946753	0.44541121130409	2084	0.172609179015076	2	2	0	-6.73379465440938
chr10	2107767	4830914	0.128458739958153	57	0.0777508471695902	0.846297043594396	2008	0.488815235205293	5	4	1	-7.66983388880944
chr10	4842608	8204384	0.245022773740133	211	0.103380504590597	0.600831274011318	5871	0.305381529132046	3	2	1	-7.36585280230629
chr10	8205957	13898234	0.498770376971084	307	0.116735015244086	0.922853585799132	9455	0.568338480656814	4	2	2	-6.74812128798903
chr10	13967054	15969475	0.0012348704087573	81	0.0512627250086127	0.450661432166737	2435	0.202675154963118	2	2	0	-6.7392170153769
chr10	16287726	16538363	0.499129148407943	20	0.0906759847507945	0.852196266897432	440	0.40794455219701	4	2	2	-6.73467187234872
chr10	16590103	36987390	0.00388593439996482	614	0.0491364300355199	0.447674839495461	19162	0.221300899348194	2	2	0	-6.75075538929427
chr10	37012708	39199398	0.498636598001966	126	0.147926399760258	0.78639652152703	2749	0.35461412491205	4	2	2	-6.88513083048149
chr10	41859953	46522169	0.00280330881240837	189	0.117849643616375	0.439396396976818	5144	0.184218399188548	2	2	0	-6.74365114879458
chr10	46522242	46555278	0.498925343923067	27	0.0943270059186872	0.426380286994015	105	0.135399794666035	2	1	1	-6.73494661886525
chr10	46555296	133625451	0.000870464464181986	2295	0.0430845729220726	0.447571852843709	95606	0.186256096423217	2	2	0	-6.8115508235714
chr10	133625463	133787104	0.104749657641658	9	0.18503250465196	0.478000863481689	106	0.329382950018369	2	2	0	-6.92417415348127
chr11	198062	995153	0.00132324364945346	157	0.0107249246076275	0.444305350178917	4744	0.171503198653301	2	2	0	-6.74214953192223
chr11	1016665	1099604	0.207567829395734	95	0.161785898086665	0.340046293730368	913	0.157069719903643	2	2	0	-7.72774581812218
chr11	1099802	49271357	0.000451200439872068	1640	0.0204626947502428	0.433749992593926	58335	0.175674173424217	2	2	0	-7.23366354650707
chr11	49573106	50553275	0.096087228003915	21	0.122707976998432	0.830153667124178	1381	0.349845815898697	4	4	0	-7.10227886228532
chr11	54855109	56700571	0.498867243586197	98	0.107413827698356	0.819474846261501	3768	0.378513567195879	4	2	2	-6.78345753203541
chr11	56700635	56740404	0.115492933718904	26	0.11524975554788	0.60824608034665	92	0.390816455221938	7	6	1	-6.90127707649992
chr11	56740910	57096768	0.458914758759864	12	0.0718687250225273	0.830583565284399	354	0.311182542721741	4	2	2	-6.9330309851603
chr11	57143922	58571155	0.324731478432586	129	0.108914587428182	1.29014900260508	7277	0.671821816290415	6	4	2	-6.73879544225437
chr11	58610951	66156553	6.05186773891542e-05	508	0.014936491376338	0.444927665904062	27280	0.167971520622119	2	2	0	-6.73332407756258
chr11	66171618	66760505	0.056456385567085	202	0.0453391349799596	5.67038830940309	22287	3.52037330721755	18	17	1	-6.73674131930275
chr11	66761223	67993058	0.0864724798585588	503	0.058329983855185	4.72903512117122	27213	3.09518232875867	12	11	1	-6.76000295848714
chr11	67997561	69371886	0.0601006731860734	561	0.0477884419697121	6.27745598442112	27067	4.19587194815714	17	16	1	-6.74552458252562
chr11	69390649	69828100	0.111320558568848	139	0.0703833686315075	3.87827566204316	3758	3.2940343949271	18	16	2	-6.73305777395985
chr11	69830024	71553080	0.194533330109758	261	0.0926672222947676	2.20102285057031	10517	1.49933356441871	10	8	2	-6.73515718905574
chr11	71565586	71568988	0.37963280653761	9	0.0945119040121402	1.56305776480328	114	0.632330574679562	8	5	3	-6.73455531133493
chr11	71641562	72477599	0.112312484997466	54	0.100579607834934	2.50355628271313	8019	1.99906781622122	9	8	1	-6.73945247654308
chr11	72478552	72854880	0.193726666788683	101	0.0839231012933451	2.17243712699946	4248	1.34812952015391	10	8	2	-6.73644288640122
chr11	72869236	75160608	0.0438696818055054	668	0.050429112911907	8.58613333692167	43529	5.81519938682294	20	19	1	-6.75947336229969
chr11	75165959	75835971	0.16689162018635	106	0.10479458407643	2.51912561810281	5158	1.71152293007499	12	10	2	-6.73347322668115
chr11	75847827	76865535	0.0969290764109619	184	0.0769942188420109	4.06519570948015	8784	2.86226908490275	20	18	2	-6.73457370136098
chr11	76882050	81466945	0.0737593445324444	739	0.059214233592548	4.97883357453122	33531	3.54988445709687	15	14	1	-6.77660568693073
chr11	81525403	89228020	0.00101161197824617	114	0.0209333154344553	0.449376554209275	4846	0.193207922920256	2	2	0	-6.75014510722909
chr11	89353005	89713627	0.0464064677511019	42	0.0351425915686404	6.13263113309709	3082	4.69807200187059	20	19	1	-6.74031452123315
chr11	89753680	93243155	0.298871320401159	40	0.174819789996324	0.75746894445485	2283	0.945863221341351	3	2	1	-6.79431739090883
chr11	93310140	94800207	0.00395306526404771	35	0.00895863510012227	0.449931374076288	2329	0.25180124649112	2	2	0	-6.8498450465505
chr11	94886036	95963288	0.255571117970423	69	0.103844237904424	1.84504051748915	2832	1.44811565254337	8	6	2	-6.73518682423279
chr11	95963352	97900281	0.153729521450844	108	0.115820243625656	2.82208217583837	3141	2.4953131468742	13	11	2	-6.73313037523172
chr11	97913940	98744289	0.299435798342894	45	0.125290236787802	1.16016440605621	611	0.914562920628876	6	4	2	-6.78809623164815
chr11	98828993	101281407	0.153058503512103	127	0.111569980359572	2.89627014299569	4349	3.94990352771652	13	11	2	-6.73306036483636
chr11	101286084	102507074	0.0406586097515185	202	0.0500924164392173	8.37124459650327	13219	5.99689675455136	20	19	1	-6.76198448199368
chr11	102597850	105123263	0.0289470076032305	80	0.0866347454196297	0.754250587504894	3327	0.921476768232827	3	3	0	-6.82645059727767
chr11	105138698	106826446	0.0140813197661669	9	0.210842424046438	1.040091157817	1297	0.877306467991331	5	5	0	-6.74139709834564
chr11	106827120	124382822	0.00219049578109681	620	0.033412524250634	0.437967911628467	26014	0.175328535361334	2	2	0	-6.80616603848742
chr11	124382854	124424453	0.497786121566512	9	0.215636267821533	0.382029943628533	86	0.064263573196215	2	1	1	-6.86796624795506
chr11	124424481	134965392	-0.000163588764731104	287	0.023872428934533	0.444027311101479	10700	0.173744783954957	2	2	0	-6.73315882441124
chr12	12906	25785640	0.00128630558725817	817	0.0830663451877978	0.445224936003632	36165	0.190693012780632	2	2	0	-6.7348732375622
chr12	25803324	25804304	0.310101520730102	10	0.0688041503916087	0.598583768047806	35	0.25482858961277	13	9	4	-6.75610977799794
chr12	25804395	30991949	-0.00105429137847524	106	0.0566178160029931	0.461416874967185	4842	0.252734850857142	2	2	0	-6.80178608399207
chr12	31103995	34523014	0.0127710868603618	243	0.0992573902578402	0.899497299855512	6732	0.46033767100243	4	4	0	-6.74436537361516
chr12	37323776	50322669	-0.000296727589563339	498	0.0997829176736117	0.895141873544159	29385	0.446885160132475	4	4	0	-6.73508988030701
chr12	50329843	50352080	0.489743219737484	10	0.21262123339142	0.884140842909184	169	0.299509071523801	4	2	2	-6.73442952409655
chr12	50353134	122751952	0.498922981841834	2961	0.101243631472025	0.889532723453837	166892	0.477322327895955	4	2	2	-6.73327662922215
chr12	122763339	123048692	0.39548991854154	37	0.165932056720356	1.13889057815092	2535	0.656095158385848	5	3	2	-6.73372031835142
chr12	123125570	124275685	0.498837948792791	198	0.0921717613742494	0.875463613615002	5892	0.45847177788649	4	2	2	-6.73386108450241
chr12	124354771	124768616	0.00341813066427521	11	0.0159801012626215	0.487235082622804	412	0.241509133598522	2	2	0	-6.79630373697673
chr12	124778493	130796169	0.498840497291113	309	0.0958473644383883	0.848422011732552	7280	0.453303002127762	4	2	2	-6.77062937630671
chr12	130891406	133234117	0.000847184417754887	183	0.0105224537093919	0.444612076652055	5743	0.174422791677354	2	2	0	-6.73693439605866
chr13	18177561	18346972	0.24207281920183	43	0.120987872688807	1.44358288204871	680	0.937230191876676	8	6	2	-6.74060619229041
chr13	18883253	25614855	0.00383699438530927	287	0.0696564930337347	0.450542941773154	9046	0.20795516597426	2	2	0	-6.75277185767629
chr13	25646361	27653036	0.15095569801762	337	0.101293874044947	2.69931288420571	9743	2.05744823957223	13	11	2	-6.73481886918265
chr13	27665833	27951225	0.0818534309515621	89	0.0703304218165276	5.1335333597927	2256	3.78973703016645	12	11	1	-6.73840943132289
chr13	27963097	44436480	-2.48806928362377e-05	368	0.00567998781516136	0.445060981116915	15009	0.185877258766151	2	2	0	-6.733802306417
chr13	44477135	45542619	0.0572657811459273	115	0.0765083384875372	3.05436965525979	9524	2.23823881251776	16	15	1	-6.73877164940893
chr13	45549833	46806212	0.121452043733849	275	0.078862672842627	3.49545970684138	9185	2.5691907958968	16	14	2	-6.73427612480079
chr13	46811095	47867801	0.0550131770696391	103	0.0520984786279544	4.3178123315727	2731	3.43134961360547	18	17	1	-6.73341151659938
chr13	47924706	62313418	0.00377517604400107	172	0.0372246128337904	0.461182563063939	8539	0.389011747649894	2	2	0	-6.81717751532696
chr13	62901637	63057283	0.321357807255766	9	0.145970887508434	0.312228328152475	36	0.156005949723741	2	1	1	-7.96237403058965
chr13	63146140	75288980	0.00327867843655327	74	0.0358823228887207	0.483512034444144	3295	0.437402724822791	2	2	0	-6.99829478151263
chr13	76169128	77850149	0.000550850381170642	21	0.00938336928014767	2.18761253608707	5973	1.86418858556005	10	10	0	-6.73516607135236
chr13	78308130	99676173	0.00571333963875242	197	0.0397646636876676	0.547429730097249	9349	0.509261838846744	3	3	0	-8.22633273107262
chr13	99714217	100368441	0.498702254663427	37	0.135344827098128	0.988613124602665	1520	1.02333320096591	4	2	2	-6.73733942451041
chr13	100388621	100453957	0.0977390966531887	11	0.0753672221978373	3.2268146348714	425	1.86285638955399	20	18	2	-6.73472554471753
chr13	100489033	102121050	0.462509741607	47	0.0839178709553569	0.901516183178531	2073	0.526529158958806	4	2	2	-6.85117976089371
chr13	102618856	102875652	0.0112689218252096	58	0.0448190858197767	0.840056194730496	1921	1.65466035851977	4	4	0	-6.77090067077056
chr13	102934638	105828869	0.167345906259591	61	0.125244185537409	1.95135109181658	1992	1.85968783873033	11	9	2	-6.76635443789032
chr13	105864602	114346441	-9.14152095308207e-05	293	0.0653870437952591	0.458572888587404	8453	0.200315826996524	2	2	0	-6.85660691950294
chr14	16098225	16401976	0.162045386837777	5	0.206228029132802	0.53118000210078	15	0.163348531848752	2	2	0	-7.29247521740947
chr14	18289828	19936715	0.498597194173915	144	0.152519355644305	0.652061568345527	2278	0.508624177118419	4	2	2	-7.07850088444042
chr14	20002578	32695976	0.000809451949749629	557	0.0298560954505998	0.449459314642434	22231	0.177048180168247	2	2	0	-6.76524002761865
chr14	32720822	48902995	0.352405044009534	537	0.12216622135531	1.29992436692105	24046	0.82223740418773	6	4	2	-6.75667341188394
chr14	48936189	50404378	0.000636981451521176	162	0.120377745717316	1.63608295097412	7190	1.06760306213433	7	7	0	-6.73503389389544
chr14	50476347	50853992	0.083410819608365	9	0.190011841736245	1.58608041065474	2185	0.891211930679061	9	8	1	-6.76102208655473
chr14	50905615	59966649	0.498841834509104	574	0.151270627266977	1.68834017738164	27685	1.16564119896523	8	4	4	-6.74360660823313
chr14	59976001	61144819	0.0317521376600507	19	0.201789856531071	1.69757836415972	3900	1.27544316047519	8	8	0	-6.74875770263765
chr14	61151968	63753574	0.468153613200684	162	0.143346857125441	1.60311566195588	6666	0.980247222408608	8	4	4	-6.77974014397767
chr14	63765437	64046651	0.058758212631108	9	0.168986274919329	1.67046360162302	2003	0.975006912552402	11	10	1	-6.78025396482215
chr14	64093373	65317892	0.498840680090977	184	0.148502206054779	1.64639384304406	9454	0.976632648536977	8	4	4	-6.73757458906652
chr14	65319416	66516288	0.00244217534118762	23	0.204342762110326	1.64263407287381	2133	1.25401245675032	7	7	0	-6.73448215006662
chr14	67194960	106324410	0.000672470793314839	1943	0.0325392604477192	0.816119436163245	84572	0.4051868430659	4	4	0	-7.62413966874763
chr14	106331244	106366158	0.336314894517136	38	0.0821981481657444	0.909807460910833	208	0.873087099870582	3	2	1	-6.73647909152433
chr14	106392909	106639151	0.00638430395718137	52	0.112682611971519	0.820275618329051	1040	0.56572970006511	4	4	0	-6.73791454694352
chr14	106639254	106639481	0.498363102422857	10	0.201114699169957	0.193920056648228	17	0.0376959585913085	2	1	1	-6.79824892739376
chr14	106642983	106874913	0.00196960794154599	58	0.0101232573205456	0.674210999140374	739	0.28555246841557	3	3	0	-6.7558825637578
chr15	19876723	24900857	0.343606047010296	461	0.126344363429198	1.27593966709597	10657	0.881974144259046	6	4	2	-6.74440339649084
chr15	24900876	25106685	0.000700079870389558	36	0.00716982211818042	0.871306198325612	1128	0.321519555012905	4	4	0	-6.73920986776105
chr15	25164798	28808109	0.283370412650359	322	0.114761278664312	1.61486818807131	10700	1.07042396136896	7	5	2	-6.7359853708154
chr15	28808374	31050617	0.335741706551614	213	0.119913130890865	1.31196347156773	6884	0.777651290971025	6	4	2	-6.73383497640257
chr15	31076711	63048874	0.00102736639762541	1152	0.0464658909817827	0.449362822638427	47607	0.192047666395511	2	2	0	-6.79844474726068
chr15	63061900	63482391	0.00201723472078708	13	0	1.1149353792271	1372	0.66947904990157	1	1	0	-Inf
chr15	63526359	64188592	0.351628004832451	94	0.124252926987735	1.30787050623305	4413	0.803149602066277	6	4	2	-6.74623213510384
chr15	64200386	65715634	0.252763509138047	269	0.121561754999395	1.74401571646416	14084	1.12327938454276	8	6	2	-6.73359795259488
chr15	65718041	71194002	0.327603886923012	436	0.122640482496002	1.39339634060122	17868	0.915833079702336	6	4	2	-6.74201907088993
chr15	71206365	86925860	0.0109637645597812	173	0.111072228110846	1.55314901370998	66336	1.02767548517564	7	7	0	-6.73888521704233
chr15	87161547	88937918	0.241677498412797	109	0.125313263596873	1.70501026182649	4528	1.00617542340888	8	6	2	-6.7374918191448
chr15	88981338	89901449	0.498756450642446	118	0.100431882107465	1.02148380948562	4569	0.622107799576953	4	2	2	-6.7606683580585
chr15	89983883	90989639	0.350829036764743	143	0.119786227396186	1.30260126433694	8003	0.760764228004892	6	4	2	-6.74635727820518
chr15	90991064	97711140	0.49881632998855	226	0.115715829749739	0.965264666841131	6849	0.539974160441726	4	2	2	-6.82615495575329
chr15	97742184	101876423	0.325745064842865	408	0.119643583501313	1.40486415423818	12210	0.864542389304015	6	4	2	-6.74457689557461
chr16	35629	34268473	0.00114965871254974	1841	0.0696765496353725	0.468907615599495	72465	0.200511726391086	2	2	0	-7.93629647556494
chr16	34573054	35908151	0.158101457540244	53	0.162477038681451	0.291029918012347	895	0.172911472706913	1	1	0	-8.75750505481637
chr16	46386441	46401545	0.457314583610663	54	0.110247038526409	0.235295708459448	692	0.0694177131716759	2	1	1	-7.49913422206481
chr16	46671590	70066006	0.000821971266502131	777	0.0227699793869871	0.446609720083255	33351	0.191410679283033	2	2	0	-6.74377919762736
chr16	70128629	70157258	0.499227621952183	15	0.0881801726985316	0.560425678279072	430	0.221039879169901	2	1	1	-6.7519583082381
chr16	70366206	74349380	0.00227131855847484	156	0.0483123021184061	0.447697959316369	7009	0.171471952073991	2	2	0	-6.73897140373191
chr16	74360527	74414018	0.409287196202034	14	0.0705960883640708	0.522835481002061	188	0.245814146705745	5	3	2	-7.03082665493433
chr16	74418173	90095170	0.000597364343722095	1065	0.0349793983582645	0.447432931733211	23063	0.185855961595814	2	2	0	-6.74631599907204
chr17	137603	16474717	0.00108468358593078	885	0.0573086598923572	0.438167764176482	41741	0.181932842255531	2	2	0	-6.79055812797133
chr17	16477017	21290834	0.4988749711187	407	0.100236364973606	0.875900894851754	18924	0.406728038466429	4	2	2	-6.73676097883651
chr17	21290899	22715632	0.331024016356508	307	0.146190215042802	0.774600556857349	1978	0.432209443317973	3	2	1	-6.83481593171395
chr17	24421526	27001123	0.49811292908116	17	0.198537002033552	0.767396145419829	257	0.412329172784422	4	2	2	-6.92293113901882
chr17	27025282	30808851	0.489799385757524	206	0.106274820226433	0.882580947319236	17133	0.437121808459242	4	2	2	-6.73911412014036
chr17	30971286	32344109	0.00129907812319674	68	0	0.451304141755311	1957	0.460370054118637	1	1	0	-Inf
chr17	32365527	83135282	0.498919167672722	3674	0.105461721761917	0.925666636371585	194973	0.473624851106407	4	2	2	-6.9508973174993
chr18	47554	108505	0.0848444895856851	32	0.139835848465724	0.539311257741005	213	0.31757342627954	2	2	0	-6.95973527839426
chr18	108535	1183939	0.000416791667484206	96	0.0909558959056531	0.876529507653682	2705	0.530880050786236	4	4	0	-6.73347557696182
chr18	1263418	2795854	0.000932177704440651	27	0	0.469455471852931	978	0.222693641669521	1	1	0	-Inf
chr18	2820294	8809447	0.498839545080102	301	0.105445771884966	0.865094125023571	8827	0.601969671415598	4	2	2	-6.74026379972129
chr18	8825194	12889793	0.350116464704661	416	0.109838978531391	1.27997392531014	12740	0.77393002201025	6	4	2	-6.75370851224903
chr18	12935365	15341512	0.498821992578871	87	0.103842481156844	0.925872383079468	3951	0.515958687492961	4	2	2	-6.74221329031288
chr18	21070752	22042903	0.497852945622814	9	0.211395232785521	0.897230647414088	2908	0.433057857499196	4	2	2	-6.73337738560211
chr18	22199675	53536225	0.498887148323135	628	0.0986421422979117	0.905465662105017	38334	0.489906424525753	4	2	2	-6.76044003074318
chr18	53842022	59126318	0.000956358881385067	104	0.0202146782088136	0.509833370147929	4790	0.276582437945159	2	2	0	-7.43059794975835
chr18	59140076	67236321	0.498753162309468	179	0.100092181792292	0.90213215557846	8990	0.58465774990163	4	2	2	-6.73633301892163
chr18	67290940	68229787	0.0133861981648657	16	0.076	0.527541835504762	329	0.391033531308134	2	2	0	-6.85821021338563
chr18	68487205	75751633	0.4406227911956	194	0.114602058812137	1.07703478782965	7285	0.648213627696715	5	3	2	-6.81737739415956
chr18	75780822	79753721	0.28598747616687	125	0.137339371513568	0.635516823641841	3241	0.277500724170379	3	2	1	-6.87284984535135
chr18	79934168	80250865	0.00342050126160098	16	0.0699027598406052	0.385020998942675	502	0.207718993376394	2	2	0	-6.82354269904535
chr19	261438	875389	0.00352079999079896	188	0.0423311995204338	0.918372506641305	4004	0.450949327575678	4	4	0	-6.73913469344607
chr19	877815	879855	0.253022988633516	21	0.147419437240109	0.385569023729458	75	0.282687722528709	4	3	1	-6.74394247289318
chr19	884782	24394098	0.000461967781354711	3302	0.0306553851365099	0.873017380097451	152666	0.440514508256014	4	4	0	-6.75603670140722
chr19	27750102	30014790	-0.00132340384423557	28	0	0.44363643929555	1216	0.214219518209257	1	1	0	-Inf
chr19	30548088	32344285	0.169246940443046	99	0.124441610773315	2.11090876171794	4067	1.59829986199431	11	9	2	-6.7481818877955
chr19	32371193	32979968	0.498814454999519	112	0.0932504256928186	0.897838138113391	2978	0.556769088128526	4	2	2	-6.73325079781318
chr19	32989170	34198858	0.21357846085372	314	0.111475014887922	2.01522360885771	9164	1.51664695297101	9	7	2	-6.73665435306586
chr19	34201583	34538995	0.149381262237381	137	0.0892318159713067	2.88406964379993	5014	2.45759387602847	13	11	2	-6.7345316360591
chr19	34542503	35325673	0.212500986333053	203	0.0972939335013817	2.19915989136692	7716	1.3561572983431	9	7	2	-6.74132708395403
chr19	35343571	45294335	0.000639340135606015	865	0.0585244487635967	0.429622125284662	39199	0.173703795881364	2	2	0	-6.94948497343398
chr19	45346892	45415591	0.0219386583882601	9	0.180697798670721	0.425840447094002	612	0.165380703501004	2	2	0	-6.74458393024924
chr19	45419065	57254064	0.0023836596395666	1617	0.0615716932352115	0.432924253796313	51197	0.171210867558621	2	2	0	-6.89358143398783
chr19	57266320	58104435	0.257893542539699	154	0.109744826955737	1.6904497026048	11589	0.928436719571582	8	6	2	-6.73759752461144
chr19	58110895	58571001	0.343935454152619	134	0.112399763946587	1.17246617649645	4457	0.614577525971222	6	4	2	-6.75037564914224
chr20	157507	25773465	0.498887678417061	1025	0.0924047549255481	0.834239298321387	41644	0.424911850222678	4	2	2	-7.05527381481422
chr20	25773589	26172245	0.0562246816304485	31	0.178379449368444	0.8578015266103	347	0.480825069036591	4	4	0	-6.79334768084774
chr20	28559798	31075776	0.490358753817009	536	0.159541189168468	0.932150054726944	2935	0.577237053961218	4	2	2	-6.74553934596221
chr20	31170533	37546593	0.338301680595474	616	0.125271394915679	1.28909281730755	40726	0.747018444138742	6	4	2	-6.74165640231367
chr20	37649333	64327831	0.49890674277745	1298	0.105841767135673	0.878647074973732	64963	0.450560880017503	4	2	2	-6.74322364535569
chr21	5218123	13035101	0.316962414675099	569	0.153547456145953	0.751810664262281	3863	0.638915772685139	3	2	1	-6.90204058703615
chr21	13258899	13909636	0.0098719486638057	35	0.19863631731036	0.488293232507902	403	0.238563231045449	2	2	0	-6.79495102561229
chr21	13954084	22901203	-0.000148126076302546	105	0	0.442598756573768	3463	0.197821748616914	1	1	0	-Inf
chr21	23101805	23964367	0.499071717939421	14	0.078753928909492	0.883721553579064	395	0.421294032995197	4	2	2	-6.73320404546005
chr21	24837910	28557655	0.00676530503997741	24	0.131678021891565	0.443210641105687	1806	0.237431300896391	2	2	0	-6.73486750661809
chr21	28686525	30307943	0.00547496273880763	51	0.14505921711697	0.759483375485188	2179	0.440182760283384	3	3	0	-6.81831409821061
chr21	30333260	33276818	0.00239871010825188	81	0.00122222222222222	0.429487658093031	4288	0.172540198900421	2	2	0	-8.51431047139177
chr21	33389276	34015530	0.451822597651894	50	0.0623074961913304	0.906851445518253	3163	0.58709494679685	4	2	2	-7.07232110119489
chr21	34018019	34638693	0.0258707973059874	9	0.098	0.460251903419966	368	0.258769113812713	2	2	0	-6.78143528942841
chr21	34681202	35302747	0.314208518263368	24	0.109389006349564	1.31998549422029	911	0.867101481680324	6	4	2	-6.75136164742242
chr21	35313954	36453663	-0.00011908323442178	27	0.0384900179459751	0.454525777876791	1624	0.187239472275223	2	2	0	-6.74304699992199
chr21	36675861	42333507	0.36158282483247	348	0.122090849720518	1.16143407410913	13372	0.727922858132217	5	3	2	-6.80453820863597
chr21	42356165	46649541	0.498893123816067	507	0.0928723721362672	0.839735840918083	15072	0.411159244617109	4	2	2	-6.78160595583344
chr22	10685500	11583116	0.407721083937252	446	0.150450853131316	0.654681660058786	1947	0.606744954421272	3	2	1	-6.87670318272541
chr22	11587347	12793205	0.49846555010421	91	0.169634054883778	1.03187123507207	802	0.5899331267875	4	2	2	-6.779127414868
chr22	15541341	15833634	0.49850766586811	35	0.12942001845337	0.765862518123878	465	0.410562346314596	4	2	2	-6.75603489751738
chr22	15854494	50777721	0.498924936631456	3273	0.0989957200130772	0.865983982141528	125630	0.418434396541298	4	2	2	-6.81208981133865
chr22	50778136	50808020	0.497973821184072	9	0.193039503729159	0.77604359533766	88	0.41975585529737	4	2	2	-6.73496417893586
chrX	267093	7844040	0.000124932071218886	256	0.0743403074467311	0.603912318104097	5110	0.374093966421932	3	3	0	-7.03340235797114
chrX	9403572	52862789	0.132083529024765	38	0.12886068485934	0.888071531171792	31147	0.43452088047393	4	3	1	-7.19761073704666
chrX	63665831	155991011	0.145445088910769	63	0.152554325814212	0.967804301689755	58710	0.549598791930996	4	3	1	-8.10635006312063
chrY	3852347	11856390	0.277938477210803	88	0.166736584733556	0.885302099628709	1848	0.561660386507558	4	3	1	-6.75004816023274
chrY	12777994	56826746	0.490836523682765	26	0.180140872225472	0.914411532023108	2735	0.555513819053209	4	2	2	-6.80360667504134
chrY	56829673	56837148	0.0545203542957489	52	0.114726737768379	0.212530837009218	108	0.144533883963959	1	1	0	-6.86598099320927
chrY	56854908	56885614	0.346378352336389	105	0.129088986685606	0.540595758793375	332	0.211904847229775	3	2	1	-6.75708303391458
