chromosome	start.pos	end.pos	Bf	N.BAF	sd.BAF	depth.ratio	N.ratio	sd.ratio	CNt	A	B	LPP
chr1	13273	284929	0.339511722826434	11	0.14738471611892	1.02939535598472	201	0.814255199309154	3	2	1	-6.76036009868592
chr1	786325	16548994	-2.90286929561234e-05	1162	0.0690181596438323	0.460149032139334	34566	0.186048220647045	1	1	0	-7.03692170775406
chr1	16549071	16760970	0.352874207464115	121	0.144138696310549	0.458744726353671	975	0.192272092424782	2	1	1	-8.73254202464055
chr1	16856774	77321245	0.000159828232877857	1742	0.0406249577135175	0.468981607261183	94433	0.198556442830043	1	1	0	-6.93843245575989
chr1	77351129	78629896	0.284666584230156	32	0.097526423218564	1.49781876978805	3657	1.00353737024753	4	3	1	-6.8515687695297
chr1	78641214	83031247	-0.00225257755743091	22	0	0.440768060744428	1297	0.192370014021941	1	1	0	-Inf
chr1	83911469	84952194	0.182156265783676	56	0.112871884619963	2.54081992018766	4194	1.87113936475888	6	5	1	-6.74676017354802
chr1	85082262	86743270	-0.000881132546100449	48	0	0.484874846507127	2332	0.229927522137577	1	1	0	-Inf
chr1	86862175	89583481	0.341065666432692	172	0.114713949551387	1.45329126242013	5487	0.99061325396916	3	2	1	-6.73624739387429
chr1	89712777	91937632	-0.00252462764669537	40	0	0.49828456379757	1796	0.215172629987404	1	1	0	-Inf
chr1	91948063	109925387	0.194959113755047	1121	0.108791226078534	2.40319186268166	58565	1.67292620704058	5	4	1	-6.73465470250848
chr1	110018293	110899236	0.00301394230384855	24	0.053684650195998	0.462273920687662	1369	0.179658593206752	1	1	0	-6.74923907091035
chr1	111114236	115286692	0.19053432265092	376	0.100794683490044	2.34782849471275	23973	1.63440526129064	5	4	1	-6.73849906645329
chr1	115396544	120138981	0.316903016271657	180	0.115707656591588	1.38919955376769	11601	0.762924528655699	3	2	1	-6.74890440803795
chr1	120157252	124514174	0.022604644754966	32	0.172310692640901	0.561678771017075	1125	0.304069666717148	1	1	0	-7.42977250405526
chr1	125066017	248945580	0.330958015536141	6698	0.111416211235335	1.40602392620076	322308	0.775651097761547	3	2	1	-6.76419596205409
chr2	41404	89610726	0.000755244840035779	3059	0.0280585236909024	0.947069505028851	145116	0.475625683176003	2	2	0	-6.74074066580403
chr2	89610875	91987666	0.00696487373528898	105	0.164915322927446	0.839098154863413	2253	0.483495947082533	2	2	0	-6.83028812612424
chr2	94190317	97167955	0.0310329540252652	177	0.170609058816288	0.925684816853652	9299	0.419402635280973	2	2	0	-6.76098321204735
chr2	97181750	242183407	0.00196542228383506	4545	0.0365168880336898	0.939742832115647	234954	0.482437477077063	2	2	0	-6.80020911731878
chr3	51248	75630794	0.498924193824274	3150	0.0915981041027908	0.920404701788932	146705	0.439525602851326	2	1	1	-6.99430970327748
chr3	75630822	90507212	0.498788670953791	263	0.133680430695246	0.882136131404068	7236	0.439086897142726	2	1	1	-6.99288743178487
chr3	91392513	130032033	0.498903938114556	1224	0.0871172390128753	0.93564106141629	57762	0.475802357562275	2	1	1	-6.76495946159662
chr3	130083158	130170345	0.494215511837469	21	0.19819744844833	0.738579283966597	96	0.270861231221722	2	1	1	-6.77925847090034
chr3	130191363	195778868	0.498902616050606	1974	0.0913778395199817	0.95121399230241	93030	0.483565119926332	2	1	1	-6.73334705850654
chr3	195778917	195819274	0.380411007109003	72	0.135342237039147	0.726125192649888	398	0.205420098844978	3	2	1	-7.05662107680735
chr3	195831054	198150648	0.478201579680602	264	0.0972459284273164	0.956642310527828	8710	0.523627077912618	2	1	1	-6.76313091748101
chr4	46210	49061855	-0.000640186816438404	1316	0.0439259543978373	0.462280197872828	42892	0.204365371957681	1	1	0	-7.29393539992161
chr4	49093031	49154530	0.0401353594281804	12	0.180524908043855	0.0713904407891763	59	0.0552082609290499	1	1	0	-14.9910767824381
chr4	49157695	49627355	0.138332486391518	52	0.16934518884936	0.653383641367115	265	0.337802805609154	1	1	0	-7.34640117442656
chr4	51848345	189382518	0.00123134968320154	2175	0.0296151975259253	0.471080797419848	94892	0.208911114175126	1	1	0	-6.94434804514946
chr4	189881370	190179746	0.498387127260467	23	0.149240170391547	0.519774879796743	331	0.238371150484148	2	1	1	-7.71034362137343
chr5	110077	404486	-0.000627735998536383	63	0.0569466472667236	0.463279122593329	760	0.378954846667846	1	1	0	-6.73402821210321
chr5	407689	619218	0.275154625668735	25	0.114968082527282	1.63193039615178	1161	0.903996462075658	4	3	1	-6.76532300668083
chr5	635559	893271	0.422005608828411	29	0.165200669138305	0.581207230163696	971	0.693538438616183	2	1	1	-6.94125414517122
chr5	955022	3113208	0.247607678592122	148	0.1199520281633	1.65827856405531	4966	1.14126698408592	4	3	1	-6.75228467142325
chr5	3425941	17011990	0.00178785526956471	311	0.0530849145490624	0.473508518887609	8577	0.301579551084929	1	1	0	-6.73651267987592
chr5	17016496	17719563	0.250461355766065	84	0.112812296822645	2.0311432867898	1988	1.17823094185096	4	3	1	-6.73429571459172
chr5	17895161	18757686	0.00950014406886102	12	0.144337567297406	0.625900791244664	179	0.521663427200565	1	1	0	-6.87453913619974
chr5	19028809	22936641	0.376917270150812	105	0.0984806818043249	1.30349532551595	2816	1.2441798433864	3	2	1	-6.86097782164618
chr5	22941028	33217349	0.23170459569907	499	0.11899234748136	1.87738398098853	16116	1.25072280767925	4	3	1	-6.74800004141089
chr5	33248128	45847891	0.32930925784879	557	0.113680442992495	1.46140350669826	28232	0.887450743979356	3	2	1	-6.73875731471807
chr5	49599598	49661790	0.00201723472078708	13	0	0.0387102809071426	48	0.0433338516062842	1	1	0	-Inf
chr5	50399974	181281936	0.498920690850511	3960	0.0925072840507453	0.941270854784436	195713	0.472301933084624	2	1	1	-6.78075088363488
chr6	160049	32485632	0.325439573753718	2780	0.109718404123612	1.39182025209897	102088	0.747055084373656	3	2	1	-6.75954891600129
chr6	32519398	32660945	0.220394429411669	45	0.150553950194579	0.359816415225041	124	0.361394888826718	1	1	0	-7.85371637324545
chr6	32661826	60964235	0.329575080978475	2148	0.10967466841045	1.40671070092173	91102	0.754028885631345	3	2	1	-6.74077790601775
chr6	61133505	65374405	0.338224524398501	106	0.11880175072297	1.39845817168574	3948	0.883906386447474	3	2	1	-6.73551684554664
chr6	65402516	170640200	0.00268642895348092	2193	0.047923148533323	0.485106571013549	83590	0.320645329600116	1	1	0	-6.94031834993877
chr7	31439	58091617	0.253469544749652	4982	0.111046453371101	1.83449719397547	173703	1.14432934566597	4	3	1	-6.77085661029601
chr7	60981607	65822609	0.245208680275691	577	0.131014142178802	1.88514262690448	12068	1.18115790774025	4	3	1	-6.73405288506544
chr7	65822740	66974940	0.138956955771791	56	0.134847908554632	1.86496482188587	7937	1.15541554974846	6	5	1	-6.85101856457357
chr7	66975981	100952498	0.250073156632887	2976	0.116706087700248	1.87081655378047	131662	1.19552326829494	4	3	1	-6.73761033490777
chr7	100952544	100959720	0.151357715555795	65	0.0820630269038096	0.988761178785455	601	0.449456318476584	7	6	1	-6.77077209732273
chr7	100959868	152162865	0.254550802630676	3864	0.113441075593482	1.79384609049546	176686	1.1193554603349	4	3	1	-6.82082032390515
chr7	152231395	152416528	0.270846020511221	102	0.142829010660153	1.51401473796283	1313	0.924845638565632	4	3	1	-6.75261808911203
chr7	152429815	159177989	0.253781340737227	409	0.10652833556995	1.78262878023484	19197	0.997142636897285	4	3	1	-6.75158560200704
chr8	75751	43292832	0.498898283988123	2113	0.0967748464623847	0.938410804106222	71240	0.456578542068514	2	1	1	-6.7599476955201
chr8	46035974	144999793	0.498908617719369	2898	0.0940321079641676	0.92937359084346	124231	0.46773885606421	2	1	1	-6.89048591535373
chr9	117713	35725433	0.00209555573443237	628	0.0133265081031174	0.462397867965579	28315	0.197889597171441	1	1	0	-7.18407376338682
chr9	35735998	35870004	0.498710702208288	14	0.129330503443229	0.874182593494845	1326	0.289403832312279	2	1	1	-6.74011874023648
chr9	35906522	36643656	0.00238001788990683	42	0.100119977388339	0.522384570010523	1726	0.361340100948184	1	1	0	-6.76230063189811
chr9	36649217	37020625	0.00107123592402292	21	0.110992149014501	0.868767264430799	501	0.368938153534888	2	2	0	-6.74686130240395
chr9	37132862	37516745	-0.000844488821657441	18	0	0.461091864849286	649	0.188355500932906	1	1	0	-Inf
chr9	37519229	43268256	0.498686483491237	441	0.147782309872025	0.878489603011135	5683	0.437537768979029	2	1	1	-6.84820155386515
chr9	61553505	65648428	0.209820940281165	100	0.149051799009199	0.808102206697061	1497	0.52308998525364	2	2	0	-7.96744820510916
chr9	65650075	138149114	0.4989270250619	3651	0.0979072136965328	0.921684567941784	156412	0.433390978632775	2	1	1	-6.9711494181205
chr9	138150743	138199123	0.332009639132941	21	0.180288076356121	0.925539619040669	157	0.737476658601944	3	2	1	-6.74309828412496
chr10	57196	3248122	0.108223227877016	17	0.101742177037035	0.914306982120167	4482	0.427023697349187	2	2	0	-7.36239343332218
chr10	4959438	38655237	0.498885731132426	1301	0.0974449956899051	0.935568555221968	58659	0.478621959318677	2	1	1	-6.76080391956122
chr10	38655438	39475690	0.376948609866483	48	0.135608943145328	0.855587205593362	250	0.386011995339762	2	1	1	-7.22801869124145
chr10	41850715	41904352	0.0590147785272606	9	0.0512350249124344	0.352848165223084	25	0.48200651102103	1	1	0	-7.45149209015325
chr10	42067626	42280865	0.176722335260699	23	0.134047555127175	0.806046864788717	185	0.43266972027057	4	3	1	-7.37423287578466
chr10	42283185	133622519	0.49892040571971	3228	0.0956736426831963	0.939486513255041	164354	0.472599673829794	2	1	1	-6.77799692165451
chr10	133625802	133787094	0.0519814821800908	9	0.135884244037996	0.482429650942224	65	0.30381201646109	1	1	0	-6.81975171693919
chr11	219089	1017240	0.498838848296385	213	0.0922275485919704	0.892461531928597	6640	0.373195749018424	2	1	1	-6.74758465985265
chr11	1017302	1018483	0.179771187847309	23	0.128306405127873	0.634802467102359	73	0.107571748736979	5	4	1	-6.85304512235469
chr11	1019375	50512765	0.498909396089733	2076	0.0904616964635099	0.910575789177683	93838	0.446118161883414	2	1	1	-7.01896807070224
chr11	54603136	56700571	0.499067846220835	89	0.0845371840990902	0.866693329170955	4066	0.377861582431158	2	1	1	-6.81035341440629
chr11	56700635	56701244	0.104853985136377	20	0.114833288773449	0.587182305227876	53	0.0711127959882439	8	7	1	-6.99400051516338
chr11	56740556	135057684	0.498927988794775	3843	0.091453551527297	0.930023123762614	178360	0.430988724107654	2	1	1	-6.87195094292299
chr12	13488	11021677	0.498874713037691	656	0.100605675699093	0.931919943538275	36831	0.430516727246108	2	1	1	-6.74978211944787
chr12	11021773	11091871	0.498234313315667	32	0.182323434251934	0.845416301901164	355	0.2398382856147	2	1	1	-6.74343635276075
chr12	11120964	25804028	0.00361851490028975	443	0.105712616021904	0.979975954936957	21015	0.509249588257149	2	2	0	-6.76142597696276
chr12	25804106	25804438	0.0866112549908805	12	0.0790406493041665	0.587235543582648	20	0.0953955201419747	11	10	1	-6.83782796037027
chr12	25846106	34523014	0.499042409396952	368	0.0926047807683741	0.956715675284438	14920	0.484976612238584	2	1	1	-6.73356141778801
chr12	37418138	133223702	0.498928244682479	3896	0.0953740494266437	0.941513775270894	215541	0.476367383322218	2	1	1	-6.76596789917423
chr13	18177561	18446552	0.494763469095856	26	0.171163156531557	0.496337241650165	297	0.366925352869238	2	1	1	-7.20379842126503
chr13	18446716	114283129	0.498906810471112	3024	0.10120952090543	0.945373474742462	111511	0.487429858111773	2	1	1	-6.74607564135709
chr14	16099245	16402213	0.349438794970407	2	0	1.18374251096286	14	0.376762561134367	1	1	0	-Inf
chr14	18330642	19936608	0.322313537656453	107	0.120088263255032	0.885206444644733	2058	0.375674984485292	2	1	1	-7.85875517726197
chr14	20034762	106874913	0.498916537564621	3679	0.0996205527854279	0.939482084780797	174821	0.452747499811613	2	1	1	-6.7796247725724
chr15	19964897	23440748	0.490902351071839	333	0.131307988538852	0.877365175870284	6029	0.457522173548315	2	1	1	-6.80214147102419
chr15	23442561	101980715	0.498929874724453	4255	0.0909461426228433	0.939599351234108	179797	0.46178755117045	2	1	1	-6.77286286235236
chr16	35057	33915922	0.498901936524476	2456	0.0985836798114896	0.916857293165507	111460	0.42521774718045	2	1	1	-6.89087517162613
chr16	34064791	34163188	0.0232377507213802	13	0.17621795944446	1.10739566898655	115	0.756634257346162	2	2	0	-6.74579128155041
chr16	34266193	35301693	0.493195181635706	58	0.139194771859458	0.709146695894049	903	0.296701801218363	2	1	1	-7.29270631184263
chr16	46386441	46401496	0.399893682310279	56	0.100221493339866	0.62166644226752	802	0.140935449100636	3	2	1	-7.28598207150074
chr16	46401545	90175110	0.498911111039842	2837	0.0946206304569086	0.923971246551411	104931	0.445119907715513	2	1	1	-6.85186062147691
chr17	84658	21290766	0.498908958777148	2284	0.0938143412867734	0.919834689302755	84738	0.423525279085431	2	1	1	-6.81740591403491
chr17	21290834	22661501	0.49856063398246	281	0.156209874807229	0.782314074251332	1864	0.400314560585369	2	1	1	-6.92525747169424
chr17	24421438	26939392	0.498100274073909	13	0.177737850751447	0.706477378166202	163	0.503335375760846	2	1	1	-7.22265381049234
chr17	26981904	31962467	0.49889101500975	369	0.089933909986331	0.933856919580036	21016	0.431413373012573	2	1	1	-6.7392745615742
chr17	31963476	31964327	0.0113397064671373	9	0.0556666666666667	0.563726423769579	19	0.239850733309294	1	1	0	-6.75807787684348
chr17	32009728	83135686	0.498924119935601	3827	0.0928683181761388	0.936574953946318	181746	0.433169693401985	2	1	1	-6.778257200746
chr18	48011	15341512	0.00319813040537392	466	0.0589434301035693	0.477676411252896	15231	0.227162825105259	1	1	0	-6.73658254057109
chr18	20954676	80169145	-3.84584208870664e-05	905	0.0128205596835292	0.461961851112503	40070	0.208675538555393	1	1	0	-7.4009554158632
chr19	107381	875389	0.487303938938221	139	0.0850154683650471	0.937576567062999	3588	0.379696607104119	2	1	1	-6.7471600312149
chr19	877718	879743	0.194328386326546	21	0.115520251780493	0.482300160400505	80	0.227562637085855	5	4	1	-6.79369878710537
chr19	879791	24364826	0.498927900924611	3825	0.0908041074244502	0.929053399754908	142818	0.440532106849081	2	1	1	-6.77724267091213
chr19	27750102	58500660	0.498928230310067	3893	0.0926950335920781	0.910332330530619	165448	0.387871282237584	2	1	1	-6.97273398215387
chr20	113290	25773504	0.340444327286902	1621	0.105366739765548	1.35665793716949	59197	0.736147877901537	3	2	1	-6.81045614763389
chr20	25773570	26132275	0.252897098885582	40	0.152018647641562	1.30448405421313	477	0.568156857462883	4	3	1	-6.82727355928324
chr20	28559257	30980230	0.0996521707104095	570	0.153412123142289	1.18167457438705	3191	0.801504809073326	3	3	0	-7.05635431830595
chr20	31058918	31237425	0.0336094883640029	17	0.199373079928058	0.223064230262331	83	0.18756681873365	1	1	0	-8.12899114974524
chr20	31248651	64302540	0.335793698777984	2675	0.107587735148455	1.36764609141684	126107	0.736699742671438	3	2	1	-6.80179519405494
chr21	5218123	13096316	0.251945088200598	608	0.149033746999209	0.650779600615246	3669	0.463911631310046	1	1	0	-9.70670881031439
chr21	13255471	46692803	0.498897100935286	1453	0.0986424700075721	0.91547631847238	53606	0.443364219365339	2	1	1	-6.88800083006353
chr22	10685603	12797396	0.277102270906717	576	0.155354388656643	0.779905520290053	2622	0.448056191975718	2	1	1	-8.00923012249647
chr22	15541341	50798635	0.498912215771032	3007	0.0979377971331842	0.913616087632793	115689	0.415003917344022	2	1	1	-6.93751567155646
chrX	256750	58394685	0.49889322501536	1728	0.103792780222046	0.907531331686965	93030	0.422842611835866	2	1	1	-7.15492438340693
chrX	64044080	141906066	0.498889383277713	1491	0.0989685140595105	0.909135655375189	92972	0.424592602756769	2	1	1	-7.24511362095577
chrX	141906073	141906356	0.108181328034038	9	0.0589585541809762	0.573357152802243	22	0.328200778613109	9	8	1	-6.7408822504884
chrX	142028658	155985886	0.072389710372896	265	0.0883166825736332	0.870335487908592	21621	0.390242663889938	2	2	0	-7.52682656406428
chrY	11111650	11381796	0.498242952927677	21	0.210373782994528	0.216980133672751	98	0.185857329073838	1	1	0	-11.0181818389423
chrY	56830432	56837148	0.0297257828409083	55	0.132594549202124	0.27818478499092	120	0.22139044688511	1	1	0	-6.78669120697553
chrY	56854987	56884113	0.49852675165316	90	0.144638258571848	0.713231212539652	296	0.30073863467421	2	1	1	-6.74919831989599
