chromosome	start.pos	end.pos	Bf	N.BAF	sd.BAF	depth.ratio	N.ratio	sd.ratio	CNt	A	B	LPP
chr1	13273	124250861	0.498902618934432	6416	0.124610252898854	0.878030429730858	250758	0.392705079227587	2	1	1	-7.2659606934794
chr1	125065988	248860762	0.329151064212696	5647	0.118994398939599	1.34366585513828	253107	0.572237939113398	3	2	1	-6.78254315435694
chr2	46145	89759477	0.498887204537154	3488	0.121041776087621	0.894711504919413	130799	0.405043211840211	2	1	1	-6.81504046966956
chr2	89841131	92007009	0.274512875576018	85	0.158342426688604	0.905164163102082	1743	0.394651992847573	2	1	1	-7.75453870873491
chr2	94194584	95939302	0.310989338485063	49	0.116298645735881	0.906483779826427	2612	0.427967870699951	3	2	1	-7.58257491602427
chr2	95939328	95954125	0.248496030182005	65	0.142910377375257	0.788911801152038	176	0.30693686118361	4	3	1	-6.79807797045837
chr2	96019350	242183318	0.498897986620393	5300	0.123159988160391	0.897775419867881	214525	0.390141582229406	2	1	1	-6.82171048263694
chr3	176516	90613961	0.498880633122348	2747	0.124296850255871	0.891917280737299	136707	0.389253296836709	2	1	1	-6.8601971918294
chr3	91404517	198150648	0.49888894475799	3723	0.1236406309272	0.90660110306976	143657	0.404882710874331	2	1	1	-6.73595139057712
chr4	46210	48903934	0.498869385055083	1871	0.124433391123417	0.903644562314427	62360	0.411688779125157	2	1	1	-6.73925581162372
chr4	49107430	49158542	0.0208057768584945	21	0.1664423252032	0.305522538640205	72	0.528329886246364	1	1	0	-6.75967784433996
chr4	49158592	49609124	0.498348636615836	49	0.170187534116655	0.89331498008008	272	0.389641513299	2	1	1	-6.73362994119767
chr4	49609252	49711644	0.497918435790875	11	0.209857137552713	0.355779759682752	35	0.309318163143421	2	1	1	-7.25080882727295
chr4	51838815	190179746	0.498890231194896	3909	0.12276566961121	0.930156394750386	143060	0.416219050609819	2	1	1	-6.97513681121018
chr5	36740	184744	0.0135020368544093	22	0.0527261363513908	0.829229887494338	336	1.54082465389056	2	2	0	-6.77243570644927
chr5	195203	1188923	0.182590661045381	239	0.108415691355694	2.04513320918808	4524	0.929030024558667	5	4	1	-6.75613862658597
chr5	1208849	1297739	0.0792042129111349	36	0.082390413026821	5.47737009003942	1626	2.15023538132334	13	12	1	-6.73355596936565
chr5	1309789	3244281	0.262808870130693	89	0.141821010176479	1.31700123083689	2016	0.696452506221424	3	2	1	-6.8807397648129
chr5	3270631	7306394	0.00715884834193337	92	0.0242475758685128	0.728454241259372	2288	1.64504097329789	2	2	0	-6.82845769600761
chr5	7481298	7846890	0.118268671758866	19	0.0535079378709802	4.41896124596108	1251	1.92360794311315	9	8	1	-6.74409960466322
chr5	8037493	9823727	-0.00055792922142972	21	0	0.508048693354069	662	0.286029845939328	1	1	0	-Inf
chr5	10046474	10353717	0.143021076467402	45	0.0692022361990528	3.53563796708507	1200	1.90830779452441	7	6	1	-6.73359616030643
chr5	10365652	11189497	0.000170637283647301	31	0	0.446341871659192	924	0.221179465836021	1	1	0	-Inf
chr5	11266016	13864619	0.253120511558995	113	0.113161048432874	2.20476022890324	2826	2.21365916733748	4	3	1	-6.74529138735127
chr5	13865271	19360648	0.130483158099399	396	0.0898894844910615	3.1496885721802	13590	2.12814413085448	7	6	1	-6.74445257402623
chr5	19372885	20719296	0.0465113150474764	108	0.0439955028933138	9.27934227974862	3794	5.94701096808325	20	19	1	-6.73680974699558
chr5	20757924	21496989	0.498201623393287	9	0.145234293470929	1.15769002358392	423	1.6359670353482	2	1	1	-6.74279065037478
chr5	22580481	36802242	0.00526666537397735	274	0.0351971170667642	0.491100953028055	9830	0.698631089381272	1	1	0	-6.84933438471542
chr5	36831151	37360794	0.178949108315397	62	0.11264957622086	2.78805569663324	4274	1.34984482542301	6	5	1	-6.74023905128468
chr5	37367033	37712270	0.000223222210228857	17	0	0.484235643670422	335	0.255908032820296	1	1	0	-Inf
chr5	37759641	43731590	0.124459438509021	374	0.0801451445641956	3.50774926892709	18917	1.83444171488859	8	7	1	-6.73443508586837
chr5	43938254	44916390	0.253318381890557	11	0.0736312680616302	0.955368009452733	378	0.438744570154539	3	2	1	-7.73215491874897
chr5	49601846	49661770	0.00201723472078708	13	0	0.0924731484682948	35	0.0796973582219827	1	1	0	-Inf
chr5	50917215	181281936	0.498893984309833	4519	0.121849500749131	0.900156830610979	175771	0.399865043783785	2	1	1	-6.78013310268214
chr6	142899	32485633	0.498875154794997	2270	0.124950195920218	0.880322987634117	63501	0.388780159236103	2	1	1	-6.86274199079018
chr6	32521894	32661903	0.102409947950539	62	0.13321687228281	0.784845973399742	286	0.287199318093011	2	2	0	-7.0900805180161
chr6	32661939	60964235	0.498859026536688	1346	0.122607716888874	0.883069282932967	56374	0.374560614395201	2	1	1	-6.83326456011097
chr6	61133505	170561964	0.498886682474538	3421	0.122277294107447	0.912579903021463	125548	0.407471500446082	2	1	1	-6.73896754826044
chr7	50462	35775014	0.411097140519333	2321	0.1114274902444	1.53542476152511	74123	0.696905866962151	3	2	1	-7.57683275766313
chr7	35808099	58091527	0.314743271075814	1217	0.118415299400266	1.36599270379514	38407	0.610810264733953	3	2	1	-6.74789155469248
chr7	60958067	100976401	0.33189938985196	2567	0.130652802992216	1.36023561853787	92185	0.618620678576729	3	2	1	-6.73348380481744
chr7	100980568	142353283	0.341020673907745	1746	0.119510763525125	1.39241741701055	84632	0.605285198837366	3	2	1	-6.76500884893589
chr7	142353329	142774520	0.0758081065559728	93	0.146162629488524	1.3452226705198	1645	0.463862488930825	3	3	0	-6.89045611056888
chr7	142796922	152273892	0.308798961117376	462	0.106247166287232	1.29987764782721	23143	0.557712942385784	3	2	1	-6.80642952927944
chr7	152282067	152441776	0.0770183465383168	81	0.163147843464633	1.15921312020626	728	0.664277758215081	3	3	0	-6.86957024522745
chr7	152442769	155528864	0.363267110050816	136	0.129602637214621	1.37694710137294	4754	0.644461653421234	3	2	1	-6.76529056432518
chr7	155567611	159034723	0.222496065075165	237	0.128904420417181	1.15976616151431	6257	0.519363943609669	3	2	1	-7.34238500864064
chr8	213553	43672929	0.327541535977688	2654	0.117651962119011	1.35566559020887	82002	0.626461229734986	3	2	1	-6.73674267465138
chr8	46785548	145066250	0.332641444341756	3031	0.118082049478167	1.37120473132606	142941	0.619232567506557	3	2	1	-6.73780888763767
chr9	103776	39118199	0.000584317479689539	1331	0.124942569992413	0.89477572911297	50480	0.407558870943367	2	2	0	-6.7682040806033
chr9	39120445	42953460	0.498614443579951	226	0.149055936257925	0.938667668007432	2092	0.475353875282858	2	1	1	-6.74351584752771
chr9	61902912	63979865	0.423459140362959	93	0.172304102098044	0.910707198620764	775	0.423726753943114	2	1	1	-6.84917434010048
chr9	64055256	138214444	0.498889562783011	3811	0.123436144522072	0.88052423553831	141253	0.390058404284264	2	1	1	-7.01678844306092
chr10	48143	39967657	0.498853607195635	1882	0.124530220620768	0.910035075219229	58938	0.428516229475977	2	1	1	-6.73322937841251
chr10	41860304	42280898	0.498263055861111	28	0.152754029900339	1.41738501285558	309	0.717868191088312	4	2	2	-6.7633146003543
chr10	42283185	133787106	0.498891692559164	4134	0.124741220115548	0.884335946189646	148449	0.398990019734614	2	1	1	-6.98453454139213
chr11	198062	50422246	0.00272824132366323	2172	0.0570624817780444	0.443388883677236	67171	0.206673797362368	1	1	0	-7.14029081750404
chr11	54591999	135010135	0.000271162555533555	2737	0.0322774582918003	0.438084822405844	121632	0.206135828348028	1	1	0	-7.97760443657397
chr12	12906	33424055	0.498862521693318	1870	0.133761550440979	0.883591050238755	65067	0.382303333219816	2	1	1	-6.84186517546374
chr12	38723677	133239285	0.498891337920373	4078	0.125426289445689	0.87943489213983	191622	0.386854671099477	2	1	1	-7.1226949280718
chr13	18177561	18212034	0.426041815472187	16	0.137037464463798	0.819876687930001	75	0.344842968309915	2	1	1	-6.90474421402753
chr13	18212059	18212401	-0.00319841251747544	9	0	0.105602378027034	14	0.130084503389059	1	1	0	-Inf
chr13	18226578	114299210	0.498866724826811	2891	0.126948478473018	0.915260814080355	101335	0.422587389392157	2	1	1	-6.74794023120768
chr14	16037128	16402077	0.135031924979328	3	0.179518801243769	1.0433913277175	33	0.482489574388856	2	2	0	-7.07244353642929
chr14	18289867	19680240	0.424834946608793	57	0.151203753881873	0.963364763964893	906	0.3958783170507	2	1	1	-6.89561763546226
chr14	19797042	106872974	0.498892626801218	4286	0.12242475285835	0.885732861515916	156791	0.390985965575061	2	1	1	-6.95564149876581
chr15	19964897	101980715	0.498895281562291	4756	0.126301045981257	0.87833009531957	167892	0.384306865976142	2	1	1	-7.10336648823999
chr16	11641	34268594	0.498855558386227	2436	0.130333718568855	0.857710668130334	98849	0.383730467705512	2	1	1	-7.17141087744482
chr16	34571817	36162586	0.371361040687646	74	0.135468471517429	1.3170923322482	1476	0.520826783445545	3	2	1	-6.78417410288893
chr16	46386441	46401452	0.377081974896819	58	0.114091881175973	1.54185967781586	1016	0.47683012089691	8	5	3	-6.76224771077221
chr16	46401545	90099701	0.498872089905201	2612	0.121608732246402	0.872136915595017	94086	0.394183195360249	2	1	1	-7.01006491523505
chr17	162046	21290766	0.498875602032242	2305	0.128843152551359	0.856510170658333	75710	0.367518407287657	2	1	1	-7.04869728045895
chr17	21290809	23016487	0.28923873675844	321	0.1585693204889	0.827369702969565	1823	0.450452062024739	2	1	1	-7.68562926575643
chr17	24421438	30746755	0.498794877304569	255	0.130459844889563	0.866470462964502	14830	0.37227685865044	2	1	1	-6.79548657464845
chr17	30784350	31756981	-0.000578330410163641	33	0	0.442940572400394	2104	0.207886924613813	1	1	0	-Inf
chr17	31805573	68377161	0.498872730419075	2091	0.1222434612683	0.861163170385824	114779	0.378860620342832	2	1	1	-7.15058270835629
chr17	68379987	82150353	0.339043277413557	1818	0.122120577551965	1.26733890321676	55012	0.560420463233202	3	2	1	-6.87210846189463
chr17	82150426	83194874	0.498719504240126	166	0.115898541352125	0.886175764869852	3976	0.366723744902301	2	1	1	-6.73613135176933
chr18	47858	48476	0.412220597459451	9	0.0482047139234789	0.491564929566778	24	0.143976522844646	5	3	2	-6.81298976675099
chr18	69366	461535	0.0114015463071452	33	0.121913399156694	0.475869217883818	853	0.29641711417994	1	1	0	-6.74390367627528
chr18	480564	15341512	0.498793921794776	762	0.122327679362851	0.896027286356771	22549	0.41037005444506	2	1	1	-6.74411442646152
chr18	21075790	80257347	0.49886344662328	1545	0.11790644023615	0.916330280791179	61735	0.421233863968397	2	1	1	-6.74574452607855
chr19	336102	24394098	0.498887669488153	3549	0.127639810591381	0.869256816232466	127023	0.372588947928137	2	1	1	-6.9346236292797
chr19	27392072	58571238	0.498891629655132	4124	0.1269584233299	0.868501195233341	144836	0.364228782935548	2	1	1	-7.01337799148174
chr20	96321	25775036	0.498852547495694	1107	0.120392522862921	0.883763510109704	38017	0.399826093715478	2	1	1	-6.80890129123078
chr20	25775425	26081461	0.0165668528762295	17	0.12593158740317	0.948561879141813	200	0.426407803457261	2	2	0	-6.74522203113069
chr20	28559278	29788763	0.498647602313468	340	0.162621125748316	0.799517853710864	1320	0.417515709345889	2	1	1	-6.80204728006214
chr20	29789978	31274100	0.217386519849914	224	0.164310431809064	0.816113536283052	1126	0.402773968616574	2	2	0	-7.69670721094923
chr20	31274572	33305830	0.498830793891607	238	0.115634794433996	0.87007153699437	8222	0.384411596787564	2	1	1	-6.74890032824101
chr20	33309748	35594124	0.256931841939453	212	0.116248341484815	1.76233567312907	13831	0.850508297993765	4	3	1	-6.73700237194976
chr20	35687167	41420459	0.498718111898805	181	0.119805786412634	0.878100510767358	13595	0.421074851021011	2	1	1	-6.75630768788714
chr20	41483260	44799113	0.225672632022968	245	0.119972455855227	1.95794924529926	9227	0.915073587942807	4	3	1	-6.77061362103197
chr20	44842470	44960161	0.172191068415606	15	0.131422147876151	0.834352801614255	497	0.309799486007962	4	3	1	-7.35243617759761
chr20	45174972	48642223	0.155575290467372	481	0.0956335238570052	2.76467775832091	18695	1.38763007652976	6	5	1	-6.74129077141656
chr20	48643971	48953521	0.214406489328527	16	0.121967208707915	1.44991573898504	947	0.668337569898596	4	3	1	-6.80491692941466
chr20	48962069	49719113	0.119930825656171	150	0.0849428664414153	3.48870261855935	7203	1.6895607704861	8	7	1	-6.73543883408675
chr20	49722703	50610757	0.215914804343376	135	0.105125249996581	2.27356021683425	4638	1.26161361050358	5	4	1	-6.74674953042828
chr20	50637573	50831224	0.0803200001544926	73	0.068477698599467	5.38428075530842	2413	2.84574255093869	12	11	1	-6.73419374198659
chr20	50858977	51218133	0.16523058662793	33	0.125435559334084	2.49275233169855	1593	1.21166375990273	6	5	1	-6.73429401219289
chr20	51247236	52119301	0.498697589675039	86	0.105906895202515	0.898176798511097	2337	0.43682999888516	2	1	1	-6.73351846272007
chr20	52124895	54066165	0.100957828066014	308	0.0756150422775699	4.22754236112998	8413	2.69320878593741	10	9	1	-6.73396939835009
chr20	54095588	60323891	0.326996412918604	291	0.130788049257769	1.25861761258471	10740	0.760218985863065	3	2	1	-6.77565148313705
chr20	60440779	64327831	0.141479322057878	687	0.0912912973475179	2.90124506698184	21750	1.45350040627514	7	6	1	-6.74255287008041
chr21	5034010	13036312	0.493374956505843	699	0.154943211933838	0.904143158433878	3619	0.408670805523496	2	1	1	-6.73497316338353
chr21	13249755	46550783	0.498861027002013	1432	0.127992155934423	0.893608186015394	48002	0.401576229015923	2	1	1	-6.76928960230397
chr22	10664499	12705518	0.495934144279921	707	0.163995229268544	0.861580498276123	2724	0.396964947485211	2	1	1	-6.75568098302012
chr22	15563285	50770109	0.498882982986219	2988	0.129227617003885	0.857963732244747	104290	0.387387672400927	2	1	1	-7.17067876253044
chrX	256750	52862789	0.498691791239513	374	0.145179197316086	0.909316979289481	35254	0.376659239972716	2	1	1	-6.73309572476816
chrX	72912985	155985886	0.178108722256809	38	0.180573773357225	0.900447938109847	41623	0.344100349615417	2	2	0	-7.3043380346171
chrY	10980663	11788344	0.387962393256958	64	0.172928636992441	0.804837454642902	418	0.462672735203194	2	1	1	-7.00825074163766
chrY	19413653	56831877	0.49464703793797	37	0.153714352297052	1.02246419161559	1168	0.391666465712976	2	1	1	-8.27970804666429
chrY	56831904	56837148	0.0632636704599792	40	0.115571611721467	0.369593369980638	89	0.212877126749099	1	1	0	-6.91060496268166
chrY	56854825	56884113	0.466621677934519	99	0.1510140887433	0.942233312006068	297	0.388673373934003	2	1	1	-6.76234884016661
