chromosome	start.pos	end.pos	Bf	N.BAF	sd.BAF	depth.ratio	N.ratio	sd.ratio	CNt	A	B	LPP
chr1	183629	1331360	0.498815980831227	75	0.144918614003463	1.08482736004884	4115	0.528562191591158	2	1	1	-6.73445996177417
chr1	1339949	1708390	0.498302411494099	19	0.191051874404441	1.14204907385318	2696	0.906448583786655	2	1	1	-6.73328281078164
chr1	1753033	12824986	0.498911153139641	853	0.0861893194322021	1.11837309277156	35742	0.662149113321165	2	1	1	-6.73380615211264
chr1	12875523	13239829	0.498435288681747	57	0.13774841083191	1.19569318520652	511	0.689915032525511	2	1	1	-6.73559060858149
chr1	13243046	25227648	0.498890354719987	932	0.103635277026803	1.12057965011656	40929	0.645167642068247	2	1	1	-6.73439798688878
chr1	25238313	26173205	0.032347417606495	9	0.195958612410319	1.13189063251967	3258	0.642996951145664	2	2	0	-6.74981000492016
chr1	26190776	34795328	0.498865785078999	395	0.111474355243202	1.11979520834265	29885	0.679660105864138	2	1	1	-6.73380233154348
chr1	34802767	35951296	0.497674511548875	9	0.198066767642743	1.13790126761353	4616	0.855605823907857	2	1	1	-6.73365520051171
chr1	36022658	58576639	0.483433566698142	868	0.114788270741181	1.12056730024167	60378	0.679013225208864	2	1	1	-6.74770285777095
chr1	58599068	58676108	0.0662901557602028	9	0.151574880651262	1.15743484007965	213	0.718731678272297	2	2	0	-6.84580093017549
chr1	58772164	121556368	0.49890923155746	1541	0.11514673016764	1.13684387611018	85700	0.676730431397455	2	1	1	-6.77659757275321
chr1	124450920	145241802	0.236708595529494	36	0.149628990909633	1.11916945638985	1632	0.70748685529739	2	2	0	-7.95184652919922
chr1	145406229	155253658	0.498870588960448	432	0.12442443506156	1.10645492971771	36629	0.583669331671072	2	1	1	-6.73335817396484
chr1	155283785	155854390	0.497940968295203	9	0.199084222824858	1.11606643278594	3688	0.595456459868942	2	1	1	-6.73311467620245
chr1	156055305	227434234	0.498920377986724	2599	0.108113465845543	1.12124670828593	134916	0.659281087209323	2	1	1	-6.74154308262839
chr1	227488293	227508301	0.040720243930875	9	0.175612341378516	0.899992435423469	39	0.581462310346575	2	2	0	-6.76669084427454
chr1	227508332	239813614	0.498875629110125	786	0.0950154748600323	1.11494908797677	25353	0.661662693197035	2	1	1	-6.73333676131232
chr1	239907356	241548834	0.00142137475039894	43	0	0.546661646030973	1169	0.228622657552413	1	1	0	-Inf
chr1	241549863	248945585	0.245620325103756	338	0.108179149394597	1.08794234320865	15032	0.707961101414286	3	2	1	-8.39202563636138
chr2	41404	29223336	0.498903459122999	1021	0.0966034138700828	1.10604748855494	46682	0.610754558760079	2	1	1	-6.73400710481969
chr2	29233518	29793434	0.00202711158677749	14	0	0.564970581652713	266	0.26827305464487	1	1	0	-Inf
chr2	30033391	87400066	0.498912312824894	1771	0.111186737901352	1.11058819711223	85126	0.690433505148308	2	1	1	-6.73309289901973
chr2	87400845	92007009	0.498626101151936	184	0.14209254968649	1.14163986843355	5775	0.861821352884644	2	1	1	-6.73585643015478
chr2	94204114	95939329	0.495780124177591	34	0.17024497657761	1.1348488299756	2842	0.767831677219913	2	1	1	-6.73420147104304
chr2	95939402	95954125	0.141495020735273	42	0.131501858070364	0.922388035849844	157	1.22861537416256	7	6	1	-6.74518324251436
chr2	96013999	97113635	0.498800359716624	52	0.105675946797383	1.09672255120233	5667	0.546509019871714	2	1	1	-6.73347155448854
chr2	97151774	97164367	0.184334112940743	21	0.144391580680553	1.27341698268212	138	0.810493282315868	5	4	1	-6.747069720319
chr2	97167456	234903645	0.498924797854523	3963	0.111153674072814	1.11426286846857	206702	0.669293330618818	2	1	1	-6.73476902374217
chr2	235095980	242183350	-0.000505578948111429	242	0.0206930555482654	0.52494744094022	10194	0.224422474635616	1	1	0	-6.99132938211858
chr3	51295	15304417	0.498879395040762	500	0.104280139427208	1.07689833696514	25851	0.602726306904841	2	1	1	-6.75734697790154
chr3	15322549	15591815	0.0551470730952281	9	0.14295803580072	1.15905106544679	955	0.847536926333277	2	2	0	-6.8214168580343
chr3	16057811	75630794	0.498916290748683	2132	0.109046205847368	1.10537742678276	113178	0.655439396797164	2	1	1	-6.73515612772199
chr3	75630807	75676557	0.0717529478317237	32	0.168084485165127	1.05829320289618	190	0.818855538819798	2	2	0	-6.84051979679687
chr3	75696612	90202315	0.484640027441726	174	0.109199848457751	1.09328357943571	6344	0.686700560090593	2	1	1	-6.74959058931143
chr3	93470433	95166477	0.309079435948657	9	0.157192380363822	0.96267022228291	1025	0.661925341926913	3	2	1	-7.37580551711682
chr3	95264776	195608466	0.498923900742413	3103	0.105194961212689	1.11916944150147	141439	0.675607248976728	2	1	1	-6.74033543292539
chr3	195618957	195986645	0.303750088504368	152	0.137392788298378	1.0779071375055	2443	0.51500939318868	3	2	1	-6.91454357416407
chr3	195993824	198120692	0.0186405885228558	188	0.0952705933032041	1.11079510071268	7422	0.684181760949733	2	2	0	-6.75591182561395
chr4	13979	49261519	0.00254583609360848	839	0.0569144697936028	0.568213095858686	38540	0.270386456191983	1	1	0	-6.93586377317735
chr4	49266884	49629237	0.498366782588775	55	0.168252201670597	1.13951873402742	353	0.746232939020322	2	1	1	-6.73333880417652
chr4	49629248	49711584	0.132448014320802	9	0.145143702737819	0.120168747514408	31	0.403023065590357	1	1	0	-7.83468086572573
chr4	51837444	188357155	0.498924261660527	3161	0.11324179726861	1.13922401275985	150885	0.717262902086695	2	1	1	-6.83233408650513
chr4	188392655	189757841	0.418170459628902	37	0.1507796305772	1.13577460506078	748	0.722502335628313	2	1	1	-6.90550993037084
chr4	189881370	190179606	0.461213448146981	28	0.146662242898653	1.05253279213197	396	1.25285740859865	2	1	1	-6.77503501505117
chr5	162814	46206800	0.498883147537873	1184	0.112373192562864	1.1893711098018	52531	0.769225324726403	2	1	1	-6.94306391994352
chr5	49601562	49661122	0.00925344217021984	18	0.117851130197758	0.0224097926174587	45	0.0268715989156363	1	1	0	-22.1619587096585
chr5	50402346	181281736	0.319363075766837	2928	0.102962338224899	0.839993511386726	145392	0.453125468327591	2	1	1	-15.355325075214
chr6	242049	29927827	0.498905857835936	1329	0.0978048852543145	1.12027646402324	49085	0.660325913468485	2	1	1	-6.73598803708728
chr6	29927905	29928343	0.08640641140839	9	0.109213221625304	0.464046395531713	22	0.247523299003919	11	10	1	-6.76241554468561
chr6	29928495	31197789	0.498888566862095	310	0.0786363837797196	1.10452820020952	8909	0.627063095406002	2	1	1	-6.73321370246643
chr6	31222345	31384309	0.498483552514974	63	0.15261304641309	1.12110144754299	558	0.490535700681781	2	1	1	-6.73312269827931
chr6	31393232	32460012	0.498877366502901	301	0.085778137678866	1.13579014517544	11128	0.576038062554254	2	1	1	-6.7340792851823
chr6	32473373	32666690	0.151995777890751	70	0.104073175602156	0.966122577263942	492	0.440837077947318	5	4	1	-7.45908070926545
chr6	32668069	58123392	0.498887509911951	1077	0.111706371456487	1.12501583266444	62460	0.663031589242563	2	1	1	-6.73862172213916
chr6	60281655	67278061	0.251739244576689	208	0.124553749614801	2.31474023796101	7869	1.792297864171	4	3	1	-6.73534028441319
chr6	67395510	96850756	0.337946163568905	1099	0.135042053139352	1.74089027477738	45624	1.29027106755876	3	2	1	-6.75398913802382
chr6	96859906	100937210	0.256145867970812	82	0.144464710377359	2.02798295849653	6622	1.76514117279982	4	3	1	-6.74065007243439
chr6	101686118	159710962	3.59105160496753e-07	897	0.0201653263328035	0.568445330757509	45827	0.250936474414308	1	1	0	-7.01501500474832
chr6	159710964	159712539	0.0310286987062923	9	0.210628226978247	0.243452516418463	47	0.258717283433976	1	1	0	-6.75561316313441
chr6	159713727	170583760	-0.0010904929871447	230	0.0523634298245294	0.56319448571635	9039	0.331579954553505	1	1	0	-6.74463885961031
chr7	195451	10010690	0.498883928317242	784	0.10062144705102	1.07927242615783	24870	0.623023903726556	2	1	1	-6.74573557613091
chr7	10451479	58100284	0.000471154581625166	876	0.0484953407490245	0.556155473699209	35622	0.245703555010244	1	1	0	-6.73384722907532
chr7	63015998	100893176	0.000814384036642635	848	0.0665200159354202	0.562713537167174	41086	0.268518696748253	1	1	0	-6.78584325659242
chr7	100951933	100960725	0.118254028009975	90	0.113769169132914	0.373469233572276	422	0.131860768493426	1	1	0	-7.36735263928307
chr7	100960738	101003543	0.425335076427324	63	0.147644538951607	0.519260170231596	535	0.190534351243589	2	1	1	-7.26626415824768
chr7	101031028	112489954	0.0014850326307988	260	0.0692623911215807	0.534559231744386	13673	0.235030550321567	1	1	0	-6.91088067522846
chr7	112590835	114664508	0.498082427943211	16	0.183865609889397	0.815123674161571	1053	0.514813675946741	2	1	1	-7.15233209461677
chr7	115120358	142434067	0.494388373945515	932	0.121983758567559	1.18608956061069	47545	0.754293291970854	2	1	1	-6.85536035475358
chr7	142463487	142773976	0.498358521894505	70	0.184856939257682	1.16050642747685	1245	0.83083911760612	2	1	1	-6.73359199799522
chr7	142774347	152241498	0.479008751937474	550	0.100078111056487	1.17825438097547	22291	0.702340007138982	2	1	1	-6.7989453012393
chr7	152264970	152416493	0.278634290513322	97	0.139857244196701	0.951130744602799	629	1.00043075168944	4	3	1	-6.82275884975264
chr7	152418231	159267589	0.498855399718143	321	0.116892332123155	1.2041883777937	10661	0.689685383315122	2	1	1	-6.78874133189061
chr8	213553	7357962	0.464903216466202	321	0.0756464636388192	1.06531466346367	6597	0.601977297887496	2	1	1	-6.88017903002825
chr8	7399124	42784937	0.321786741889393	915	0.10634929067815	0.811454367442981	43985	0.448377312980911	2	1	1	-12.5643800231298
chr8	46258989	144916007	0.498916191749759	2122	0.111444842804584	1.11150821729873	118451	0.672740971008074	2	1	1	-6.73312541665342
chr9	117877	39024989	0.00213782555788877	674	0.0287483196375831	0.551708661643378	30096	0.251615070446522	1	1	0	-6.75314937685742
chr9	39025040	42795584	0.492767448347095	167	0.167432641430362	0.618106652096707	1151	0.410928495818012	2	1	1	-9.52465949225545
chr9	61221196	67800317	0.369243426251746	102	0.172627363586719	0.593861845268062	1210	0.359690476948338	1	1	0	-8.81564180625136
chr9	68384399	96407848	0.00171539798461462	516	0.0367435253121822	0.556781754264741	23388	0.26378789175593	1	1	0	-6.73572067538011
chr9	96417961	115186521	0.000935606134348066	786	0.00455716176755161	1.12223569323344	34933	0.674531425004575	2	2	0	-6.76076279043336
chr9	115187261	116271191	0.0252822429109157	9	0.122642887187875	1.15983134541117	558	0.618189886580658	2	2	0	-6.76157946322539
chr9	116385475	133086169	0.000881866367225315	848	0.0185086057476893	1.10467322480341	48232	0.616005919956392	2	2	0	-6.735226211096
chr9	133086427	133087198	0.0285184092457469	9	0.181769084280028	1.10758135300603	34	0.642571314283009	20	19	1	-6.74734770197981
chr9	133102196	138220869	0.0117075653867214	569	0.0622216739475034	1.05457328065738	23986	0.606049657277111	2	2	0	-6.77675331790135
chr10	47485	37624986	0.342954432219463	2881	0.128788987677988	1.72841437195617	94250	1.26188329671638	3	2	1	-6.75524999121602
chr10	37669150	39199630	0.166831937800902	57	0.152384378290123	1.74024550950959	2976	1.11729558967395	5	4	1	-6.9178907061211
chr10	41860304	42148480	0.367766797554709	11	0.156209765728942	0.763736872203372	163	0.399159826850163	2	1	1	-7.28345255024749
chr10	42279703	42283185	0.474026824962865	13	0.133370171193197	1.16728527063197	31	0.275313811174913	2	1	1	-6.75576678595584
chr10	42337130	46375390	0.000460125011943036	139	0.0836734801310372	0.5658919454196	4438	0.252559334932411	1	1	0	-6.74619289218416
chr10	46544623	46559872	0.498816437923877	27	0.10894275660421	0.531917676172631	107	0.236467332479402	2	1	1	-6.82055420788608
chr10	46584599	133689420	0.000450856874140593	1760	0.0358220038451384	0.57567680018826	88387	0.269913390008681	1	1	0	-7.53378271867086
chr11	197473	1013987	0.000930301371272313	166	0.0439955771284321	0.52801155929701	4565	0.211978763118341	1	1	0	-6.76115140455768
chr11	1016665	1215983	0.495252830793059	72	0.159508014623919	0.499132724615409	2036	0.192360809615713	2	1	1	-8.30699760825957
chr11	1225711	12627634	0.00306781032367359	627	0.0435938334082229	0.533715030191848	21336	0.245014625749924	1	1	0	-6.91230419356207
chr11	12878812	50553108	0.498889890846394	1011	0.113211071771494	1.06135776946597	51732	0.614352352251935	2	1	1	-6.85522829560414
chr11	54591999	56700450	0.478913836462508	119	0.0851183898661476	0.980487106195106	3914	0.486254888945756	2	1	1	-6.85192463034127
chr11	56700544	56740426	0.109109730650158	29	0.100126803840384	0.696421146421145	77	0.279667898207436	1	1	0	-7.38790948171023
chr11	56801946	134979904	0.498921441118081	2740	0.105448230077739	1.07259181050428	168085	0.595268903545303	2	1	1	-6.89185114912404
chr12	13488	34523014	-0.000541431148717131	1134	0.066120205921293	0.576032500417466	42303	0.267124985080142	1	1	0	-7.09452354154307
chr12	37540753	133234117	0.00161862580978511	2004	0.0326804655270818	0.57513470510627	123834	0.270331196193214	1	1	0	-7.56193204010285
chr13	18177623	18259990	0.123683603360286	22	0.121096862950492	0.930816478065989	254	0.639025570460092	7	6	1	-6.98571581869753
chr13	18268844	46258537	0.498878421902816	1001	0.110622999714951	1.09536257538653	43989	0.653787318542566	2	1	1	-6.7408777302943
chr13	46486082	50171259	0.00553792450395696	78	0.0210732709986549	0.562925579523888	3247	0.228737454659547	1	1	0	-6.78172420258902
chr13	50307240	114353955	0.498883264116709	1189	0.112379734989995	1.11673190532328	53580	0.68187412960272	2	1	1	-6.73535255774992
chr14	16037128	16402213	0.497642470204191	5	0.219089023002066	1.51868511874024	39	0.846734344368128	2	1	1	-6.76282118416183
chr14	18330642	106874951	0.404335849373762	4471	0.128882855711876	1.43990020978971	215274	0.94301513085537	3	2	1	-7.97201763089635
chr15	19881123	22519512	0.498709507575268	422	0.12349601831571	1.11379391559851	5655	0.753331097768365	2	1	1	-6.73311409658438
chr15	22546939	42528391	0.498900979733726	1081	0.104047451649777	1.11176298938644	43522	0.636583951537745	2	1	1	-6.73311442887334
chr15	42529538	50408440	0.498798634545684	173	0.159489161112705	1.11884328511394	21709	0.747655075874132	2	1	1	-6.73349284476729
chr15	50448082	58852000	0.00209247926555323	148	0.0206700499576311	0.62348819137325	9629	0.389648398329333	1	1	0	-7.15273857911193
chr15	58990372	101829176	0.49890808073979	1654	0.107915245997927	1.10503099810484	91686	0.667643082986919	2	1	1	-6.7347097242968
chr16	11651	1228806	0.498871162227304	316	0.0893854480791489	1.06770634741188	8938	0.596137426907369	2	1	1	-6.73635586468049
chr16	1229554	1256985	0.252246316407313	26	0.122901242404686	1.01457328816722	90	0.796702561051812	4	3	1	-6.74911990621531
chr16	1261332	1705415	0.316023985452798	194	0.093630657743288	1.62354799583271	4980	1.08244696029583	3	2	1	-6.75361974988223
chr16	1710090	32454414	0.498902041577633	1927	0.113685354116547	1.11902366210092	95929	0.657419383131345	2	1	1	-6.73534958854979
chr16	33048885	33979048	0.261263595472039	19	0.108245227330197	1.18275262420782	701	0.906993516933571	4	3	1	-6.99775242948323
chr16	34071624	34163188	0.0506909181768597	12	0.0708500336819064	1.47782090163677	116	0.97319203070909	16	15	1	-6.93077370349705
chr16	34573026	36162383	0.478443587126482	62	0.158585258587115	0.935540449050078	1513	0.494644667246462	2	1	1	-6.85698422252709
chr16	46386441	46695893	0.489909375121852	72	0.133839227327111	0.94210461986248	2199	0.580506202170387	2	1	1	-6.75136703120986
chr16	46952645	89617588	0.498913355313089	1858	0.104948782182458	1.11555399266635	95979	0.641883130529638	2	1	1	-6.73417890494596
chr16	89617601	89637016	0.497933166510598	9	0.173783629838947	0.969380714158606	104	0.44849299137464	2	1	1	-6.7341898172944
chr16	89637111	90094521	0.498861637661045	100	0.116970504354255	1.08798892096068	3747	0.609695465908163	2	1	1	-6.73340721666418
chr17	161655	3884018	0.00209495753336852	257	0.0803357334598079	0.54247635657909	9237	0.232900316873856	1	1	0	-6.75635214245708
chr17	3890878	4449244	0.355221309058812	64	0.109729971596946	0.855383562246401	2317	0.601072401707781	3	2	1	-7.14317296672245
chr17	4533919	20533367	0.00185505649969492	628	0.067906602005718	0.576021077649882	37618	0.312043089901717	1	1	0	-6.8610921230609
chr17	20541161	25074459	0.124557710244569	265	0.148340537307158	0.695173519148819	2528	0.422686292530071	1	1	0	-7.81136036488028
chr17	25389854	27234674	0.498095092951013	22	0.212462780035546	1.02951713077171	441	0.844027445334963	2	1	1	-6.742058626203
chr17	27262984	40820464	0.49887597671929	592	0.114013344237306	1.10052572013882	49024	0.645211623707982	2	1	1	-6.7348082921501
chr17	40834751	46134536	0.00235763163370406	534	0.0657298567240975	1.07344942533225	29433	0.61035989231658	2	2	0	-6.74382395315529
chr17	46142539	46553527	0.4985041341454	209	0.192982833521173	1.56377249620415	1651	1.49716251735648	2	1	1	-6.74590045383816
chr17	46710944	48596362	-0.00163193958139329	110	0.000381385035698237	1.10113243832553	6479	0.727497284863341	2	2	0	-11.3514894696968
chr17	48663014	59466929	0.336531326205974	695	0.134112650077724	1.6756117180328	37179	1.17244785148914	3	2	1	-6.73351565411532
chr17	59478441	60754266	0.09205518281453	29	0.158596406633455	1.70538005147502	7466	1.31504475895043	3	3	0	-6.92889193270874
chr17	60829195	83158753	0.344183957590978	2428	0.130978192329646	1.65938823751537	112915	1.11769218509721	3	2	1	-6.73733279862354
chr18	47941	229501	0.498141539268707	29	0.163249295595158	1.00669999888319	760	0.895475497109195	2	1	1	-6.73442510988437
chr18	334994	14666566	0.498879845617863	482	0.102169379057834	1.11992322882097	22145	0.672429395738629	2	1	1	-6.73434562041729
chr18	14706612	15341512	0.0311349818144292	11	0.136203857908251	1.21009815171465	876	0.838345683641207	2	2	0	-6.76818170312889
chr18	20968943	50276601	0.498891204281231	732	0.10038920993887	1.12222105269188	35020	0.689522416269938	2	1	1	-6.73690161952455
chr18	50279722	80169145	0.498870485615302	597	0.122928938965423	1.11741736038623	29423	0.715780093838107	2	1	1	-6.73427719861648
chr19	261438	1452020	0.00346158822736148	170	0.0782150927311556	0.537321013861289	5074	0.270468744768057	1	1	0	-6.74493894926035
chr19	1466345	24394203	0.498928934400995	3505	0.0999944287444857	1.12521402340051	139435	0.676966309993652	2	1	1	-6.73801351984731
chr19	27646333	54573515	0.498922814589383	2936	0.102217389704011	1.08203255366007	137055	0.581978444100431	2	1	1	-6.7659873074062
chr19	54573860	54866017	0.49863832603691	139	0.141717524465729	0.961393950221581	2312	0.397237618073805	2	1	1	-6.7562050930363
chr19	54866553	58572521	0.49888572084017	575	0.105916236680438	1.02610596460736	22489	0.517311885853795	2	1	1	-6.78502836341851
chr20	101574	1671142	0.00436732154845582	80	0.0905627937966424	0.551217141967147	2583	0.250507736904707	1	1	0	-6.73530318358751
chr20	1697737	2613544	0.322648903321164	27	0.0871339964269592	0.826171299344976	1397	0.448123877729982	3	2	1	-7.85457032775581
chr20	2636989	3544468	-0.0012519660977065	26	0	0.528901942599368	2549	0.19698369823856	1	1	0	-Inf
chr20	3584025	3805025	0.498768026703571	34	0.116403946616422	1.27276048766023	1958	0.914769118065621	2	1	1	-6.73602707091599
chr20	3864282	26208160	-0.000148640088985075	343	0.0536882900900803	0.557715473476057	15534	0.254288800233301	1	1	0	-6.73646447332827
chr20	28559767	31068783	0.498612187762081	464	0.16179122847513	1.01837682476755	2303	0.80642487722203	2	1	1	-6.75052900715368
chr20	31274100	64331973	0.498906305176899	1355	0.107458884237542	1.09219395008183	85250	0.621096247491777	2	1	1	-6.74788639180157
chr21	5218123	10737300	0.498684460710807	655	0.148316996566333	1.07282959443716	4457	1.0552315243279	2	1	1	-6.73669131670597
chr21	13003168	30371809	0.498848655756949	398	0.113057199856313	1.12705853534508	12696	0.663668856041318	2	1	1	-6.73802065254322
chr21	30436933	30881194	0.0347946721759257	9	0.105889224087146	0.954718224175402	713	0.398301474116891	2	2	0	-6.83544957248784
chr21	30881310	43009974	0.498889510607598	553	0.103900174363041	1.12151185911113	25630	0.612119266509646	2	1	1	-6.73485260693778
chr21	43011372	43262766	0.497918051615621	9	0.207878236261305	0.982774291016004	215	0.504809279308947	2	1	1	-6.74196598139342
chr21	43286834	46660984	0.498904520020242	312	0.0979038732535861	1.06564364208304	11884	0.619234474982321	2	1	1	-6.74222472766975
chr22	10662973	11279296	0.443747416970751	418	0.151584596798538	0.994279216765698	1583	0.739601905392017	2	1	1	-6.82284429470842
chr22	11285062	12797396	0.0645804525489742	215	0.16901109035603	1.33928705962012	1287	0.952994709602218	2	2	0	-6.85410238049107
chr22	15562384	50782420	0.498922177066747	2843	0.104200484789735	1.12205464174816	115018	0.651525159288757	2	1	1	-6.73805748700544
chrX	264289	2727325	0.00510711662017438	168	0.0945489223463283	0.526793745875031	2520	0.259229267196549	1	1	0	-6.79586054463417
chrX	3321908	55091242	0.133547240174961	23	0.0972995862589662	1.10244300608017	34607	0.56224306947707	2	2	0	-7.69798832669067
chrX	65956689	155985886	0.498198583244426	58	0.168683114279267	1.09589994557894	51716	0.556139673983848	2	1	1	-6.76521103621417
chrY	3852210	3852351	0.0048647445122989	5	0	0.210338047844523	7	0.0501127300621879	1	1	0	-Inf
chrY	11110692	11116236	0.498512547342986	10	0.202254652466747	0.663429579450013	24	0.336420016551084	2	1	1	-6.74086247680883
chrY	11158595	11295719	0.497898621499495	14	0.208418745861244	0.0861661593582739	36	0.196014339854439	2	1	1	-11.9363450840096
chrY	11295743	56837148	0.0209182841530156	78	0.148592925949917	0.299324153165186	262	0.278556797100001	1	1	0	-18.2222328248358
chrY	56854907	56887153	0.433319256331549	107	0.142434429626684	0.764364229169374	322	0.286646625803612	2	1	1	-6.894464756214
