chromosome	start.pos	end.pos	Bf	N.BAF	sd.BAF	depth.ratio	N.ratio	sd.ratio	CNt	A	B	LPP
chr1	76838	948711	0.338555528582167	9	0.149090110708629	0.915259565809941	569	0.357296202974945	3	2	1	-6.82209199227329
chr1	948721	31959155	0.49891375648572	2682	0.117851745172486	1.02747382375083	127178	0.524879120146177	4	2	2	-6.77214518787531
chr1	31993595	33092281	0.498244112421308	23	0.189971882670919	1.0517770635708	6445	0.551312629208535	4	2	2	-6.73308220449576
chr1	33101991	59449563	0.498906322176198	1356	0.109838612814602	1.04294016911565	82052	0.51775938686055	4	2	2	-6.73806356990196
chr1	59607650	118101807	0.00125186481622291	932	0.0175223077578276	0.537870110900165	55598	0.232021646482465	2	2	0	-7.0303492606099
chr1	118342903	119759796	0.284472316421373	76	0.105983027439601	1.7627018633456	3144	1.03757213906641	7	5	2	-6.73464055207685
chr1	119765315	123147058	0.185137048402641	124	0.129200641116176	2.30605628491521	5292	1.63310279740927	10	8	2	-6.75418303402924
chr1	125065988	176765620	0.246119642947629	1543	0.103817758863965	1.04271755326121	106402	0.52881573091277	4	3	1	-6.74365667263407
chr1	176800222	227389819	0.041429741178348	1664	0.0484091564373009	0.827973693521684	85406	0.372094709878556	3	3	0	-7.6041488609755
chr1	227459908	227507643	0.497981595921115	9	0.209549185422208	0.642543667390748	48	0.609940457142224	2	1	1	-6.73615080470514
chr1	227508301	248441393	0.0451205281602292	997	0.055913931697674	0.806024907813296	39721	0.38114112909084	3	3	0	-7.13752292515509
chr1	248453965	248945592	0.49806763361756	11	0.12759965802177	0.778556590428924	1090	0.268394148269764	4	2	2	-7.0841565697363
chr2	41366	24209970	0.335002209068152	638	0.103897932343577	0.782544132981635	25457	0.36345522055178	3	2	1	-6.74158676778
chr2	24302089	24957024	-0.000862595890242068	10	0	0.257279910666106	689	0.0922251896411571	1	1	0	-Inf
chr2	24995487	92012042	0.331388978181664	1884	0.10798540961515	0.793719091136418	103304	0.363150138661981	3	2	1	-6.74218229381441
chr2	94190317	97163810	0.25847354988359	127	0.147238191765454	0.765564231339054	8433	0.318331121825724	3	2	1	-6.90079119005122
chr2	97163881	242183318	0.334541099000807	4414	0.103458259767866	0.793072970035139	211939	0.359841244323803	3	2	1	-6.74735864600133
chr3	224908	64306771	0.335329141186417	1979	0.10147140207966	0.768377109281656	119990	0.337875274177895	3	2	1	-6.96967256081971
chr3	64313261	75371029	0.49885412639697	357	0.109378966878889	1.05550647645922	14313	0.552746380541691	4	2	2	-6.7332644464099
chr3	75630742	90613961	0.498801237528018	294	0.130619249749765	1.009560132608	8969	0.609733067404787	4	2	2	-6.7748710586324
chr3	91429061	129584029	0.498906642333352	1375	0.104625302478659	1.04917792424247	66050	0.520878592685252	4	2	2	-6.73397275085905
chr3	129858692	130209988	0.0788983223138256	31	0.191907941640038	1.00338299265178	650	0.50166994023407	4	4	0	-6.83468528117708
chr3	130341319	195778793	0.498917241742624	2231	0.110794610552356	1.05896139964241	108221	0.543620486058144	4	2	2	-6.73795660522625
chr3	195778917	195788228	0.28687500571556	65	0.150735475764155	0.823268291202328	298	0.311408349006529	7	5	2	-6.77019613200564
chr3	195788444	198022593	0.498826041557774	255	0.111903742768126	1.03677706364679	9884	0.521058265226377	4	2	2	-6.73422355349432
chr4	44476	799614	0.000996774359782848	75	0.139649429799206	0.960281611811863	3465	0.50018006672567	4	4	0	-6.74827056089132
chr4	824652	894014	0.268350092197918	21	0.0950939385179578	1.70692464741458	571	1.53768190270546	11	8	3	-6.73920620305217
chr4	908416	8927223	0.492345529183674	694	0.0971080435141225	1.02381628160316	25607	0.546447568549099	4	2	2	-6.74908843837207
chr4	8962140	49061855	0.498882888971828	1173	0.115985141126463	1.06129654880951	51863	0.575988150231646	4	2	2	-6.73802842684841
chr4	49096234	49574073	0.117686021883793	76	0.155923775237167	0.525210058804659	401	0.444805372944728	2	2	0	-7.0567306710597
chr4	49576822	49627348	0.498469411144618	35	0.160539965965702	0.846991624564842	129	0.315478261038672	4	2	2	-6.74743234014568
chr4	51819050	56400121	0.145679526142281	566	0.0940307032530199	3.43997829480334	25129	2.52856666311949	14	12	2	-6.73558852036137
chr4	56463307	57507204	0.40012569279678	88	0.133528897365166	1.34186465535185	3850	0.73531657246719	5	3	2	-6.73347908493269
chr4	57584977	58371903	0.12870886931625	34	0.082793323419537	2.89891173572916	1014	2.10407516609298	15	13	2	-6.74504407368986
chr4	58395754	87614633	0.336557138264368	696	0.0968600306627135	0.795664650534531	34594	0.383818851755786	3	2	1	-6.7410608437764
chr4	87615305	87616253	0.498032810305882	11	0.167553627778745	0.335714667748567	41	0.162263076815279	2	1	1	-6.73747573178931
chr4	87624503	190179679	0.328914694530708	1982	0.109930220809169	0.794001445253603	98051	0.377021119361674	3	2	1	-6.748426652782
chr5	169294	491711	-0.00146555095731282	44	0	0.491085010931691	1112	0.201604654754948	1	1	0	-Inf
chr5	615734	698445	0.0706806964200635	42	0.076898593798736	8.13948026931924	1414	4.06060696042717	14	13	1	-6.73497728366306
chr5	702522	745191	0.498399069222313	23	0.161520859774496	7.4190586885731	1817	5.43302106284956	20	10	10	-6.73319093258462
chr5	751114	1297803	0.0540829370902336	193	0.111172628389855	8.15333851044881	13211	4.95841097213364	19	18	1	-6.73632119602398
chr5	1324703	10433182	0.0012094682287922	122	0.0402485040842369	0.507540739529003	5278	0.196113803415992	2	2	0	-6.91484092811962
chr5	10494644	10618569	0.498215880523113	9	0.150720768310144	0.843911772503335	231	0.362038427934572	4	2	2	-6.76067830198473
chr5	10680885	32263301	0.000774124222583938	260	0.0553865022118623	0.516372460131013	10283	0.301198330829582	2	2	0	-6.78430146590849
chr5	32266508	32942455	0.192750939867501	114	0.112751870923869	2.47491314158266	4049	1.65602843808458	10	8	2	-6.73606476361237
chr5	33371058	43232440	0.33509600509215	252	0.101424224192348	0.794741983107364	15695	0.36552969891361	3	2	1	-6.73520547085195
chr5	43241470	46206800	0.498577682424886	45	0.112667912849483	1.40771006496435	3094	1.08031174244438	6	3	3	-6.75312639135149
chr5	49601562	49661000	0.0015984106569531	12	0	0.0168780800378454	31	0.0228926433222459	1	1	0	-Inf
chr5	50402346	51387821	-0.00350069493198324	20	0	0.773539521894527	675	0.742521881874261	1	1	0	-Inf
chr5	51389671	52730035	0.434591941156747	14	0.155896274335368	1.20337215278504	636	0.637257874584421	5	3	2	-6.77815909362793
chr5	52778499	54858381	-0.00252462764669537	40	0	0.772159187600654	2259	0.390783547554414	1	1	0	-Inf
chr5	55161023	55358091	0.395753118842888	19	0.118608156282956	1.33178252454654	1064	0.90131059301314	5	3	2	-6.7338203269312
chr5	55361843	63507414	0.00094162024920319	217	0.000950381926622983	0.775970445229551	8604	0.387216415093532	3	3	0	-7.28042117839935
chr5	63828922	78668361	0.000861273381819072	296	0.0577555559988844	0.536926206324988	14669	0.258840940646305	2	2	0	-6.78596237461865
chr5	78670366	79030390	0.180448945186344	61	0.115573263495381	2.68116739156178	1573	1.8253890989582	11	9	2	-6.73349411212324
chr5	79030927	156393706	-0.00104947122686505	1322	0.0286134236680714	0.533667444434486	73797	0.209720654475564	2	2	0	-6.9320132884562
chr5	156406486	156551581	0.064450333839478	17	0.0485939811087752	8.39621903001549	672	5.50734915425145	16	15	1	-6.73536329442971
chr5	156954359	158606174	0.0021660563414605	69	0.00204655950245808	0.538752745839195	2519	0.201776853244948	2	2	0	-7.35281268015337
chr5	158777417	160415458	0.498728126888191	42	0.11406999094378	1.04181446474857	3102	0.616926795896722	4	2	2	-6.73337656866965
chr5	160478720	161168099	0.15187109166966	85	0.100212976286739	2.87423656873329	2007	2.05543709554085	13	11	2	-6.73622885629678
chr5	161214378	181281936	0.0020155217202415	528	0.0790571661599796	0.517584714105958	24987	0.210364490128331	2	2	0	-6.80806397831007
chr6	231351	2953262	0.338477636235295	199	0.121314395599057	1.42111748019393	5860	1.00721407164028	6	4	2	-6.75188990369062
chr6	2958163	10214218	0.498840235366429	411	0.105346597852936	1.05118238298718	12395	0.546706560100414	4	2	2	-6.73312768402889
chr6	10226922	31034965	0.324108719461967	2095	0.130629329166029	1.55404053082179	78350	0.921742087235332	6	4	2	-6.73970444616986
chr6	31060164	31841727	7.12918541215246e-05	312	0.0126980964021556	1.02677161307213	7205	0.416054908578741	4	4	0	-6.73471601421732
chr6	31874821	32460225	0.305424012015662	161	0.119477696793401	1.52409248892774	7982	0.759047691425631	6	4	2	-6.7663516460979
chr6	32521989	32660945	0.498228891644887	28	0.186672714612908	0.572373353194614	110	0.77398082362945	2	1	1	-6.73406447154456
chr6	32661826	32885781	0.313290147942752	110	0.106878130889277	1.48438854149852	1421	0.75379823635645	6	4	2	-6.75495701828848
chr6	32894927	33253596	0.00290564738708354	141	0.00154968376026817	1.03021454989468	2780	0.383289187181864	4	4	0	-8.3310907245062
chr6	33264744	43770613	0.333194964524229	1349	0.135884303531238	1.54790296982288	62957	0.914590713551701	6	4	2	-6.73598204628587
chr6	43777840	47898237	0.0014883263395204	173	0.00342128664571367	1.03103544936389	8710	0.526291618907895	4	4	0	-6.84828931758653
chr6	48098583	60365099	0.330290811691647	518	0.132240031543629	1.60291391052431	24758	0.940702804443518	6	4	2	-6.73524962259576
chr6	60371973	60932098	0.00441777733912263	23	0.0433709981238715	3.16857658975539	1226	2.26604186663347	12	12	0	-6.73924934405041
chr6	61001166	61619818	0.0316761828247782	14	0.0687628908993446	3.26787086223211	561	2.52960063396714	20	19	1	-6.7884803299904
chr6	62047746	65402516	0.00152450642293145	34	0.00480196038399025	0.52650039485239	1563	0.208995839300153	2	2	0	-6.79291063239157
chr6	65479849	69122218	0.118007978420332	228	0.0831572028860918	3.64671826124072	6239	2.88305148700088	16	14	2	-6.74269289207327
chr6	69188651	70074273	0.0690459235076774	84	0.0631073678248494	4.39589219349436	3365	3.8749255186954	15	14	1	-6.73429278609401
chr6	70144291	100504998	0.00236935713645237	422	0.00656208706072377	0.535992248486729	21599	0.216432877363908	2	2	0	-6.93745571702084
chr6	100586554	104100455	0.103421453231565	123	0.0805635372852841	3.75113983995537	6762	2.77698930464907	18	16	2	-6.75332845855817
chr6	104139323	105402837	0.00219375156461921	15	0.00335658556671309	0.526704662164569	1046	0.204531631185445	2	2	0	-6.97896945655115
chr6	105534528	107265670	0.128266084705278	382	0.0841171480949014	3.78279647920633	13778	2.59735840758705	15	13	2	-6.73548467912786
chr6	107270465	107900503	0.0639393115211401	124	0.0532087245793501	6.3462636710616	5734	4.81932681399315	16	15	1	-6.73620798957724
chr6	107903654	110170244	0.126228533036324	320	0.0844484789767645	3.70061953013252	19379	2.48518221382168	16	14	2	-6.73682021707442
chr6	110393381	170594646	0.00140047475039878	1160	0.0422155911087942	0.533174467143517	56852	0.222135952608326	2	2	0	-6.85507458935838
chr7	50403	58091527	0.33149790788318	2011	0.108670421943949	0.780942696038345	82120	0.358324864606917	3	2	1	-6.76469116485741
chr7	61866134	65789278	0.336118510308487	190	0.114800591221987	0.735502926653813	5479	0.339165822249115	3	2	1	-6.83410203709638
chr7	65796280	65822270	0.0903044188989626	34	0.101981583217305	0.596710985828241	108	0.320466351186814	9	8	1	-7.03339027320858
chr7	65870852	100955480	0.33114196024141	1298	0.109104942206218	0.7803027125484	63538	0.35494661973763	3	2	1	-6.75576080239238
chr7	100955962	100959720	0.0856899448676028	46	0.126393473506062	0.489529064792884	308	0.190384982575225	9	8	1	-6.90795384468468
chr7	100959888	119360124	0.322348459548518	704	0.109051061154685	0.738662295560159	28554	0.344921437669377	3	2	1	-7.12335214692057
chr7	119446021	151826182	0.283781131518253	3169	0.126573550719526	1.80191070167097	125841	1.15384041102276	7	5	2	-6.74022442374051
chr7	151949623	152401717	0.207673031669411	55	0.144145626420511	1.76632325477575	3557	1.05932478139399	5	4	1	-6.75562480821854
chr7	152401832	152407965	0.147250645813292	65	0.135619098595464	0.587390151970936	157	0.398435345114468	7	6	1	-6.76378615400515
chr7	152408028	159272752	0.27133011313039	526	0.130918822180336	1.7907214431568	21363	1.1995929082927	7	5	2	-6.74254399081387
chr8	213553	7120533	-0.00152082350686839	215	0.0348082317444384	0.741584783008366	6115	0.371298949670798	3	3	0	-6.84941468767119
chr8	7357924	8162873	0.471432915601592	25	0.111550631254751	1.00664282300675	655	0.624399895673678	4	2	2	-6.77458772810404
chr8	8194665	11974570	0.00300390966878672	115	0.0447494167278506	0.748109803521203	5520	0.358726873141502	3	3	0	-6.78623188325794
chr8	12185312	12584927	0.498629561395046	55	0.150743157931959	0.897556939036532	567	0.404345109713439	4	2	2	-6.77007051681784
chr8	12588079	43198029	-0.000535085680646419	969	0.00715198074511497	0.768206117155386	48302	0.333971895527786	3	3	0	-6.8562076832599
chr8	46201974	47592067	0.000979535674947907	33	0.171430517552987	1.51921339390851	2501	0.921251991351168	6	6	0	-6.7345059591315
chr8	47606399	48119924	0.00801161810267303	14	0.133630620956212	1.61007246174756	3640	0.918317581219873	6	6	0	-6.73532569788612
chr8	48135474	53505150	0.498785224094666	207	0.154455757495162	1.53661744895023	7347	0.972975268861144	6	3	3	-6.73556769274592
chr8	53505196	54121788	0.0244150559157047	11	0.191343574849964	1.5973157758084	2043	1.08652938300076	6	6	0	-6.74282496940192
chr8	54162153	66155896	0.498858205412942	517	0.140127263401061	1.53146429974636	21016	0.927348513316978	6	3	3	-6.74082993250141
chr8	66193082	67874022	0.244564746890082	47	0.134781760762455	1.03745216095166	4809	0.694340427981748	4	3	1	-6.73444292847422
chr8	67874026	70085184	-0.000171008781300747	96	0.142917223926078	1.53249351493973	5164	0.915020707547083	6	6	0	-6.73443749839055
chr8	70116003	70495962	0.0241425720052252	10	0.147678366729863	1.58726920757242	1082	0.951271583861155	6	6	0	-6.74902971970164
chr8	70559809	89432548	0.498854275038269	615	0.142891739027792	1.54919287462073	29330	0.973483366313717	6	3	3	-6.73736202930508
chr8	89441011	90447159	0.497979241004616	17	0.204030634954656	1.56488048317391	1835	0.855929219805389	6	3	3	-6.73315366813018
chr8	90527746	100696896	0.498853165479042	595	0.149408616977952	1.56062419723472	27359	0.971831587250222	6	3	3	-6.73393593636306
chr8	100706704	100709589	0.0191581814561191	9	0.120289350225936	1.4041320616753	83	0.356647777756687	5	5	0	-6.74826849899914
chr8	100713023	129924838	0.49889564382723	1581	0.138193957603413	1.55288597386449	57027	0.972123178319665	6	3	3	-6.73816337211387
chr8	129951446	130676452	0.498551414094991	58	0.184084310229952	1.60214375907537	2170	1.21190752022832	6	3	3	-6.73313040406881
chr8	130773709	138917678	0.498874608353616	402	0.116258724393614	1.53032678168694	14133	0.92705615318512	6	3	3	-6.73862103060151
chr8	138925887	140655120	0.498722781663322	108	0.1547005244009	1.51618373336575	3675	0.981327747812689	6	3	3	-6.73483736114081
chr8	140655416	141141654	0.498054868034094	16	0.218241418311618	1.57895841793104	1978	0.990079502949621	6	3	3	-6.73307738701999
chr8	141155544	143930378	0.498882662258124	311	0.102609611499901	1.39435430815581	13484	0.678884143641699	6	3	3	-6.78837126238955
chr8	143933503	144371818	0.498338873801694	24	0.21275903223389	1.39807516811102	5352	0.592899155713289	6	3	3	-6.74410832179852
chr8	144400559	144530786	0.499093649400892	55	0.0727076985443043	1.39021513028972	2823	0.642328149170369	6	3	3	-6.73618742149679
chr8	144614596	144765390	0.498007328057142	9	0.211504990747526	1.63595235254808	754	1.07858343162726	6	3	3	-6.73318114703611
chr8	144765998	144919611	0.498846480307601	29	0.177161041097524	1.42390382546022	1655	0.92439945927301	6	3	3	-6.734205785842
chr9	111919	38981816	0.000812584041367193	712	0.0218845480998547	0.526845125919998	35418	0.205820769039901	2	2	0	-6.73448295535455
chr9	38993464	43242683	0.495621745451437	252	0.174547566630146	0.384938085938579	2027	0.20801717216022	2	1	1	-9.94931764762882
chr9	61569329	67800317	0.327650229046706	123	0.16580789495715	0.38031810499581	1375	0.231067098013912	2	1	1	-11.0461895043375
chr9	68387447	78317658	0.00072633164374819	181	0.0124320325281447	0.273036888610689	6367	0.107619151118695	1	1	0	-7.36504178780371
chr9	78349988	138214444	0.336838627246351	2707	0.104054054746647	0.767403527424926	125883	0.341826281012956	3	2	1	-6.97020447556822
chr10	47876	38950914	0.338632575523609	1549	0.104878751169815	0.787746301974197	56225	0.362935862714788	3	2	1	-6.73536433900127
chr10	41859901	42278436	0.10508390897593	16	0.104272719346913	0.600807664133126	132	0.309440498111326	2	2	0	-7.33344227117159
chr10	42279820	133597401	0.333762699876176	2759	0.104753155027629	0.7844846939503	145880	0.356204829379725	3	2	1	-6.7500121502986
chr10	133622519	133689420	0.109031833618799	9	0.10798276611468	0.720712054856685	99	0.392228726303128	7	6	1	-7.0127070352112
chr11	192997	1017240	0.496583522959234	225	0.0981627592398833	0.956733222586924	7718	0.422160702725915	4	2	2	-6.75893867613165
chr11	1017337	1020839	0.1811911450616	17	0.148605552702844	0.805757395935724	143	0.27088849309617	5	4	1	-6.7495031600714
chr11	1046927	35806408	0.498911415439114	1700	0.107414433659821	1.00920883891052	78830	0.505094605186212	4	2	2	-6.87436513874952
chr11	36081831	43754931	0.000909228671879259	62	0	0.512646775543222	2794	0.21322560797754	1	1	0	-Inf
chr11	43784432	45330183	0.00519048374538456	45	0.100051234349954	1.03661922350362	3165	0.52961558715653	4	4	0	-6.73541472186349
chr11	45933932	49059064	0.00182374424823456	174	0.00405670392327911	0.514632199006341	8696	0.193127214570333	2	2	0	-6.87699897734145
chr11	49082138	50553108	0.104992801909004	30	0.126366921504699	1.02930348019712	2456	0.589770548334597	4	4	0	-7.12228412234551
chr11	54591798	54707820	0.000508057479425728	21	0.00653160812984863	0.489973652578428	265	0.13689337487065	2	2	0	-6.75558245905743
chr11	54725277	55297451	0.427536183027555	9	0.172100987794957	1.13966849994374	157	0.817733283940962	5	3	2	-6.75892433611738
chr11	55302655	64805130	0.00626577114017857	517	0.0331271565130941	0.5173197116674	27102	0.182884480365919	2	2	0	-6.80430858489922
chr11	64835447	67497208	0.498889698907684	204	0.119517041022421	1.01206640656345	23526	0.455572781938753	4	2	2	-6.7449053453481
chr11	67568465	72826027	0.256957622932356	837	0.125125156461617	2.02015971933989	35783	1.32552780896697	8	6	2	-6.73793072170676
chr11	72826433	74392627	0.0626817758849181	132	0.0629730324989537	3.48643022466292	17110	2.56028721307111	15	14	1	-6.73763866813333
chr11	74452791	79081790	0.140902133629998	978	0.0847164053054333	3.65323316758902	43435	2.51009029298637	14	12	2	-6.73338021215441
chr11	79111274	134669556	0.00184728264232054	1284	0.0455696283506142	0.540946128099939	59031	0.416691863374987	2	2	0	-6.87559557743249
chr12	12825	34309801	0.330575213092793	1698	0.107691266730008	0.789398465812319	65794	0.348072269093862	3	2	1	-6.73342345945541
chr12	37544766	133221063	0.331905055042102	3959	0.101459284495567	0.786565230843057	193159	0.352261512732764	3	2	1	-6.73923689172007
chr13	18177561	18317719	0.0339210092310495	18	0.181269236076375	0.26066581057506	50	0.273018277028914	1	1	0	-6.75406802252643
chr13	18413176	63016501	5.75227638857645e-05	1142	0.0293067025693074	0.644344717163247	46814	0.351127492140432	2	2	0	-10.8647078076537
chr13	63052503	63057283	0.384253088989414	10	0.135762046733737	0.385085712397727	23	0.0736572556123823	3	2	1	-7.07700045030402
chr13	63095699	88413945	-0.00082443768183893	193	0	0.532460737196596	9340	0.219528912824236	1	1	0	-Inf
chr13	88497836	113981598	0.000752894824051553	766	0.0349656660943746	0.827474483442313	28491	0.409654376925139	3	3	0	-6.92869892138742
chr13	113996820	114299067	-0.0012519660977065	26	0	0.516145124464618	559	0.216252656293791	1	1	0	-Inf
chr14	16037128	16402213	0.498146683557215	9	0.211331164552489	1.38095284370662	69	0.945998178491079	6	3	3	-6.73746279086166
chr14	18289828	19933937	0.267526725683515	152	0.118964736684516	1.13769006076591	2871	0.563502731316496	4	3	1	-6.76475455325157
chr14	19934956	22906355	0.38326534006284	484	0.110764138074193	1.3284909831321	18846	0.69610589549939	5	3	2	-6.74703822533905
chr14	23002159	30544447	0.249543112598396	491	0.125980482180189	1.96518647886817	27582	1.13824197437801	8	6	2	-6.74952182111713
chr14	30554347	106874951	0.39091176183257	4009	0.130862099399035	1.26962634276321	203841	0.706008619599047	5	3	2	-6.85048531401256
chr15	19987698	101764567	0.331456715569219	3626	0.104695032444304	0.78367559837926	165632	0.351770121249725	3	2	1	-6.75433681540205
chr16	35658	1324817	0.00239659560659494	220	0.0662603859822661	0.495690020465276	6576	0.173471563345024	2	2	0	-6.82461980266341
chr16	1338887	7623373	0.498904980934248	823	0.101225688235978	1.01548187429751	32128	0.470716943512088	4	2	2	-6.75491488306223
chr16	7654030	14060875	0.33203498226398	690	0.13999168434408	1.56208075015315	24390	0.999243070152809	6	4	2	-6.73352029999429
chr16	14142372	16054147	0.269641559559204	301	0.143836576855955	2.15095259353257	15724	1.40290991564992	8	6	2	-6.74446740837849
chr16	16066575	20218877	0.498789949662883	229	0.135818083156294	1.04440801543244	10285	0.561212484796283	4	2	2	-6.73355632013317
chr16	20316169	21385641	0.00891188093636508	65	0.0237553435284326	0.53227098820334	3485	0.17679880594044	2	2	0	-6.81893285316255
chr16	21501907	24563278	0.000871128722963271	164	0.13729799561712	1.01929254126644	11915	0.526279527761014	4	4	0	-6.73988949003134
chr16	24650403	32882559	0.00206394137297822	325	0.0331983614968852	0.513537066186481	19667	0.207704801585448	2	2	0	-6.80339407976109
chr16	33593415	35406636	0.492801965431315	78	0.144944510378666	0.460333833901761	1462	0.197709049752983	2	1	1	-7.19603755337717
chr16	46386441	46401545	0.391791541038564	52	0.11247750738781	0.394268547370349	816	0.102138149868435	3	2	1	-7.28284159540778
chr16	47660850	90149401	-0.000214904980860409	1478	0.0735780007013255	0.537653343367227	67392	0.235300277123701	2	2	0	-6.93633928193846
chr17	132094	21300762	0.338877421131243	1701	0.101973185911539	0.765808748536706	75928	0.324871631102554	3	2	1	-6.84381496906599
chr17	21300841	23016487	0.119511964507238	199	0.150508243069664	0.669212259253868	1505	0.325039186318526	3	3	0	-7.34411005418451
chr17	24421438	26969935	0.225089535599889	18	0.137483890916128	0.665935076330327	178	0.339296400633751	3	2	1	-7.44531144391475
chr17	26981904	32740742	0.326618352394705	319	0.109576851543543	0.780236381893796	21418	0.378216275839442	3	2	1	-6.73859152762389
chr17	32828212	46158742	0.498905556364349	1222	0.0990986728257425	1.03242147045309	67080	0.499977673387462	4	2	2	-6.74502834290827
chr17	46158843	46704913	0.370597806356286	213	0.128920466788715	1.0086541391035	1675	0.527129879089772	5	3	2	-6.84622133016847
chr17	46710944	58587811	0.498884276934476	565	0.114261464252026	1.02783945326831	34559	0.511600789258974	4	2	2	-6.74843481954084
chr17	58719412	59340824	0.0203000273727928	10	0.208292102586728	1.07354506656752	2573	0.580607635494285	4	4	0	-6.73915402338316
chr17	59480389	59973955	0.498821721887585	43	0.104729012756527	1.07226607361132	2591	0.66016043075416	4	2	2	-6.73333928689619
chr17	60059750	61109177	0.497735250485401	9	0.193514067820519	1.08505828053186	3779	0.518052564852616	4	2	2	-6.73527957783706
chr17	61123221	64921941	0.498863474573654	279	0.115716361843243	1.03802506301611	17157	0.531478164457438	4	2	2	-6.73464891214764
chr17	64922423	78405247	0.343079732966743	1900	0.127936440859765	1.53054459379531	70988	0.904266603627062	6	4	2	-6.74604726613646
chr17	78406024	83194874	0.498884602108118	587	0.117123690944282	1.01533809095184	25578	0.471679351671971	4	2	2	-6.74978482767611
chr18	47974	110684	0.451504999390782	25	0.161217761635208	0.575929316746397	268	0.553581184396788	2	1	1	-6.78783183470865
chr18	132856	15344994	0.498873454854237	844	0.103229653833709	1.06176276621713	29908	0.572784110995714	4	2	2	-6.73520542147027
chr18	20959507	80174453	0.498897821732979	1620	0.110197710404942	1.05262147252655	80206	0.551915464401105	4	2	2	-6.73309005649718
chr19	282875	875389	0.318291966109237	132	0.102677090690082	0.747639141591736	3172	0.316158716691194	3	2	1	-6.75637919076234
chr19	877718	879743	0.178978359728433	25	0.120470854013187	0.293945210823592	77	0.161488907118574	5	4	1	-6.85411030377273
chr19	884782	24312267	0.325161163362912	3046	0.103695980308214	0.745812212821412	125825	0.329126965757305	3	2	1	-7.12905651517109
chr19	27392072	39879069	0.498905471067372	1133	0.103452585463047	1.00585785452443	50656	0.49421763896005	4	2	2	-6.79564038533623
chr19	39879148	39902512	0.303800696472098	35	0.102049691306727	0.937367019878847	227	0.275332821236058	3	2	1	-6.78831415254638
chr19	39909553	55753155	0.498925578769272	3384	0.105239055829096	0.999691677979963	119160	0.476169858288826	4	2	2	-6.84244692314495
chr19	55759189	55777392	0.172586064169547	9	0.0960513462222738	0.978380407611443	166	0.458461784104721	6	5	1	-6.74718415407968
chr19	55778812	58565545	0.498904341852942	453	0.0938657411120253	0.987292463726368	18303	0.414921536289843	4	2	2	-6.7726566764535
chr20	82090	8451667	0.327016219260525	502	0.0935306444085976	0.763999937614384	17979	0.329531585548702	3	2	1	-6.78492293550417
chr20	8514101	25686544	0.498859146747207	565	0.103914007357641	0.931205198336121	23004	0.467660862833029	4	2	2	-7.36797108121595
chr20	25773519	26271014	0.0256294631474474	22	0.120744237939833	0.875926129468712	380	0.43251340420866	3	3	0	-6.7771433318467
chr20	28559257	31170639	0.238717863295932	583	0.155388045840883	1.09842458961499	3141	0.828351329569947	4	3	1	-6.74034085496436
chr20	31259408	36535409	0.336854739473419	837	0.13355974927979	1.50775278245122	37944	0.911561785088904	6	4	2	-6.74152404295361
chr20	36551773	46600407	0.258710087073729	1000	0.131653562730294	1.96238029804493	53884	1.24387394516409	8	6	2	-6.75480849537031
chr20	46603626	50154979	0.205110130947863	537	0.116275546931165	2.54047675524545	27128	1.78952742622424	10	8	2	-6.73501133848915
chr20	50158482	50180179	0.0494342857610904	15	0.106542993780959	1.68774287213331	325	1.14736132742459	19	18	1	-6.74521006909934
chr20	50183340	55559167	0.193493517600723	781	0.113675002869104	2.56421573964933	28450	1.83180924406887	10	8	2	-6.73563802181461
chr20	55752743	64328010	0.325726501651723	406	0.0941490740372232	0.746842917369758	19195	0.314948056381755	3	2	1	-6.89233755770731
chr21	5218123	10490682	0.388698815009787	557	0.154133784943236	0.655499285628472	2851	0.410157004999183	3	2	1	-7.3977538526022
chr21	10538659	10737300	0.00199726809243472	32	0.108701087442998	0.409971464312419	548	0.180554469404729	2	2	0	-6.95302694200331
chr21	13003080	13035101	0.332407736160906	28	0.147672394994414	0.908475918227186	118	0.514950284797877	3	2	1	-6.73448244275524
chr21	13227689	13876172	0.446420914023691	40	0.126617106532517	1.0496056573315	765	0.492507153935123	4	2	2	-6.83860116962844
chr21	13905784	14064492	0.497958939217242	14	0.19276587176853	1.01816875572909	266	0.535299279202443	4	2	2	-6.733463845714
chr21	14093752	30597684	0.482616162651513	375	0.108838617910478	1.02078765562487	15555	0.547730230941709	4	2	2	-6.77916061485378
chr21	30650589	30742335	0.0170184850446318	9	0.171602819842151	0.832635784398433	112	0.5132950147827	3	3	0	-6.73951847460856
chr21	30881194	43035601	0.498880185670139	631	0.114735644573682	1.03059325471053	30940	0.535555798875729	4	2	2	-6.7443826447163
chr21	43262479	43701457	0.150476382978592	10	0.16014424053889	1.05021611206503	583	0.819304070680078	6	5	1	-6.80367814395586
chr21	43732619	46661856	0.498874417507538	340	0.0981074857986789	0.961395356769471	12501	0.420197923851868	4	2	2	-6.81372468217725
chr22	10700041	11257785	0.405229182058023	384	0.156164336635215	0.791551074592372	1468	0.590524128738078	3	2	1	-6.85758807026594
chr22	11257822	11582497	0.0534986236353285	109	0.129489316858296	1.05017070414946	538	0.687012891088961	4	4	0	-6.83373866798235
chr22	11582525	12797396	0.498531858638885	137	0.166355811473972	1.21724005124491	989	0.715936821713656	4	2	2	-6.76297295679521
chr22	15346291	19601532	0.498780866822834	380	0.124180138583017	0.968277866825323	10580	0.61784909076052	4	2	2	-6.77932581569983
chr22	19764081	23162471	0.338526498514415	608	0.124654528396061	1.44159700202544	21085	0.875252357241545	6	4	2	-6.75600564384047
chr22	23162675	44859647	0.342565340108372	1246	0.105891557174222	0.783024468742648	66948	0.353704896157131	3	2	1	-6.74447582280787
chr22	44859700	50780578	0.498881436663809	510	0.0976799872180778	1.00210111975285	19317	0.504561591336726	4	2	2	-6.76660728646484
chrX	278445	57734261	0.331794785951993	1473	0.108883283074774	0.784764701923254	82828	0.357984071496146	3	2	1	-6.74256644373975
chrX	63260822	156005413	0.329969079388793	1627	0.108314788663113	0.785649852805278	105795	0.354880154602064	3	2	1	-6.74374621771288
chrY	11111651	11431322	0.153533116618614	30	0.195672797491529	0.387662623644334	103	0.463478346228198	2	2	0	-7.16370055413065
chrY	26436955	56837090	0.0571504302496537	43	0.142219785301197	0.28182716256171	116	0.173224422858507	1	1	0	-8.83734875388961
chrY	56837147	56887102	0.33222535507438	117	0.146494461741579	0.666670988502762	351	0.250801838927553	3	2	1	-6.74664414324065
