chromosome	start.pos	end.pos	Bf	N.BAF	sd.BAF	depth.ratio	N.ratio	sd.ratio	CNt	A	B	LPP
chr1	102951	33079423	0.429855023541155	3409	0.0968836625686617	1.25739253935028	139678	0.465656000156377	5	3	2	-6.73942920271078
chr1	33082167	119925864	0.162565117337376	2214	0.097081970162325	0.870154818008724	132433	0.298709697135009	3	3	0	-6.75048028551849
chr1	119926454	124279381	0.498801005579622	48	0.112971086177202	1.09290460172351	1863	0.451171493966989	4	2	2	-6.74691123248006
chr1	125065903	143437162	0.289448889649482	42	0.122699677266869	0.654245520253953	1012	0.353987433824057	2	2	0	-7.02017912992251
chr1	143438181	150497004	0.49877715272552	175	0.123231509469406	1.44616062384645	15158	0.54138307771745	6	3	3	-6.73323612106667
chr1	150553568	248945585	0.498936208598684	6087	0.0900555006560669	1.44224756415521	273959	0.54614472148153	6	3	3	-6.73315970767752
chr2	64809	89673983	0.49891633140893	3102	0.0894052700812268	1.04742034646402	140730	0.381768925449035	4	2	2	-6.7673363496508
chr2	89677638	92012900	0.269445936252956	165	0.129452097427795	1.00391788052873	2531	0.416610982113648	4	3	1	-6.83968905745612
chr2	94190317	95957269	0.344563245938655	79	0.0965579893637202	1.02474954576493	2990	0.378399529890547	4	3	1	-6.78388100960994
chr2	95957300	242183396	0.498924790558536	4565	0.0892587410333848	1.05919192309074	233409	0.376804002934043	4	2	2	-6.73453897787764
chr3	10374	75599416	0.166273446540763	2179	0.0972692030523155	0.861898745613573	124866	0.292246831689188	3	3	0	-6.74285380637043
chr3	75606127	75703310	0.32132052335568	54	0.117528415167431	0.94344961179657	282	0.323006904784717	4	3	1	-6.74066235614407
chr3	75736785	90227511	0.164472196369492	158	0.107514306820477	0.880868474203134	5806	0.351046902463591	3	3	0	-6.75493167093024
chr3	91483878	198135404	0.166169074192166	3431	0.106636776492554	0.866654167981789	133257	0.304865730126512	3	3	0	-6.73411123650525
chr4	13979	48928889	0.498900625685087	1875	0.0900459580923295	1.06663946705706	69396	0.388505457607549	4	2	2	-6.7472141191193
chr4	49091992	49711854	0.495741147040517	164	0.148125489598723	0.613002787162481	1430	0.295871167444874	2	1	1	-6.77106934491453
chr4	51838815	190179679	0.498912767538988	3948	0.0909072152548351	1.06768348829187	153284	0.393425114800545	4	2	2	-6.7811501730841
chr5	44595	1268732	0.498958588038222	203	0.086595471540735	1.13269774773879	5068	0.372542381314521	4	2	2	-6.75792768161175
chr5	1325652	7757602	0.208760875628315	187	0.120279659942737	0.698097188879602	4155	0.240264601065727	2	2	0	-6.81861036477332
chr5	7792110	46206800	0.498848389577095	871	0.0897393867886695	1.07079020683561	40524	0.407623004133549	4	2	2	-6.7544091220413
chr5	49599598	49667267	0.46985149509526	87	0.145301995424582	0.424521755874459	563	0.135467349031243	0	0	0	-7.06578415107482
chr5	50399214	181283430	0.403730266004014	3436	0.0993370671639405	0.868160513176191	163459	0.300173918035911	3	2	1	-6.75357835336952
chr6	188609	32459971	0.498909930148017	1705	0.0894318872618305	1.05446728253182	71386	0.376893033641745	4	2	2	-6.73430756030858
chr6	32485509	32706122	0.498617966625603	77	0.105863422632834	1.02162525367267	336	0.292940999660615	4	2	2	-6.73497740775331
chr6	32745490	60494472	0.498905735601352	1322	0.0888586662967067	1.05603071866513	63334	0.353902180006541	4	2	2	-6.73340863887901
chr6	62520603	76625192	0.36772365182266	349	0.104886438841541	1.44991332617024	17656	0.575945828357167	6	4	2	-6.73392756203739
chr6	76877038	170594646	0.498909831615286	2786	0.0883626732682657	1.06634888054923	120838	0.394984909501487	4	2	2	-6.75756152112547
chr7	169081	58100284	0.315545128814105	2564	0.104742989486695	1.06024660950493	92091	0.399585099476929	4	3	1	-6.734871887112
chr7	60958067	100951943	0.311331790638759	1559	0.110236625071454	1.04146800767807	77609	0.398715258471145	4	3	1	-6.77093787826012
chr7	100951952	159324276	0.319492604362924	2224	0.109253492071693	1.04231398922755	107792	0.379493709761282	4	3	1	-6.78410045521781
chr8	75951	12443616	0.498875133822491	614	0.0917376829151627	1.05109675933023	14648	0.386755531625769	4	2	2	-6.73499868079064
chr8	12475930	12664324	0.277762056284582	50	0.142887798139459	0.967274015781911	552	0.317206631682954	4	3	1	-6.79027842776519
chr8	12664370	43192450	0.481321922682929	1095	0.0841177888785523	1.05226937661005	54350	0.386271199463378	4	2	2	-6.76558426429427
chr8	46864108	142421170	0.498898573564704	2138	0.0907808660859352	1.05933339052849	105166	0.401516199202833	4	2	2	-6.73408705866239
chr8	142475429	142878627	0.247475930125344	20	0.0900742968186176	0.712672001485801	1124	0.190229803500983	2	2	0	-6.83118389744333
chr8	143058678	145009012	0.478828772774582	272	0.0723620874913059	1.0992692704999	14974	0.348700751029577	4	2	2	-6.79830166914384
chr9	10410	38917230	0.168712221050863	1328	0.110816408776673	0.834059734964296	45467	0.294465757432628	3	3	0	-7.08292042363459
chr9	38928949	43242683	0.379785575057005	316	0.139141738011936	0.861716503772132	2598	0.372612587111577	3	2	1	-6.73609783000826
chr9	60893697	68466272	0.498578180732361	159	0.132900804495992	0.832363131478006	1734	0.361999703410274	3	2	1	-7.16748577620055
chr9	68499396	138203654	0.168732316533904	3259	0.100329812574671	0.852450725645296	132624	0.297201969776933	3	3	0	-6.84215703094539
chr10	48064	38639480	0.162869536484399	1383	0.10465165864618	0.850039049435888	52345	0.311566124829575	3	3	0	-6.81163652237204
chr10	38646448	39967657	0.495890469534541	53	0.115931940396354	0.818129608054036	315	0.361370000109406	2	1	1	-6.95473940478311
chr10	41857391	42278943	0.478573063704245	75	0.135342026525925	0.623414282808365	518	0.335160421015607	2	1	1	-6.7615093749667
chr10	42279004	46522324	0.17394061789241	129	0.111091483509463	0.853375203668203	6599	0.300066404528119	3	3	0	-6.74088184435715
chr10	46529831	46756488	0.49870147417588	39	0.127099411717126	0.832975914827723	280	0.425520572058818	2	1	1	-6.76676575702896
chr10	46789560	98388301	0.160336188944476	1680	0.0981044631421313	0.859018717586645	72874	0.30309305276342	3	3	0	-6.75565440303157
chr10	98388419	133787328	0.140837716965635	1351	0.0934207899674147	1.0352887780808	66244	0.374527991213613	4	4	0	-6.80204829607129
chr11	193734	50422246	0.387520084494971	2288	0.0908527374159763	0.860972113374654	87186	0.286179179379113	3	2	1	-6.74378649729007
chr11	54591643	134857757	0.385208368975508	2883	0.0970199510415402	0.869995486475399	156866	0.288906234074817	3	2	1	-6.74873785049969
chr12	12820	34276231	0.378771719939422	1479	0.106418231812874	0.861481308641207	60682	0.297962163259773	3	2	1	-6.74395450186798
chr12	37420043	133219447	0.391833021434634	3271	0.101412986277035	0.861494736861202	180975	0.298208590735246	3	2	1	-6.74806372069442
chr13	18177561	114353954	0.327587539391678	2653	0.107038179737601	1.06872438557374	109634	0.411514529098282	4	3	1	-6.77455009992249
chr14	18330642	104882883	0.391287372940471	2945	0.102846158449847	0.865932366624199	140623	0.304701329733758	3	2	1	-6.7333803788035
chr14	104883051	106865837	0.498801783230677	309	0.100411542312693	1.19088438971201	10130	0.378176288552404	4	2	2	-6.84810064808178
chr15	20046777	101915184	0.321542021881373	4480	0.10622790685329	1.05130447506452	180125	0.381282910075068	4	3	1	-6.74549849679022
chr16	11641	33981945	0.498901463510783	2408	0.095461588249152	1.05757563715793	114301	0.373150019960735	4	2	2	-6.73310919223235
chr16	34064756	36162586	0.407383650518414	78	0.109951196299838	0.832807940973771	1609	0.397888805818553	3	2	1	-6.76140365469677
chr16	46386441	90092111	0.383159771158349	1814	0.100023660739507	0.86204953672238	91047	0.300505226619868	3	2	1	-6.74006122068879
chr17	149752	22407766	0.42963523964448	1792	0.0994059349429922	0.865203901259738	75394	0.300343188058581	3	2	1	-6.83118238585623
chr17	24421526	83135650	0.498915487530537	4481	0.0927802473124165	1.33144176439578	246445	0.519302141369701	6	3	3	-7.46174515652746
chr18	48104	15341512	0.423492011581529	542	0.10689905792205	0.848223461663603	21201	0.302112239390581	3	2	1	-6.83556051868093
chr18	20942964	64436612	0.316910532608712	1173	0.108336442640481	1.05020656693424	53690	0.403273187494424	4	3	1	-6.74101154603778
chr18	64651714	80174701	0.496237489123981	318	0.111214011552918	0.882364763051242	10870	0.349780146116044	3	2	1	-7.27161908331257
chr19	107381	24394059	0.498927291975651	3703	0.0893186344271341	1.02589997715436	151006	0.382648016455824	4	2	2	-6.8238193357601
chr19	27392072	58580350	0.498923815821404	3832	0.088062519009134	1.01769277554134	168173	0.352575045719955	4	2	2	-6.94781377851609
chr20	82090	26081083	0.308431046673784	1230	0.103590111249082	1.04606772044593	41902	0.382279114316014	4	3	1	-6.75143479250093
chr20	26081167	26271014	0.11211526568769	9	0.0644989233329605	1.1756762599418	171	0.755720995186861	5	5	0	-6.73583913956591
chr20	28559257	48519742	0.317155795821026	1698	0.112405796206712	1.03560322125084	55699	0.372814848096803	4	3	1	-6.77089015423859
chr20	48535489	64327768	0.41780046967339	955	0.0963368367398055	1.26561932584505	43280	0.480454130050517	5	3	2	-6.74158002084108
chr21	5218123	13042564	0.340049212343366	629	0.124721679315272	0.942715777295756	4128	0.472015890525511	3	2	1	-6.97409986608842
chr21	13337421	46550783	0.39245089340672	1083	0.106290023669912	0.866589174642168	45346	0.305670294715222	3	2	1	-6.73390020755792
chr22	10684424	12797396	0.430131063645153	704	0.127276954266421	0.991420525948041	3119	0.368560539895219	4	2	2	-6.94730407546806
chr22	15343117	16644907	0.495807264116317	96	0.138536111813187	0.984317208474025	1142	0.483573433526443	4	2	2	-6.75074747659486
chr22	16650526	50808263	0.498921880896199	2801	0.090177739521499	1.05028178165744	117703	0.379657100422535	4	2	2	-6.73993725254932
chrX	278445	57842010	0.211369365098479	1260	0.118416612191412	0.656872789049313	64589	0.232402939918305	2	2	0	-7.11383183549599
chrX	62886366	155996516	0.210024568379442	943	0.112861322445587	0.665204273537012	82061	0.226617284922099	2	2	0	-6.90145170746033
chrY	10796678	11743911	0.36050878647545	71	0.129673242028528	0.73613553774782	454	0.352589389953017	3	2	1	-6.87972684785033
chrY	26436983	56885917	0.379195378618896	205	0.118610565247901	0.888588088633391	673	0.34030393542746	3	2	1	-6.84364809210291
