chromosome	start.pos	end.pos	Bf	N.BAF	sd.BAF	depth.ratio	N.ratio	sd.ratio	CNt	A	B	LPP
chr1	133483	124967729	0.333699825880786	4031	0.108685433627102	0.737290430206849	184920	0.24369496712643	3	2	1	-7.4656794250399
chr1	125065988	167674940	0.498876886918704	949	0.0997131896247345	0.9974666570329	65868	0.319015594413088	4	2	2	-7.20803761931107
chr1	167743398	206430185	0.444216276869273	1291	0.091611647099675	1.24832084288558	69554	0.44946529026732	5	3	2	-7.13147968974932
chr1	206450340	248847255	0.498891864155341	1451	0.0895184204002722	1.00818464866522	67442	0.347753156981116	4	2	2	-7.32839259069553
chr2	41404	91960535	0.246332166266819	2342	0.108852430833352	0.962021433242834	114670	0.328184322882448	4	3	1	-6.77776467927425
chr2	94199564	121125627	0.263357819317937	748	0.111687297559418	0.958362451237661	35580	0.31819311830281	4	3	1	-6.74183822184612
chr2	121125815	211482644	0.196994713378151	2146	0.0965714907718508	1.19617926036716	124127	0.422884910687332	5	4	1	-6.75002545205309
chr2	211483773	242183377	0.249263085905006	1273	0.100560822515207	0.95323541075711	54266	0.307360043092653	4	3	1	-6.73425640140531
chr3	276611	75665820	0.490184140570413	2213	0.0942362724427306	1.02904051879158	124935	0.347175288555381	4	2	2	-8.38498621496156
chr3	75665825	75737737	0.140916380485624	25	0.129593827013481	0.812869988868601	175	0.379501945494125	6	5	1	-6.85567036771484
chr3	75737898	90232259	0.409091603528151	182	0.112497597570123	1.26503704969586	6774	0.538816776109418	5	3	2	-6.85185296938596
chr3	91408287	97484091	0.0950925202769003	29	0.127509199899903	0.471722920266174	1019	0.346257755689189	2	2	0	-6.98064060017996
chr3	97747588	116194657	0.36079784202698	594	0.0979169593403785	1.21935990616014	23795	0.431121093635467	5	3	2	-6.87366655717785
chr3	116636542	153702782	0.0108350317590383	824	0.0451355217800516	0.778119848079122	45200	0.250419622280596	3	3	0	-8.40845830808474
chr3	154276714	198120733	0.380450058944867	1356	0.108811274181291	1.24194302902077	63468	0.474779897028099	5	3	2	-6.97629585292661
chr4	44248	4197907	0.498837934885101	225	0.104026527256349	0.921629055246973	13159	0.299680031776611	4	2	2	-6.76467036447022
chr4	4200233	49061855	0.340441274240514	830	0.109945782461283	0.689431472537854	32408	0.228468441718113	3	2	1	-7.51075198396366
chr4	49092775	49158612	0.497962423248019	17	0.192695050151635	0.131690934939289	87	0.142084931549136	2	1	1	-8.96571019449333
chr4	49158627	49609093	0.284857898680911	44	0.132323151755414	0.853163995337232	239	0.433145803576425	4	3	1	-6.78358750855158
chr4	49609124	49711644	0.497864438758087	9	0.230440881789669	0.373312739180156	32	0.616972922989018	2	1	1	-6.7439441123136
chr4	51848345	190179746	0.35026777240221	1922	0.106228877041191	0.696520973335434	95475	0.240878119371879	3	2	1	-7.88919204741453
chr5	66482	1052245	0.345725547053773	152	0.0935774709665693	1.27615660430623	4705	0.607734683085855	6	4	2	-6.7597229742797
chr5	1053211	1815836	0.239769657235521	105	0.0870341423890185	2.00996555338194	3507	0.661074475724883	8	6	2	-6.74851573588352
chr5	1828847	5091726	0.380035737916085	95	0.133237865411434	1.39510648888802	1863	0.839339926398215	6	4	2	-6.80177582914389
chr5	5146110	6880336	0.0229745980181999	48	0.0427618964410378	0.484968365061283	1245	0.153925720212094	2	2	0	-6.75402888891177
chr5	7021678	12891278	0.498748212302988	100	0.110380334216826	1.04163992180679	4216	0.607690449057161	4	2	2	-6.80703884791161
chr5	13101106	30704484	0.0207395609406	176	0.0980507574624543	0.542553410633652	6077	0.378722314444107	2	2	0	-7.57031806511182
chr5	31018715	34033565	0.359301023313317	174	0.102649468877825	1.32869114331147	6536	0.513907617451366	6	4	2	-6.79823753499109
chr5	34067508	35024648	0.274644993837166	65	0.132971774405178	1.88450687790005	2742	0.869420039471979	8	6	2	-6.75051823547366
chr5	35024686	36370796	0.143669969824721	95	0.0871048035903339	3.07038314347945	5615	1.42224498438433	14	12	2	-6.73515741373241
chr5	36443501	39141138	0.241254134589469	157	0.107754886422538	1.91545044189673	8270	0.857825037285655	8	6	2	-6.73923031162172
chr5	39151549	39499182	0.445232179962818	10	0.0647035118401192	1.39111992178666	575	0.638427842007289	7	4	3	-6.78531545785202
chr5	39719451	40414965	0.0267231965008945	9	0.0610596247759334	0.528798399308373	142	0.205362198576407	2	2	0	-6.83189361078897
chr5	40634483	42804881	0.206502731967711	63	0.0967188216737043	0.914961429031283	2745	0.32177388228856	4	3	1	-6.89437545476981
chr5	42851780	45596256	0.0663289470396248	26	0.177682850564188	0.623009701444886	1600	0.336158845959779	3	3	0	-7.07577604167213
chr5	49601562	49666466	0.0130959035127139	25	0.14997408665055	0.0341010360537636	59	0.0408874879939986	0	0	0	-15.8244474254743
chr5	50190488	69432717	0.498841038294459	338	0.103166160946066	0.95887918311306	17831	0.337009471556687	4	2	2	-6.73653086394763
chr5	69480002	70220043	0.160866763116333	9	0.107189085265245	0.96414161741292	270	0.34113030857641	5	4	1	-6.98911820974884
chr5	70488869	181281775	0.49892294852723	2956	0.0868999970399295	0.956562941089615	136303	0.322231499280768	4	2	2	-6.74046199406711
chr6	286063	29927827	0.496641503374242	1077	0.0889488076821365	0.964240118517826	40000	0.330898501878527	4	2	2	-6.75485369076173
chr6	29927920	29928343	0.071101593918	12	0.0986205999133686	0.279350855629983	20	0.107937542856481	1	1	0	-6.84008463999802
chr6	29928491	32473425	0.498888029429427	649	0.0951406243960489	0.951952987245784	17593	0.246337868709972	4	2	2	-6.73316406895785
chr6	32473491	32662128	0.130423541471962	57	0.107714119100674	0.944636217283401	393	0.410399846745025	6	5	1	-6.92386590583562
chr6	32668069	60932338	0.474763252591186	1164	0.0872450424832128	0.963216181533056	52780	0.320124654249556	4	2	2	-6.80038856134893
chr6	61531726	80083210	0.498841983210983	322	0.0907909841651321	0.953745587130707	13266	0.344610070542171	4	2	2	-6.73314534995843
chr6	80127522	127981391	0.0128029765519451	558	0.0412846663528012	0.495478196119267	27110	0.170139735470824	2	2	0	-7.24172687489701
chr6	127990888	129157850	0.484943167432902	9	0.205014701369872	0.503893012228	510	0.176050861065878	2	1	1	-6.77298168388707
chr6	129300910	159693279	0.0125662316557877	559	0.0376223107133521	0.495480974121098	24901	0.164254196573403	2	2	0	-7.09028983817737
chr6	159710888	159713959	0.498043431080867	9	0.193780230616484	0.503294321676549	112	0.188982503590806	2	1	1	-6.73317037215202
chr6	159727378	170578605	0.0128993358263206	279	0.051183280391552	0.48913547951053	8257	0.163647566960678	2	2	0	-6.76182104792929
chr7	35489	54466006	0.397425347350024	1823	0.100902991177849	1.19038383162637	81532	0.434373770867252	5	3	2	-6.73455711628821
chr7	54542961	56176185	0.0199144769708041	58	0.0410253230637662	0.491438678966498	2119	0.190307279281826	2	2	0	-6.74804759523848
chr7	56228635	56616119	0.498566979698979	47	0.164643676588316	1.18587985745958	824	0.464517149275464	6	3	3	-6.76859091701
chr7	56620973	58091475	0.0170527012698387	31	0.186709399870494	0.490428245972802	795	0.168348276842373	2	2	0	-6.73864877463563
chr7	62454778	63647623	0.498436872407427	29	0.181310255824085	0.487078810013194	516	0.220924925540827	2	1	1	-6.73369398406623
chr7	63715336	67778876	0.0148551646916474	146	0.0857934706327474	0.480757869860606	4744	0.166790323962002	2	2	0	-6.73680202916465
chr7	67958699	68222077	0.499118905003843	10	0.0807561487167111	1.19011415940289	330	0.539872724520359	6	3	3	-6.75033263256418
chr7	68281335	87570248	0.0159158556522748	238	0.104523701609419	0.493336402522642	14845	0.178076428140692	2	2	0	-6.86557644170778
chr7	88210213	90329001	0.302822713371945	39	0.0916407569811652	1.43672305917865	1711	0.554837482616518	6	4	2	-6.80665348031168
chr7	90340564	92518899	0.0195760261203293	43	0.0370401147361583	0.49253305018011	1891	0.150478181035576	2	2	0	-6.76007378407277
chr7	92534315	98062120	0.24890199700998	153	0.0978926250045005	1.89363237316725	10679	0.836338437592169	8	6	2	-6.73360221511098
chr7	98067114	100953156	0.197570121584411	449	0.0980051661265671	2.33461903549681	32332	1.07730441783148	10	8	2	-6.73436683399921
chr7	100954061	100959720	0.0983936801991463	53	0.0671291132963885	1.52853660688811	611	0.529775637840698	10	9	1	-6.73751780148461
chr7	100959888	100966873	0.139298374166998	76	0.160890828737781	1.91941363790715	454	0.677449078977213	7	6	1	-6.7342626620337
chr7	100966916	110082004	0.215350539101934	768	0.109719339787788	2.41453943220212	43686	1.20243137152559	10	8	2	-6.74397048201777
chr7	110293431	142255308	0.0151908169712451	463	0.0429705085605047	0.486936168008901	25577	0.158928775727217	2	2	0	-6.76216095404597
chr7	142255430	142353301	0.450987937444719	9	0.190489501023022	0.476769962821207	219	0.112316070768337	2	1	1	-6.77352162131152
chr7	142353329	142773267	0.0421831676062936	79	0.06159477198906	0.486816220743806	1012	0.143576401216091	2	2	0	-6.84810493061346
chr7	142773308	142773976	0.0329229194658756	9	0.188471556946341	0.507673323929671	29	0.109971234483355	2	2	0	-6.7385268701141
chr7	142774347	152251983	0.0135333319526709	277	0.0717247654347165	0.480148538574295	11952	0.150776020624683	2	2	0	-6.7485753638432
chr7	152264992	152410768	0.242155357842815	43	0.161255538934975	0.487595938478554	235	0.272508634577435	3	2	1	-7.10464463028295
chr7	152429815	159138060	0.0164942408963469	162	0.0737558735163073	0.474204383842276	4858	0.168013475458618	2	2	0	-6.79138924329726
chr8	300486	7145965	0.0162645188528273	207	0.0486260072320865	0.463847573304324	3549	0.157947116035326	2	2	0	-7.01531577699875
chr8	7402357	8203880	0.183918662639917	37	0.156503748911722	0.678790097628335	503	0.343932464973001	3	2	1	-7.26959487740485
chr8	8234883	12034396	0.0188791533199719	147	0.0445940134627514	0.484389863683938	3199	0.173902734907557	2	2	0	-6.73763667389287
chr8	12185371	12598401	0.212848260091785	43	0.14705574462284	0.614638381575319	458	0.254260383688728	3	2	1	-7.22323766384077
chr8	12626473	17085340	0.0153869127712094	79	0.043688401249817	0.484818512468531	1620	0.17757149940131	2	2	0	-6.73336704221555
chr8	17197739	17997270	0.49911749968493	59	0.0716881314726404	0.976919466834293	1972	0.317006683289922	4	2	2	-6.73597198446018
chr8	18010520	42178946	0.0143368663127825	427	0.0385173786714526	0.501058661684164	23066	0.196121446975322	2	2	0	-7.1581607907617
chr8	42297841	42762541	0.0340361721803567	133	0.033866456674322	8.98387073812215	10147	5.35627653219032	1	1	0	-6.86797854009247
chr8	42766962	43192450	0.0451642223063369	9	0.169068608690213	3.02790829615807	1831	6.11598883755884	20	19	1	-6.73517267993964
chr8	46248061	46735308	0.018289086949823	12	0.0588332904111784	8.58557530584765	1466	5.51494065441524	20	20	0	-6.78472506615984
chr8	46931279	58689772	0.00125796087426866	180	0.0973790897462148	1.60858346204269	11526	2.44636555573424	7	7	0	-6.73470115514672
chr8	58865998	59081313	0.0432044314853235	27	0.0329040736486846	9.19753803558488	771	6.08348735049356	20	19	1	-6.77147566748755
chr8	59223955	78715739	0.498845427785975	286	0.0857455907351019	1.00507092435359	16749	0.382409640802413	4	2	2	-6.94862712482036
chr8	78716370	88344602	0.345331085346531	198	0.118442477251076	1.42021724298997	9905	0.604806879765977	6	4	2	-6.73761060375522
chr8	88352136	125130279	0.428351419358225	961	0.102719348631761	1.19674741473506	42582	0.445011274443495	5	3	2	-6.78054354786322
chr8	125218661	145055416	0.254039772737697	685	0.106969654936828	0.943624211856634	28383	0.307885649178242	4	3	1	-6.74614513496959
chr9	117506	38800511	0.0134419630255107	718	0.0463624955624964	0.485660148457394	28472	0.161763023289387	2	2	0	-6.7450797427999
chr9	38972707	42975562	0.49854739080202	183	0.165706578655079	0.534670265854682	1344	0.252878912709325	2	1	1	-7.08510325909191
chr9	61672407	62799967	0.0654240280878163	9	0.0575820670386575	0.610205893898164	85	0.428145613204716	3	3	0	-7.33840699799605
chr9	62801564	63809318	0.350199106576111	40	0.14299461842124	0.708947688172709	300	0.221556968799526	3	2	1	-6.7406352485183
chr9	63817019	66780898	0.290465842529479	39	0.164240677056568	0.526595211400088	470	0.260867780863568	2	1	1	-7.75949059247279
chr9	66782977	138175475	0.339690711671109	2107	0.107950162161314	0.715014662328551	102572	0.231164698346746	3	2	1	-6.75375686527539
chr10	47663	8483051	0.0156862642848963	237	0.0549059281447253	0.473858808610334	6941	0.158845299744329	2	2	0	-6.82043162155541
chr10	8514756	9965949	0.497959770227752	9	0.15564123632394	0.499017502415007	274	0.169881633432882	2	1	1	-6.7614641029668
chr10	10174410	38296247	0.0132807162412868	564	0.0486843761776441	0.482328179137194	21999	0.168492716598397	2	2	0	-6.74024413113727
chr10	38527690	39967657	0.498499675014618	18	0.184300975779301	0.471072530175293	147	0.252127602102697	2	1	1	-6.74289764786453
chr10	41860304	42280334	0.291629840642315	15	0.154285542327947	0.54099312914732	141	0.293798463031093	3	2	1	-7.01039940825166
chr10	42337130	46374955	0.0187839596409397	95	0.0429260751563833	0.482003115458694	4096	0.159199081234428	2	2	0	-6.73919798159238
chr10	46375113	46756488	0.421049815601269	30	0.105201721938619	0.470769315001034	247	0.159519110448256	2	1	1	-7.06005589183935
chr10	47309784	50026057	0.0136199943226814	75	0.0411433135789067	0.496262909108085	3660	0.151157849554149	2	2	0	-6.77859486350154
chr10	50029819	50118121	0.249885818380652	9	0.193469276917838	0.490233859368648	90	0.268751767639282	3	2	1	-6.95689515841234
chr10	50126167	125899441	0.0121736434552053	1403	0.0488797269372173	0.498687974899933	70374	0.164656698025901	2	2	0	-7.96129209482313
chr10	125899463	125917955	0.0109516760635166	11	0.150166816331947	0.535613011035832	33	0.227850782677319	2	2	0	-6.73566612638533
chr10	125997444	133689420	0.0168467732152495	165	0.0726200268017227	0.482641616169886	6847	0.155761906058111	2	2	0	-6.73475387698504
chr11	193112	44293840	0.339805977499183	1221	0.103918710000433	0.714201375691165	57063	0.221003593623252	3	2	1	-6.75415055028648
chr11	44309959	50489630	0.42642151928023	249	0.0900340789936266	0.937154206145922	14209	0.323645389928748	4	2	2	-7.11949852957682
chr11	54591430	56291059	0.473656612325137	62	0.078736352934336	1.33157182552248	3193	0.366089029304574	6	3	3	-6.83263553118353
chr11	56375881	56701244	0.112016361951218	34	0.0910175004229637	1.32145109637952	904	0.335642724507303	7	6	1	-6.90309941598846
chr11	56730608	59085040	0.332196786514214	121	0.0896423656482149	1.40532849721174	7175	0.460704500694892	6	4	2	-6.73463882693965
chr11	59279530	66715794	0.0178209839976877	324	0.0300924272794097	0.485572846727565	25659	0.143362858126369	2	2	0	-6.74081274657024
chr11	66923061	75571837	0.286162373352993	657	0.107603177804692	1.61929033841001	37640	0.658888892740026	7	5	2	-6.73960839741634
chr11	75577107	80675988	0.20306165001739	459	0.0981132702673374	2.35498802492478	17468	1.2269183106331	10	8	2	-6.73313779548834
chr11	80787779	135057684	0.0129070123184082	920	0.0480972750648758	0.488051021357889	46649	0.157204248871852	2	2	0	-6.82777376818386
chr12	12749	34523014	0.327061493218479	1247	0.105852449126467	0.72468295179135	47956	0.229279191111351	3	2	1	-6.7656293051148
chr12	37418138	57105459	0.339228630978075	784	0.102507187096848	0.730005748471311	44615	0.226252316120674	3	2	1	-6.78983120930868
chr12	57154683	58463050	0.12305785948276	94	0.0946407365942745	1.76540417926336	10456	0.57538011180173	8	7	1	-6.74596036122156
chr12	58874347	133231689	0.337043319945464	2013	0.106954468673858	0.726331334430373	91277	0.23867989515128	3	2	1	-6.8208411213041
chr13	18177561	21260772	0.498721603371848	121	0.110793803095695	0.987691852665732	5574	0.360273348703029	4	2	2	-6.75092956223777
chr13	21260945	21275274	0.0812319282991182	9	0.0655186572240644	0.879714511103756	35	0.296836748840478	11	10	1	-6.86512835738592
chr13	21289109	114325598	0.489898285239217	1910	0.0961120125575939	1.01810364706372	84424	0.361689622508117	4	2	2	-8.17706507738957
chr14	16099236	16099245	0.083	1	NA	1.095	1	NA	NA	NA	NA	NA
chr14	18289828	19680117	0.362296283096076	54	0.135583723918008	1.03553890920142	827	0.349063960459589	5	3	2	-6.90857552120403
chr14	19733813	106055202	0.498920540655438	2620	0.090654171838966	0.9486139112844	136287	0.317052737978878	4	2	2	-6.74574661727643
chr14	106061723	106631552	0.448850452411253	138	0.127559870760251	0.877093534315733	2261	0.205441841638218	4	2	2	-6.88373286727116
chr14	106639372	106643712	0.0999740664758367	18	0.0849273430337441	0.602563095090208	45	0.116879775060452	8	7	1	-7.03685431466423
chr14	106652206	106874867	0.498962210416675	56	0.0943671315632753	0.957986364507561	763	0.311865198569436	4	2	2	-6.73313493281224
chr15	19876640	23643886	0.498696707825631	380	0.13080714827666	0.886030381175352	6503	0.308002318328028	4	2	2	-6.85814187194882
chr15	23666574	47070904	0.0148029446555031	791	0.0653642830646225	0.461144247370848	30724	0.153945927807225	2	2	0	-7.86656025395616
chr15	47239217	101915195	0.498908904738535	1981	0.090585081871712	0.944536778954339	94229	0.315286174795221	4	2	2	-6.76130595690102
chr16	35667	29898008	0.476766984405781	1758	0.0961212837808171	0.994973050849813	80453	0.339151311568493	4	2	2	-7.03993906480474
chr16	29967891	30637659	0.0134608674378135	20	0.0451631836554371	0.5328676755618	2747	0.1656341190291	2	2	0	-6.86671115118814
chr16	30733505	31859586	0.478409718308106	76	0.0891848022219505	0.993748221585783	7203	0.294894399667008	4	2	2	-6.78135566094849
chr16	32035038	35908045	0.428822550721649	117	0.151953268329339	0.862115650901304	2774	0.325469302432222	4	2	2	-7.07592516196327
chr16	46386256	46891531	0.487960034607375	77	0.110146877334159	0.883237704116201	2728	0.272289998877145	4	2	2	-6.76394074419462
chr16	47596628	49021083	0.00389138003534706	41	0.0419840707307182	0.535314176667151	1442	0.163809612293844	2	2	0	-7.08282213112896
chr16	49378620	71642268	0.498832441805211	631	0.112016412787731	1.05454370173231	47117	0.393068557554207	4	2	2	-7.50500331847905
chr16	71644072	72112542	0.342353751668852	116	0.0826191107811435	1.42353591290618	3699	0.470677298128231	6	4	2	-6.73773600577218
chr16	72112671	78691117	0.458512835450336	241	0.0891060299763524	0.993007960212616	9983	0.394668967138615	4	2	2	-6.90220328795992
chr16	78726216	79290082	0.329159541558692	25	0.124557590428417	1.92084013360361	682	1.07789682915984	9	6	3	-6.7371411028123
chr16	79321930	83747999	0.474844206315349	171	0.0914249068246246	0.954176290531563	4889	0.396786311362315	4	2	2	-6.77812795104387
chr16	83906875	90095474	0.0124277239659135	429	0.044321950647947	0.520567846968443	12446	0.168386501376552	2	2	0	-7.36241078217477
chr17	137603	6935336	0.498875860178466	774	0.0954973352270297	0.956069448079355	26234	0.315696971027456	4	2	2	-6.73345040712897
chr17	7012082	21291547	0.0129942365832761	532	0.0713774781403891	0.487474021716367	29043	0.164387187248625	2	2	0	-6.75040706910495
chr17	21292683	21677318	0.498515865238375	152	0.161200737474388	0.424247004458985	570	0.153277132301362	2	1	1	-6.8985750145872
chr17	21677804	22717047	0.0778929422987351	67	0.161362916911908	0.448682454468977	525	0.205513720498114	2	2	0	-6.90605472932192
chr17	25074459	29356516	0.439730911533238	146	0.10272472996525	1.22803388600586	11378	0.455324727847729	5	3	2	-6.82974667797159
chr17	29374071	29583688	0.0176868955254402	9	0.0332018239124165	0.4757238186175	577	0.143531218360802	2	2	0	-6.73873859858189
chr17	29657322	34256892	0.39467605632499	253	0.112078343094921	1.28516325497152	12295	0.513283493715005	5	3	2	-6.79908447533647
chr17	34271319	57045936	0.232351516514449	1194	0.107323480483284	1.01690597061625	71261	0.337355422015331	4	3	1	-7.21976400906861
chr17	57046387	82150208	0.377163666077922	1522	0.104064432629098	1.25541471564094	89744	0.4617681159611	5	3	2	-6.97257458235682
chr17	82150233	82151473	0.498232600025016	20	0.174840220291496	0.433950577336035	43	0.26602089027787	2	1	1	-6.73321592764852
chr17	82312134	83135891	0.499882182247645	98	0.0736822920374971	0.944635976890407	3048	0.31112061490419	4	2	2	-6.73345955536326
chr18	48104	110425	0.186209976556752	14	0.144768572419706	0.611081318295685	168	0.526723855202413	5	4	1	-6.80072721675539
chr18	117394	15341512	0.498857532064758	484	0.105117600746277	0.950313068773549	19467	0.322507070073	4	2	2	-6.73398133693075
chr18	21028093	39335618	0.498823553120334	284	0.1018549067916	0.970183651167012	19287	0.36537778854712	4	2	2	-6.75827970979652
chr18	39402587	80250865	0.40191864289051	921	0.101241757267101	1.17302301393298	40418	0.433003897808859	5	3	2	-6.75410864400647
chr19	287786	9034890	0.498887773324286	1414	0.0983535938656597	0.920563828735241	46882	0.305442717126958	4	2	2	-6.80113138880296
chr19	9102456	24394098	0.386703800714173	2286	0.0954447996558949	1.25525146859051	90428	0.409324257474816	5	3	2	-6.90834565988983
chr19	27867463	58425312	0.385112579811309	3847	0.104206216845306	1.24606660206402	169712	0.404996818360995	5	3	2	-6.99141744925083
chr19	58434689	58571468	0.00807604082035851	17	0.00825779489153056	0.838529774266467	1062	0.356545819793426	4	4	0	-6.74551497398043
chr20	96321	25773465	0.498895744526404	874	0.0895113393055481	0.949833465526965	33467	0.326014642109595	4	2	2	-6.73507470408499
chr20	25773519	26119344	0.0198379543206645	22	0.148341195861468	0.932489830981303	252	0.469709380053899	4	4	0	-6.73756041551175
chr20	28559767	30910809	0.498604744335404	422	0.160160432155771	0.807772957297366	2037	0.340227536708919	4	2	2	-7.05020911607831
chr20	30910851	31237425	0.0345373341239015	21	0.138560868522517	0.556382783465883	168	0.42292626143563	2	2	0	-6.76618743424024
chr20	31259408	64327831	0.498897637251427	1426	0.0899231124648182	0.954548588498588	73056	0.322477388796876	4	2	2	-6.73343248894169
chr21	5218123	13113237	0.498680709670267	597	0.144455444888308	0.814190746446067	3681	0.35083327035526	4	2	2	-7.5643884858181
chr21	13255471	46541721	0.498883564488853	1202	0.0976860949267771	0.943044970768318	42490	0.317437552768043	4	2	2	-6.75632692438913
chr22	10685500	11311229	0.233000558815689	364	0.145984772916046	0.826455440743289	1513	0.353432572707276	4	3	1	-6.80587476432598
chr22	11311321	12797396	0.218049898267166	139	0.145178615732696	1.09808620132556	914	0.447530523770967	5	4	1	-6.76638073283168
chr22	15552090	50770109	0.336785582246594	2958	0.105826158784393	1.41663130786562	132854	0.520092005188265	6	4	2	-6.73463650575868
chrX	288616	52862710	0.309287980511868	238	0.12571519075659	0.960339817716935	30832	0.31793501484677	4	3	1	-6.86438448191532
chrX	65956689	156010162	0.498261469791705	47	0.18940908402208	0.990131942902037	46096	0.312802739485697	4	2	2	-7.43621046167646
chrY	3852176	11986761	0.498441737809572	79	0.178524348131256	0.460380297296192	1134	0.198527858540226	2	1	1	-7.026275149753
chrY	26436990	56837148	0.391556442844993	73	0.173049963751334	0.381080532211761	341	0.185142843649896	2	1	1	-14.187321668902
chrY	56854987	56884024	0.498528579421217	83	0.133239540671508	0.692140252029597	266	0.278339395182363	4	2	2	-6.75606710025653
