chromosome	start.pos	end.pos	Bf	N.BAF	sd.BAF	depth.ratio	N.ratio	sd.ratio	CNt	A	B	LPP
chr1	13273	124570364	0.498908340231513	8210	0.108713311062081	0.985369133094183	353225	0.360964554383045	2	1	1	-6.8793642045425
chr1	125067377	248872843	0.498904746035274	7022	0.107724733497668	0.989208770805039	283625	0.356194686044942	2	1	1	-6.95979302558297
chr2	171467	89244990	0.498899018497937	5527	0.107319286652707	0.996081768959401	188641	0.376376644156375	2	1	1	-6.99584767615849
chr2	89245365	92012900	0.278972272920202	251	0.13474971977737	1.0137003925824	3541	0.333537690998201	2	2	0	-7.04093196509638
chr2	94190317	242143228	0.498909448434236	8624	0.106043910410479	1.00850814132649	308316	0.371064612913483	2	1	1	-7.59590469318025
chr3	38293	90507212	0.373019094046134	4965	0.113456835066015	1.28303926073422	229381	0.461797608423286	3	2	1	-6.74553669611316
chr3	91355137	95367950	0.351251795648968	32	0.108819022404618	1.60077021447145	2469	0.590433100623018	4	3	1	-6.832873043825
chr3	95433233	168490479	0.17548475186968	3236	0.121118103153397	0.98716254481142	131848	0.374241265655755	2	2	0	-6.83628904026256
chr3	168551968	172603907	0.49884118223855	246	0.10823342183505	1.56718887719646	11667	0.584370253501933	4	2	2	-6.73359978690217
chr3	172621561	174043162	0.187293086072409	70	0.125875867244088	0.97890998202278	1716	0.388030950212961	2	2	0	-6.73374971813029
chr3	174070659	177758886	0.498707294483167	147	0.108049044990601	1.43576588444089	4866	0.615722764461993	4	2	2	-6.78640809893941
chr3	177767242	195617886	0.169044382434476	1169	0.120666838352748	0.969694576562328	41748	0.377548485172189	2	2	0	-6.74350336618088
chr3	195618957	198139899	0.389111246379686	765	0.127742732946957	1.0783022640069	14155	0.412720164347012	3	2	1	-6.97537846543723
chr4	46210	49091992	0.498879988370012	2685	0.106666409467253	0.985464567637566	90762	0.369319310804448	2	1	1	-6.78962160001938
chr4	49092242	49711855	0.386225769940236	257	0.137780043238968	1.04469689641448	2090	0.39378729669331	3	2	1	-6.82782585528844
chr4	51838815	190179673	0.498900885037978	5968	0.111144118447328	0.934172598827005	200368	0.358617176222254	2	1	1	-7.51450458549305
chr5	28951	46206800	0.498879627163357	2651	0.0964453458330296	1.45550472608747	87562	0.541466320810062	4	2	2	-7.31358567902161
chr5	49599598	50273784	0.390572656339766	115	0.13590988848479	1.08509283270195	850	0.358280387020681	3	2	1	-6.81735839987519
chr5	50280387	60290781	0.498790693066755	463	0.113670015773929	1.45889550891675	19204	0.613493609586042	4	2	2	-6.83351830513162
chr5	60301057	116366234	0.182800598919979	2373	0.126306159811784	0.983757200425856	81543	0.388611764853936	2	2	0	-6.77986604886074
chr5	116412797	134147691	0.4987147657421	717	0.146525841736201	1.25789505647629	31734	0.551276713815259	3	2	1	-7.10811873084209
chr5	134156116	136445798	0.189157270678276	143	0.121911293321733	0.946847231461576	6715	0.360013060483328	2	2	0	-6.73968143847246
chr5	136501086	138334500	0.39082520458883	147	0.116711920746427	1.9727029625612	7508	0.74015306942709	5	3	2	-6.77192212682069
chr5	138372745	181276378	0.182505434494404	3296	0.119811238433701	0.957962336163021	113530	0.348425147750205	2	2	0	-6.76388089954564
chr6	160049	433552	0.213283590372041	53	0.111514166314529	1.46439194131374	982	0.642510801857849	6	5	1	-6.79996294216027
chr6	440358	32444803	0.498878732654879	2569	0.111791734205659	0.910871805058993	85813	0.339773458332455	2	1	1	-7.32033837850771
chr6	32446112	32796197	0.310588558877786	156	0.128278049654489	0.988262432264361	1046	0.350879052733475	3	2	1	-7.01356475648541
chr6	32815309	60873281	0.498867195681108	1742	0.10669165362844	0.913072059703377	75104	0.323762577601891	2	1	1	-7.26238977545431
chr6	61077116	162885625	0.498892931390663	4337	0.111341818101125	0.948959140115465	164483	0.369085042347115	2	1	1	-6.93324408451482
chr6	162933947	170610647	0.29254669378955	360	0.133086294327598	0.684098252905776	9943	0.268809473513753	1	1	0	-6.80538104540324
chr7	50354	58089136	0.498889555856513	3810	0.107507787879074	0.993233845733983	123105	0.376260445765168	2	1	1	-6.87284083370587
chr7	58090050	58100632	0.378837978100363	9	0.154320643826777	1.09476611467128	31	0.67171501573628	3	2	1	-6.73340518341137
chr7	60959079	151531397	0.498900579509717	5893	0.112410661908256	0.981312417453955	227627	0.370242308427774	2	1	1	-6.79001733889502
chr7	151532764	159162799	0.498806024512877	660	0.125618265820969	1.01492453038586	17842	0.390522062053578	2	1	1	-6.79518257812036
chr8	75951	43510803	0.49888414038931	3116	0.110183393805619	0.967740831509527	94213	0.370417152066678	2	1	1	-6.73376676626326
chr8	46036002	145055379	0.498891528627	4108	0.109250586536302	0.98500718986399	165617	0.38288660134696	2	1	1	-6.83257485396295
chr9	12704	38972827	0.498872644879496	2085	0.105725530426917	0.972859390385249	71695	0.367170624798697	2	1	1	-6.73508909586624
chr9	38977631	43242683	0.350477396487214	559	0.127765164551139	1.00226069026133	4889	0.421066993031278	2	1	1	-7.47515070503893
chr9	61158770	138214444	0.498896821532276	5057	0.110728283946552	0.980037999155765	201510	0.357988466094404	2	1	1	-6.77442414766009
chr10	48038	479590	0.212965187322893	15	0.11758875067673	1.78760148640442	1795	0.496631146889561	6	5	1	-6.77919811099272
chr10	502064	38950914	0.258980448107255	2491	0.145282829481645	0.667313894756849	72014	0.286781639864648	1	1	0	-6.74283872218108
chr10	41850732	42279038	0.480751098783719	90	0.136533533857677	0.972706083585972	773	0.399051757364885	2	1	1	-6.74494865284867
chr10	42279904	59788532	0.265579097044885	704	0.138948564147307	0.675113335173446	22159	0.269003106971002	1	1	0	-6.77229513040458
chr10	59792934	133787328	0.498894197733026	4557	0.113145420076273	0.918846498408375	176433	0.343370843329297	2	1	1	-7.66077002874851
chr11	195982	50553108	0.498887946859849	3586	0.110392124741952	0.924738918773472	119360	0.326314415288984	2	1	1	-7.30980693039327
chr11	54591798	135064821	0.498895143077177	4730	0.11128273378175	0.91122099166669	212285	0.322921536903238	2	1	1	-8.13283565635905
chr12	12749	34672954	0.498880745689768	2758	0.111475023884456	0.913735722716665	86162	0.337620036617638	2	1	1	-7.314646152729
chr12	37323770	133219374	0.498902511150769	6387	0.113376562095222	0.911993895344716	261323	0.339250997718158	2	1	1	-8.18868072461902
chr13	16237525	17742959	0.498672928438446	4	0.219219068513667	1.02001814287674	58	0.273236518052288	2	1	1	-6.76402183380398
chr13	18177561	114332365	0.382725962969665	5228	0.110789446178211	1.2816293224955	175682	0.48933207064394	3	2	1	-6.73984399237693
chr14	16098225	16402213	0.333	1	NA	1.07864002674222	27	0.437193207043408	2	2	0	-5.77523544645121
chr14	18289828	19934774	0.498618809184655	140	0.12706623916954	1.00933752991964	2686	0.333974998053132	2	1	1	-6.7473657787518
chr14	19935750	106874951	0.498897251071236	5145	0.108967223425688	0.965016707950272	217233	0.357897826748455	2	1	1	-6.74209221469084
chr15	17081956	17082007	0.33932512346776	2	0.0332340187157678	0.952132863851135	3	0.0935752816364094	18	12	6	-6.7541883689649
chr15	19841474	22671706	0.39176550402501	553	0.128138858835419	0.96445745048043	5733	0.342266616340337	2	1	1	-7.13359522049177
chr15	22672295	101980889	0.498901368369986	6089	0.108064655148121	0.94680018670915	223321	0.347596245632848	2	1	1	-6.94761522937107
chr16	11641	29365050	0.376409324923482	3847	0.115084587872027	1.27318805753575	144088	0.456848217526918	3	2	1	-6.73385750384212
chr16	29374973	33048885	0.452720686257549	253	0.109044156282323	1.11011866079394	22733	0.37857565990257	2	1	1	-7.1131487958414
chr16	33055284	34266408	0.245688901444869	70	0.133917629421892	2.42908893012916	2059	0.914215179987516	6	5	1	-6.76218334138531
chr16	34572792	36162586	0.495921226141431	92	0.1193855906492	0.942233155367284	1873	0.577433968448486	2	1	1	-6.73606868250424
chr16	46386256	54976120	0.318077578524053	311	0.143474591647071	0.65883666799456	16896	0.285386669024397	1	1	0	-6.8035434195127
chr16	55156370	55690030	0.409243077810504	56	0.118474589033907	1.20927520553995	1195	0.485325788654241	3	2	1	-6.77260574639208
chr16	55692063	56110786	0.201945348849722	59	0.0842834409713762	0.703898546295132	959	0.254145488338892	1	1	0	-7.11458444202109
chr16	56334583	64626340	0.356715388508601	408	0.105015523362878	1.31205454615379	23262	0.489304351181949	3	2	1	-6.77998115160535
chr16	64714566	86567761	0.273368853114676	1514	0.139441911281806	0.669960584505689	62216	0.283699706683198	1	1	0	-6.74568452567087
chr16	86613459	87331616	0.498565559822608	39	0.120946659593957	1.25201129908996	1198	0.564508952551117	4	2	2	-6.80559105521358
chr16	87347460	89343044	0.245118871127342	299	0.133047526874921	0.696530830437446	8191	0.252210362552042	1	1	0	-6.79640818076049
chr16	89405134	90092185	0.498962605171765	154	0.0983379690999825	1.06587614015592	5979	0.351755505976398	2	1	1	-6.76282848419232
chr17	137603	21143342	0.259290245550942	2739	0.136560164455731	0.656233466616903	85646	0.246563030529757	1	1	0	-6.76646048911422
chr17	21148469	21816924	0.498727615785839	359	0.126229990386259	0.824910011685185	2069	0.337060076592668	2	1	1	-6.82386755441705
chr17	21816925	23016487	0.392901748186512	136	0.122323826232064	1.25864216006325	1465	0.566332662088585	3	2	1	-6.73983677546337
chr17	24421438	83158753	0.379062818521248	6247	0.108481060103949	1.27056038775336	296722	0.444546723531257	3	2	1	-6.73524995541043
chr18	48107	15357277	0.498858490060817	1324	0.11487578450888	0.95007437713917	34068	0.368631240505667	2	1	1	-6.76084316258982
chr18	20944392	80224726	0.498879595025519	2648	0.110271096640594	0.965940484153207	91006	0.379242323655251	2	1	1	-6.73656375759469
chr19	107456	24364826	0.498894612763651	4632	0.106926221234426	0.872629608770671	173308	0.308153018069367	2	1	1	-8.08042520520375
chr19	27392054	58586647	0.498900460118771	5864	0.111301994758974	0.875240496878667	192451	0.306709935861999	2	1	1	-8.31573426857565
chr20	101574	26273469	0.365807352832727	2151	0.109516222353102	1.28607416594508	65418	0.472623083899679	3	2	1	-6.74868581552979
chr20	28513612	64327831	0.383417737248925	3938	0.114995713142303	1.28010986780381	140812	0.461349708556189	3	2	1	-6.73511770699472
chr21	5218151	13104980	0.493826862867485	928	0.127513253277349	1.06700054664334	5829	0.417794574871874	2	1	1	-6.9732517314362
chr21	13337421	46697396	0.498877016056771	2420	0.111769689681406	0.98671158677323	69584	0.364156082310289	2	1	1	-6.77910605682547
chr22	10685500	12797396	0.461398017744892	886	0.126169844026905	1.10213870443758	3680	0.402547821810192	2	1	1	-6.91443466625635
chr22	15314371	16478207	0.272570199718971	86	0.123974831411579	1.44412373430418	1432	0.60166462706247	4	3	1	-6.79393263392099
chr22	16523564	17117622	0.479406744541067	83	0.0759993117496714	1.21080996240066	2211	0.404695470080436	2	1	1	-6.88232965258952
chr22	17120087	23659094	0.321420148819731	1342	0.108065188107007	1.67332795438378	40157	0.564227243346018	4	3	1	-6.78403861607064
chr22	23662124	25761177	0.498815008920486	406	0.106874525285306	1.18524179243376	11370	0.410543899050098	2	1	1	-7.02034660029848
chr22	25768225	28890192	0.242359546111993	221	0.139253918454809	0.732885795300842	6902	0.307700765633359	1	1	0	-6.94267420226657
chr22	28957642	30854008	0.498795695204238	278	0.098639972465461	1.17857931393454	12391	0.427777040436654	2	1	1	-6.96118038677328
chr22	30889162	32000936	0.2808655396038	181	0.138147741663422	0.834213181305774	7260	0.383933270272015	1	1	0	-6.96312176159412
chr22	32063719	36446230	0.435336180456237	511	0.103496775621197	1.20784486997799	14192	0.497556850238343	3	2	1	-6.92941142567664
chr22	36447217	37422435	0.443071883559627	180	0.145527584783645	0.853143741791607	4094	0.329160233636934	2	1	1	-6.91056637688944
chr22	37470025	38073200	0.463320464309469	167	0.0982646476892828	0.974710139902784	5288	0.320230458143009	2	1	1	-6.81558447796435
chr22	38078845	42255215	0.498811508044068	661	0.101685396221403	1.23031056705673	28231	0.474388504366228	2	1	1	-7.30631859258933
chr22	42267865	50808384	0.258535069368524	1012	0.131218253074895	0.733025843038554	27032	0.283414549376177	1	1	0	-7.3021315639563
chrX	257225	52862624	0.498795514544406	743	0.120480527162935	0.98441398745156	49286	0.363298708599318	2	1	1	-6.78781134709719
chrX	65539928	111839913	0.324698924689936	13	0.166843162957434	0.989960438660434	29232	0.330082330398183	2	2	0	-7.23516488142945
chrX	115190633	155990989	0.396218736153433	29	0.105123935770695	0.98820453764713	31476	0.333399768009888	2	1	1	-7.34606766387677
chrY	4895145	11812749	0.302086882806303	230	0.130782852722238	1.04843878308032	2936	0.409495017912028	2	2	0	-7.32677223906578
chrY	19413600	56887153	0.498694837779413	302	0.127591635128552	1.0520413769574	2419	0.440253120182663	2	1	1	-7.42096668775604
