chromosome	start.pos	end.pos	Bf	N.BAF	sd.BAF	depth.ratio	N.ratio	sd.ratio	CNt	A	B	LPP
chr1	139213	16610149	0.00164388508650959	1190	0.0796591003565463	0.586806474782385	41794	0.285930774802155	3	3	0	-7.07421975475505
chr1	16610846	16947199	0.498512179712509	132	0.172174590062923	0.600055522877156	1489	0.272862068943682	4	2	2	-6.85105975457073
chr1	16970140	74074866	-0.000554420744009965	2218	0.0406422685099613	0.573717222108725	109557	0.266592735501688	3	3	0	-7.19267159942135
chr1	74075247	77662833	0.264995708264011	118	0.109298259775869	0.901362798656108	4573	0.6852575334621	4	3	1	-6.91574013674064
chr1	77663797	78438667	0.14928252392351	44	0.099758447691587	2.54358182933163	4432	2.07532096340449	13	11	2	-6.73461104831743
chr1	78536309	87653900	0.498830309382753	235	0.125657024755968	1.22608953038308	12751	0.837802032323767	6	3	3	-6.80760647056119
chr1	87653963	89289988	0.246209686944582	38	0.0833432165784617	0.931523524950214	2508	0.622477375693792	4	3	1	-6.86437256023862
chr1	89299374	100567913	0.00578978183993339	245	0.0361510358140895	0.592394065100417	12244	0.29323846996441	3	3	0	-7.05548478429577
chr1	100698486	104538192	0.237699425008385	52	0.115261318613954	0.75242508657895	2534	0.417773386636434	4	3	1	-6.74305674248091
chr1	104582132	106324518	0.347389000589785	70	0.136255530402319	1.61131153193035	1255	1.13362978816169	9	6	3	-6.74033970265272
chr1	106349580	107013009	0.134614571842171	38	0.0903499793949695	3.24491898946606	1048	2.54992376794896	15	13	2	-6.73462777464306
chr1	107314100	109294319	0.326023123842536	155	0.107100492727727	0.898743670501484	5510	0.611358389854484	6	4	2	-6.87564291539059
chr1	109508616	110479266	0.0913004024476028	66	0.0781798536100542	0.600693443153357	2829	0.243626805325699	3	3	0	-7.5157759409269
chr1	110487478	110744354	0.106569122154668	17	0.0861263179699377	4.50942554760679	1436	3.25005458102043	19	17	2	-6.73406537529428
chr1	110753723	114538254	0.302825917707206	136	0.101037553147181	0.844990046836269	9138	0.43487314976045	4	3	1	-7.093775537361
chr1	114563473	117191415	0.115224889779181	312	0.0859016206158958	4.27972652195158	20280	3.31627726344714	18	16	2	-6.74334166153518
chr1	117271343	118926565	0.498812651960717	42	0.112959984897986	1.23123591812355	2856	0.742663549592378	6	3	3	-6.75198559209612
chr1	119019307	119932276	0.202898560456808	63	0.110260458295776	2.66961020208059	5378	1.7157782648617	15	12	3	-6.73373895269828
chr1	120069537	124757783	0.480751301560937	58	0.143718434815256	1.24745389326184	1938	0.800824070085153	6	3	3	-6.80189299608191
chr1	125015362	145224151	0.498384920852183	48	0.165740535442156	0.99161587924631	2130	0.573442603816835	5	3	2	-7.10539760162204
chr1	145233393	248945478	0.421508922193565	4610	0.1062195753678	0.961443790921967	250111	0.514081925045212	5	3	2	-7.07271125458193
chr2	41404	87290631	0.498918719333109	2396	0.0911360254708697	0.729145032583958	121088	0.37329417317248	4	2	2	-6.82605013818584
chr2	87400727	91987666	0.377930025955166	140	0.153606218292253	0.536712192166563	4172	0.267008417109172	3	2	1	-6.82899199936836
chr2	94203779	97211662	0.276717677577201	148	0.130884173239394	0.543592613453339	6846	0.354988203993433	3	2	1	-6.8500708446212
chr2	97215530	127419801	0.339998159789565	630	0.109738666768956	0.538487223584201	27538	0.250875933429006	3	2	1	-7.00448388405938
chr2	127423296	131530789	0.232475411334838	218	0.104893795452951	0.637667754965402	7779	0.326135914902439	4	3	1	-7.22985613722126
chr2	131532826	242004138	0.223195011228424	2936	0.10200794818052	0.682611105060862	152896	0.33355079149057	4	3	1	-9.31018000890547
chr3	176516	75511788	0.498908101861468	2043	0.0987231105434189	0.731710190478374	129746	0.35570241145821	4	2	2	-6.78700991058433
chr3	75514726	75802512	0.167864682758763	144	0.152111309972666	0.63468120490456	741	0.337788578976917	4	3	1	-6.93901290875405
chr3	76123000	90613961	0.000598396536552914	81	0.0953685605725441	0.746537035878815	5895	0.432226801114262	4	4	0	-6.73582683522963
chr3	91404517	130055277	0.49889708234299	922	0.0956210210285264	0.755802319614717	52538	0.39854035061942	4	2	2	-6.79127188602975
chr3	130083158	130170327	0.0907162578856936	21	0.166102951437325	0.670323912285973	97	0.38697328602623	4	4	0	-6.91034735479524
chr3	130178582	195745752	0.498891038574955	1588	0.0968860607249096	0.766013225781252	82796	0.419093819861285	4	2	2	-6.97415977114818
chr3	195745869	195983218	0.49845835138158	85	0.158717357084145	0.667447392993829	1381	0.29707532859355	4	2	2	-6.75057676764006
chr3	195984100	197945565	0.499031365787453	138	0.088711705472412	0.752836339088655	6276	0.369296884785614	4	2	2	-6.735343951525
chr4	46210	49032867	0.498909173169356	1537	0.0900139677156391	0.717852435576389	60295	0.364940295682818	4	2	2	-6.94395380656415
chr4	49097326	49149459	0.116112641669948	25	0.179994907335365	0.0824805698226713	107	0.0965097438851941	1	1	0	-8.62140605463069
chr4	49157790	49711665	0.498467992512527	68	0.132582563273926	0.725177833949283	355	0.41817812137317	4	2	2	-6.73397244703429
chr4	51838815	148891810	0.331197824262959	1781	0.108045611913218	0.583511513363274	82151	0.290179318921916	3	2	1	-8.0557300148499
chr4	149519277	189997439	0.498874282892549	868	0.100542464871373	0.743593623490852	39850	0.37330751265995	4	2	2	-6.73558212720549
chr4	190008385	190118731	0.284828191697197	14	0.209253421729477	0.591491308943214	152	0.273311015363188	3	2	1	-6.7685686176743
chr5	114459	251669	0.00209063619329863	50	0.00695199281369253	0.326254316105626	467	0.118527840978181	2	2	0	-6.87971824431681
chr5	254484	314403	0.450077746278797	10	0.0605783239561259	0.719860782251456	155	0.357763017405903	7	4	3	-6.90337937040868
chr5	353936	665165	0.000681484370605889	31	0.00538815906080325	0.317125150764116	661	0.119941243829225	2	2	0	-7.04032572194881
chr5	710226	1292868	0.151247215917758	76	0.0894854923064814	1.40034839827339	4083	1.18972877801579	7	6	1	-6.73976872315982
chr5	1321758	5376628	0.0123631150879805	58	0.0809547086449246	0.352504517151202	1753	0.17398031550583	2	2	0	-6.93783588516858
chr5	5653652	7299945	0.408718951456685	53	0.132178138253724	1.15846910399365	2042	0.822685266358146	7	4	3	-6.7649440414936
chr5	7301241	7870860	0.180717196476745	55	0.11053963135912	1.97674812810736	1730	1.84224816161129	11	9	2	-6.73318057959098
chr5	7872190	20305532	0.00272021468067318	148	0.0276795040736298	0.365748241543375	6132	0.152094478934734	2	2	0	-6.78983564381556
chr5	20884090	29267181	0.498632836751733	118	0.136581177881611	0.881436109655089	3943	0.773491694319128	4	2	2	-6.97693700128234
chr5	29361223	30495059	0.00202711158677749	14	0	0.361898265332755	180	0.169238566698317	1	1	0	-Inf
chr5	30661289	34319449	0.218270551330542	206	0.113630336088824	1.52628918907075	11402	1.10582261358528	9	7	2	-6.7476416112554
chr5	34319662	35614125	0.109298112982682	196	0.0723645070000807	3.17609457190986	7264	2.59675757652178	18	16	2	-6.73367604507632
chr5	35619458	37275785	0.165028221833488	171	0.0957168676245207	2.21005189339601	9569	1.70491849543695	12	10	2	-6.73321611346918
chr5	37322971	41150687	0.377089847470986	101	0.0973079993252007	0.756551821597297	5607	0.575306919416077	5	3	2	-7.03691237495623
chr5	41322750	46206800	0.246538795840318	91	0.126285043976365	1.48408435514131	7304	1.07161452798684	8	6	2	-6.73348762712716
chr5	49601562	49661790	0.00803703974027437	37	0.0908749594677118	0.0266468961480273	94	0.0299657243378989	1	1	0	-18.5579541937231
chr5	50190403	124799893	0.498890388021681	1549	0.100410833239637	0.770251288585696	73777	0.441982052837388	4	2	2	-7.06273757116237
chr5	124845691	181281775	0.00170298395612767	1271	0.0492906888434922	0.364540258348579	63323	0.150969270913222	2	2	0	-7.08929083529846
chr6	178170	32475489	0.400368402959876	1973	0.10112953963812	0.897890610965471	74543	0.460888841349254	5	3	2	-6.81845894375315
chr6	32475492	32584298	0.492323036027352	51	0.140955762772664	0.28975681215896	116	0.307693981915062	2	1	1	-6.77609466231154
chr6	32618688	32666596	0.106980572933657	52	0.0853951576862496	0.869860565697753	193	0.511486778551497	9	8	1	-6.7805441316562
chr6	32666649	60964235	0.416188480640939	1370	0.096396710727577	0.910264426156375	67906	0.485041600450981	5	3	2	-6.7710112385155
chr6	61181989	61869145	0.12452999817704	31	0.116211126001135	8.36809498705356	1217	6.01094974371069	16	14	2	-6.74531288965011
chr6	61931807	170640200	0.327732325485786	2094	0.106355099997501	0.562013724348542	98581	0.271883454747001	3	2	1	-6.8488733047549
chr7	50354	57582784	0.498897450791011	2043	0.0964930662873668	0.745248667235116	81631	0.386230284499014	4	2	2	-6.74141102818768
chr7	57639143	58100284	0.498101538007371	17	0.178708870216667	0.561876366361601	175	0.216231564587156	4	2	2	-7.15431740348606
chr7	60981623	76953337	0.498838273546765	738	0.113274567796869	0.724278526016555	29603	0.355770816257094	4	2	2	-6.77133970117179
chr7	76978826	87595730	0.000709039317468019	128	0.0853394319853068	0.377348108854088	6355	0.164454751692521	2	2	0	-6.81339806957037
chr7	87659008	100952225	0.498860283885046	349	0.0957709654591847	0.748799144152712	28589	0.378751465500118	4	2	2	-6.73952954225752
chr7	100952233	100959720	0.121291172632107	66	0.145536686232809	0.460406684803635	398	0.185870810249638	7	6	1	-6.88238701458131
chr7	100959888	100974763	0.331795489016829	83	0.144833682113593	0.580234312029242	341	0.260271883627361	3	2	1	-6.73334540823176
chr7	100976343	102772454	0.49881727063302	132	0.105137274089454	0.622204838723845	7755	0.291656431531774	4	2	2	-7.09583705851709
chr7	102777306	128533666	0.00176292724470983	255	0.0195708851635829	0.377431315489477	18078	0.162171773093017	2	2	0	-6.9389530810717
chr7	128597448	152401932	0.324944576955369	847	0.112861491628097	0.533669804747059	39208	0.232666091562335	3	2	1	-7.13621409001796
chr7	152403170	152408001	0.265799864343814	46	0.144606425712995	0.261251716667386	116	0.1248187147195	4	3	1	-6.93576656587002
chr7	152408028	155895017	0.322388298967134	112	0.117521125459276	0.527984731255545	3160	0.231567052423035	3	2	1	-6.83793374034726
chr7	156640099	159034723	0.00260229634162795	84	0.0599316114362047	0.371206093941936	2612	0.171334970421683	2	2	0	-6.73439351990801
chr8	243622	12652218	0.49883878370148	467	0.0977574515874645	0.69848761055322	12947	0.334388035567353	4	2	2	-6.95496619291631
chr8	12662068	12664387	0.0815897585212437	9	0.098420018288964	0.661450495401979	17	0.331103746847526	12	11	1	-6.75180087119907
chr8	12668246	43302033	0.498887584299616	897	0.0951621301861195	0.736630308963488	48398	0.371976838150144	4	2	2	-6.73733063301094
chr8	46930694	100674087	0.498883944372725	952	0.0979459647961837	0.765053016959113	54803	0.429479467523569	4	2	2	-6.90933053008526
chr8	100706704	100709642	0.0149562265690699	10	0.013172361637577	0.591107240054763	70	0.304594655129973	3	3	0	-7.42128556863023
chr8	100820710	145066250	0.498905220797402	1293	0.0980839372876722	0.71250548684014	54849	0.365938400326093	4	2	2	-7.01953088842101
chr9	111919	271638	0.000679443956714598	11	0	0.511102672917142	107	0.264859114541028	1	1	0	-Inf
chr9	286491	632845	0.498801835532702	32	0.108225496369923	0.728794377536765	882	0.27199658398862	4	2	2	-6.73385242335476
chr9	720832	908214	0.226918551079484	50	0.119392851801205	1.70884634606883	1050	0.894379267136735	9	7	2	-6.73404521065273
chr9	936473	3617602	0.498548446607308	74	0.141154199884847	0.78287006584845	2425	0.480950064242133	4	2	2	-6.75424226702358
chr9	3723221	5122932	-0.00116974933398284	41	0	0.407872698947915	1194	0.212026167707191	1	1	0	-Inf
chr9	5293144	10360883	0.310121436866426	167	0.123170474267124	1.06919255552468	7505	0.724169126624357	6	4	2	-6.76285844141894
chr9	10531243	17348911	0.28906862589828	249	0.135428322308235	1.46298529405612	11004	1.13251586181385	7	5	2	-6.77965308938511
chr9	17494913	36034781	0.000965180292014367	318	0.0283159656567937	0.367924818037143	15922	0.153717514057645	2	2	0	-6.75477274861488
chr9	36063691	37462110	0.365936163547927	96	0.116865644385847	1.11098184452819	4765	0.674594095812477	6	4	2	-6.77936699366944
chr9	37486386	38732432	4.18997060144255e-05	36	0	0.428710488454199	1717	0.350582293404801	1	1	0	-Inf
chr9	38904090	41969110	0.140414614871686	264	0.133213734311078	1.1611693398051	2030	0.961691490078829	7	6	1	-6.75726366441853
chr9	41997733	43242683	0.132265001716881	42	0.17004799486466	0.43748797184476	506	0.658934096285333	2	2	0	-7.1229884969276
chr9	61902912	63357527	0.157542623219689	62	0.147750061404932	1.47055760689309	917	1.19170416613839	7	6	1	-6.74870112888181
chr9	63762247	63858467	0.494724994044858	41	0.17036857462429	0.639902198305865	202	0.559710898796877	4	2	2	-6.73755248662958
chr9	63995404	69014201	0.190954643158406	152	0.12883507537513	1.86562815509703	4351	1.60971028277378	10	8	2	-6.73604841900135
chr9	69211000	74827700	-0.000203511649405463	83	0.00208552093980412	0.380646915823609	4152	0.153611182950377	2	2	0	-6.84330204570685
chr9	74887216	75867572	0.499261131357333	15	0.0942761899951414	0.754733927877574	919	0.388596845633161	4	2	2	-6.73441990165005
chr9	75986343	77580491	0.00024876523818218	42	0.0455438423890503	0.375032590976478	2090	0.166630160534207	2	2	0	-6.73837084943607
chr9	78236434	138198665	0.397856618851915	2214	0.10236669927913	0.592314811034267	107045	0.267262972447752	3	2	1	-8.53235612677443
chr10	47876	38459115	0.498888386199908	1436	0.100186763711069	0.739977172484331	56065	0.370550164155693	4	2	2	-6.73330830479003
chr10	38527682	39986522	0.31265305975686	67	0.139962221109327	0.656518516451159	479	0.356404182630323	3	2	1	-6.93217859087862
chr10	41859953	41898956	-0.00319841251747544	9	0	0.0351337847612249	17	0.0206272948812404	1	1	0	-Inf
chr10	41911283	133787086	0.328446798711171	2790	0.109140213184483	0.548469371698228	116342	0.256656576917366	3	2	1	-6.8705680000381
chr11	197557	1642818	0.396541719676101	396	0.107024665435755	0.761482198654107	12102	0.36147589969507	5	3	2	-6.97739074091665
chr11	1643916	33859470	0.393176386572302	1428	0.0935102236792189	0.9014512793392	63494	0.489823919666329	5	3	2	-6.79379568048416
chr11	33860681	50247420	0.406119180808374	295	0.0986744625325805	0.71416359459694	24153	0.42834582343097	4	2	2	-7.30319721950026
chr11	54591643	60518154	0.476859827580118	233	0.106531043264044	0.665917360664348	12694	0.283182653465199	4	2	2	-7.22664807493423
chr11	60735941	61616944	0.145339981629583	140	0.0849230214878322	2.23607909303871	9546	1.48093417936063	14	12	2	-6.73881778379367
chr11	61720218	67489566	0.348497603448786	350	0.0930036729189898	0.515455743992077	28391	0.196588454615352	3	2	1	-7.21455972667674
chr11	67525148	67808594	0.0301648525216532	97	0.0353125587309064	4.68181553056112	4007	6.02184513220467	20	19	1	-6.91686001429619
chr11	67810700	68615123	0.271172230359025	40	0.0963109813479498	1.15129452038678	3984	0.959846556196434	7	5	2	-6.75404944127591
chr11	68639624	69086833	0.156444230603314	122	0.0855047558359156	2.31037842942364	4683	1.36808224581818	13	11	2	-6.73382711138975
chr11	69100192	70434886	0.0309119885375935	438	0.033514920685738	7.81600514860868	20741	5.93100532868584	20	19	1	-6.93426960617386
chr11	70441335	71453075	0.0235739700459316	306	0.0253580484762182	11.7015273807652	17292	8.71516852231172	20	20	0	-7.2218909840093
chr11	71453425	71949609	0.0171220315995277	259	0.0179811964678786	18.5543368829294	15775	16.3599463477624	20	20	0	-7.23587478465928
chr11	72086591	72579585	0.277767428277302	15	0.124231044352659	0.50828529134839	1465	0.206994887920469	3	2	1	-6.90491477408286
chr11	72583396	72826027	0.33123716660129	14	0.0916672194455527	0.521621198118396	1022	0.20631362845659	3	2	1	-6.74693023951804
chr11	72940660	73365545	0.405807075495392	13	0.124454553542391	0.507854367031634	730	0.208484814339314	3	2	1	-6.97686851287573
chr11	73389187	73651721	0.223420464808958	12	0.104105133340671	0.517886986473893	420	0.194990071113142	4	3	1	-7.26069346253592
chr11	73653323	78155752	0.341422880022894	255	0.0911372789410771	0.54188833844552	9705	0.228736305535403	3	2	1	-6.76980486057512
chr11	78183770	78771457	0.0125040902401749	304	0.0103783472702467	26.2985142944717	22532	20.3693827742706	20	20	0	-7.5009651375582
chr11	78780213	79252241	0.00937351381769491	70	0.0567855724831231	21.8938813341043	7122	14.4053842544406	20	20	0	-6.75363953488945
chr11	79294883	80222929	0.0613799724349648	77	0.0867288162020479	5.1564726259697	2235	5.41622255094602	17	16	1	-6.73816767951427
chr11	80304624	130547026	0.338412854773924	1228	0.110138087945089	0.55127184696212	59844	0.251107053167364	3	2	1	-6.76335276857774
chr11	130846262	134204701	-0.000554182335667175	41	0.0078086880944303	0.174232660569608	1117	0.0687561185195472	1	1	0	-8.01057908409096
chr11	134234839	135055605	0.357088753184396	26	0.113355397550563	0.513362306689735	983	0.226385975561527	3	2	1	-6.81873179344376
chr12	13488	60027	0.122728725758494	21	0.0848107416826542	1.49949740887175	131	0.955570948296578	8	7	1	-6.73346442412701
chr12	60040	11021677	0.498888193380784	653	0.0955457170285682	0.729501908411312	32506	0.354030079262679	4	2	2	-6.74546853912756
chr12	11021728	11092047	0.498275023536967	43	0.182175207428317	0.710298730093984	399	0.206413877427976	4	2	2	-6.7348329853885
chr12	11120964	25804028	0.498836881023852	375	0.100886294725588	0.769447965163891	18365	0.392506408741514	4	2	2	-6.81435410699581
chr12	25804106	25804416	0.112144726663442	9	0.0558601925445224	0.419172564454246	16	0.0324581140343469	8	7	1	-7.03365190241929
chr12	25874239	34523014	0.498862434669153	270	0.0945379019093681	0.760553460639041	13006	0.4072084128071	4	2	2	-6.75472224791231
chr12	37418138	41862353	0.498763783375291	77	0.143682163999356	1.05591284185103	5391	2.78818992008684	6	3	3	-6.7339671414993
chr12	41960045	42442468	0.0690694317489708	140	0.0515581073917689	5.09357265716306	4786	3.68275873230722	15	14	1	-6.74216641969374
chr12	42447153	43977315	0.130467926269356	94	0.116703806880409	2.96008928737669	4715	2.36007473366051	15	13	2	-6.73405586802811
chr12	44010265	45045796	0.445893468784376	14	0.118568012660977	0.939825780462505	886	0.535401268813045	5	3	2	-6.82207712620029
chr12	45574603	45661886	0.0130859435460972	12	0.017301252363148	6.28817555751218	632	4.67302330044639	20	20	0	-7.05869168701104
chr12	45678394	57473820	0.329806753050563	622	0.104923862286639	0.568373522241707	42275	0.336387142568913	3	2	1	-6.76586835044204
chr12	57480989	57672194	0.29115253467271	46	0.114796473964938	1.25928811121893	2724	0.555405184237359	7	5	2	-6.73468950806978
chr12	57692781	57846798	0.0423938776682021	44	0.0304630577230043	7.62500441276261	7943	4.4023051577956	20	19	1	-6.77268832783416
chr12	57857541	68474276	0.329176614141085	187	0.115078737423673	0.630266397196558	9186	0.48038335900296	3	2	1	-7.14346335544863
chr12	68681501	69060587	0.00883912837378842	93	0.01980993724973	24.6153304801548	16431	17.3154161534213	20	20	0	-6.85288767545567
chr12	69073161	69401076	0.0254472376830495	139	0.0590123222368837	12.650666987886	6214	10.0586560302443	20	19	1	-6.83806902652452
chr12	69401243	72248360	0.0977256475465741	365	0.0675980299080413	3.48668786006493	17155	2.81722757685674	20	18	2	-6.73449536456434
chr12	72272705	74322426	0.157741220620742	52	0.123686039735046	2.13351606823942	1843	1.89722440659786	12	10	2	-6.73672148800345
chr12	74389025	75931789	0.298719668335736	50	0.0984029222230764	1.20794308830487	1707	0.967492605537284	7	5	2	-6.74842607337057
chr12	75983748	76291634	0.0369430753385207	147	0.0344935819263602	9.05774905260913	4316	6.8993046165855	20	19	1	-6.82089441380402
chr12	76306878	77072262	0.346640716716283	41	0.133802115445014	1.02319967494296	2021	0.775229078127712	6	4	2	-6.74415498230813
chr12	77073946	122472538	0.332576119240197	1089	0.107898844982363	0.561495092458609	64600	0.268721499877731	3	2	1	-6.77484243473732
chr12	122477739	133259913	0.48993974029138	524	0.0996717541959717	0.703004413950326	22984	0.353343350976616	4	2	2	-6.87793533342855
chr13	17907349	18212175	0.498380537134453	22	0.179011305841412	0.431346225132127	71	0.361659595167417	2	1	1	-6.76535349071183
chr13	18317712	114282225	0.49890476183607	2357	0.097497570741443	0.746361434597119	97671	0.374727388874956	4	2	2	-6.75599832585592
chr14	18330620	19687502	0.384470511242683	74	0.128284218104127	0.752292862937537	965	0.356736726362156	5	3	2	-7.00592101928289
chr14	19780669	106874951	0.498924608695618	3218	0.0982339881684006	0.737669221722554	154267	0.382287115021885	4	2	2	-6.73948742487779
chr15	19881189	45689119	0.498858539271921	1326	0.11408492138117	0.718467139383353	58221	0.35783898501015	4	2	2	-6.8442647470462
chr15	45690390	47210466	0.211872185781588	10	0.178441431412227	0.698372296372464	390	0.383898280730621	4	3	1	-6.78174307667083
chr15	47257317	82694006	0.498902085514422	1452	0.0999547485485741	0.7366546466211	75063	0.378382975419067	4	2	2	-6.73776317869442
chr15	82717856	84622439	0.020900460008622	32	0.119489353689612	0.460414607691758	2229	0.262898003211438	3	3	0	-7.28480108681111
chr15	84801037	89575536	0.498851561197152	194	0.101330078261242	0.713207420940638	7051	0.34931793345939	4	2	2	-6.76673145112149
chr15	89582890	101915195	0.333749585839145	422	0.115956102270415	0.533846877513349	15044	0.228793520598867	3	2	1	-6.9503761635498
chr16	19781	5170193	0.498904561092717	824	0.0853794037922864	0.671908764341573	29608	0.290632789023813	4	2	2	-7.06283720712387
chr16	5272930	5795584	0.0239199898251733	9	0.155666666666667	0.380426457659025	212	0.26006172008162	2	2	0	-6.75047121426265
chr16	5811767	30761624	0.49887852652254	1346	0.103926007179199	0.70024919183482	57642	0.324546218856186	4	2	2	-7.15263531581022
chr16	31094233	31487764	0.236394431370013	28	0.11334684209874	1.3807477344335	4929	0.679819155851344	8	6	2	-6.74419989061954
chr16	31755600	36162586	0.498595409257135	87	0.16455878003825	0.692781038022668	3352	0.346796796064257	4	2	2	-6.83020694020989
chr16	46386256	47703330	0.474645148954277	81	0.122588684199755	0.696894336836934	4260	0.359171452651241	4	2	2	-6.78136183656502
chr16	47909017	90092111	0.49890685148785	2015	0.095907900783207	0.699076191266759	87139	0.330326542368273	4	2	2	-7.42590828190645
chr17	132094	20357788	0.345655232533655	1360	0.103145592966324	0.541145212851376	58906	0.232638796215222	3	2	1	-6.89340669713869
chr17	20428825	22715632	0.336477732899081	269	0.154728422862741	0.303151687955034	2225	0.150363150619098	2	1	1	-9.12108250014445
chr17	25074459	26939303	0.0407116956943692	9	0.199168898174389	0.265745809709131	108	0.115788435683389	2	2	0	-10.9667094256129
chr17	26939343	28490025	-0.000604171171657675	55	0.0192821160664487	0.379425910985142	2459	0.187766773291198	2	2	0	-6.74888541150334
chr17	28528980	28932288	0.498647392893239	51	0.095610033110404	1.44412488460466	6375	0.814890021155741	8	4	4	-6.73338884224701
chr17	28959732	29429553	0.140092585437464	67	0.0699947016150767	1.10592276696628	2713	0.674419476819613	7	6	1	-6.74957416501597
chr17	29508120	31219157	0.298122480797835	83	0.100793481381097	0.592245468504416	5037	0.366224468924406	3	2	1	-6.83644543077393
chr17	31226467	31578397	0.492207949206417	24	0.181054514770664	0.26704164830525	853	0.158683239908413	2	1	1	-7.51941018722211
chr17	31709542	32005268	0.00108190323440083	16	0	0.212844878755879	354	0.118871318082369	1	1	0	-Inf
chr17	32026754	32369277	0.499045822775505	55	0.0823086005463932	0.968176058587574	1816	0.61384620659012	6	3	3	-6.74344543417149
chr17	32439954	35265572	0.0742632347886675	40	0.130769429109955	0.543037782528975	3585	0.31334933494999	3	3	0	-6.92955947809176
chr17	35442015	35997931	0.498469600670506	57	0.153632507525006	1.41315077890748	3978	0.911955867724992	8	4	4	-6.73398618773591
chr17	35998496	38846163	0.49877573185245	170	0.103430316909354	0.839902058555729	8806	0.46405010827711	4	2	2	-6.85566656629047
chr17	38852819	39304757	0.222202986311062	136	0.114490052464351	2.10814302216365	5471	1.55239462533776	13	10	3	-6.73837092990342
chr17	39304765	42348247	0.295681285941828	225	0.112503574546386	0.70098696920472	15620	0.368200630517269	4	3	1	-6.87117087709049
chr17	42391974	51635250	0.00285803942822771	485	0.0435156449710482	0.450791689889417	27290	0.195791242404602	2	2	0	-9.88883075940221
chr17	52115845	53641460	0.192379005857879	83	0.116199573474682	2.14123111414452	1837	1.45896942947422	11	9	2	-6.73904851894294
chr17	53673537	57705303	0.498577330933646	144	0.136367914268563	1.1554683945629	6043	0.839340296281179	6	3	3	-6.73833257008572
chr17	57706474	58941865	0.242519444807024	196	0.113968490485978	1.9697747654612	10666	1.40313401617079	12	9	3	-6.7410899881849
chr17	58942091	60922423	0.350722782037199	221	0.130247808774898	1.31630072205671	11248	0.870003597059668	8	5	3	-6.77568864210123
chr17	60946055	61506422	0.112784559566747	126	0.100254717183085	3.52911245515006	4495	2.96415161074062	18	16	2	-6.73332122102227
chr17	61509652	62796288	0.354089011436381	165	0.144761727412936	1.59082802840149	8264	1.20413445450259	9	6	3	-6.74649697523359
chr17	62796919	64919454	0.384955320694385	234	0.130714107609606	1.16509521004036	11861	0.668002292748744	7	4	3	-6.83146702232694
chr17	64919470	64922004	0.125544153658224	17	0.0987726146852694	0.690409888187651	49	0.304671824950006	8	7	1	-6.74258287983019
chr17	64936564	83151013	0.498893210160502	1727	0.100342872984022	0.82383207435229	62703	0.425530266064888	4	2	2	-7.34702338226899
chr18	47858	108488	0.138996014725019	33	0.134979859608758	0.4254820914332	155	0.371580387329593	6	5	1	-6.99161161438979
chr18	108505	14629835	0.498858891659937	528	0.0889463692407707	0.74745382805009	21321	0.398183000604456	4	2	2	-6.73752594730551
chr18	14642016	15344994	0.0529950553844525	15	0.170614017176617	0.825950883354312	898	0.499493134192768	4	4	0	-6.81031665754564
chr18	21196254	55275596	0.498886408742158	611	0.0947261236218295	0.737958806583313	35896	0.377054176060138	4	2	2	-6.73522797533783
chr18	55923480	56870637	0.0627252265383454	13	0.18850419977638	0.773863884479833	791	0.431243491417789	4	4	0	-6.8045619280481
chr18	56938688	80169145	0.498861418455513	571	0.101291411610552	0.736270478434667	21639	0.375445511997874	4	2	2	-6.73681428368484
chr19	372531	878432	0.498953237031498	102	0.0864808969920783	0.668327811512673	2691	0.420693673379159	4	2	2	-6.75123864504081
chr19	878721	879776	0.212301679604744	9	0.149499535487944	0.301023792424841	31	0.0981657365273494	5	4	1	-6.81890439874803
chr19	880066	8851639	0.496693257965496	1165	0.0938631090847409	0.674309289452908	42888	0.316194714441894	4	2	2	-7.12950943180865
chr19	8856358	8895742	0.0981069742606978	9	0.13750818157477	0.66428877513982	407	0.268455751777049	7	6	1	-6.9390271520779
chr19	8896681	24394239	0.498912630702608	1797	0.0894083370685922	0.706333383641342	78304	0.35282483646001	4	2	2	-6.89800474661347
chr19	27927886	49441311	0.498913355313089	1858	0.0955215753007278	0.697910191863683	89410	0.305919249011588	4	2	2	-7.1873918919189
chr19	49461133	49463655	0.039369042098274	9	0.0772686511105535	0.528453882124057	39	0.542490449675571	20	19	1	-6.7637984510911
chr19	49475679	58572351	0.49889421261951	1448	0.100839075186861	0.67735198633456	53422	0.282183035077126	4	2	2	-7.23765045083629
chr20	157484	25773465	0.498893942619742	814	0.0918782375971348	0.723212802317633	36400	0.363427363685872	4	2	2	-6.79951638399415
chr20	25773519	26119344	0.0263772124524024	18	0.116555703533305	0.662978978242903	259	0.321163065319094	4	4	0	-6.7882772451823
chr20	28560028	32690088	0.420769489920629	526	0.146133072876167	0.550053923947985	5942	0.286934779564899	3	2	1	-6.94351282895976
chr20	32703359	33288875	0.368671659723404	132	0.088868530528254	0.764133059499038	2947	0.402523906835776	5	3	2	-6.88566761484117
chr20	33478591	34957734	0.152944947470534	46	0.149413332609084	1.35432083111761	9078	0.834586848252788	7	6	1	-6.73819752825596
chr20	34966958	47665981	0.417528567632815	641	0.109158066816393	0.896145006097917	37768	0.469424794505126	5	3	2	-6.78535397127016
chr20	47722697	51163225	0.348873992073048	101	0.114298605796959	0.542528822107386	6261	0.267647509115243	3	2	1	-6.76038074436312
chr20	51348797	52697871	0.128084977140657	385	0.0829158234582634	2.82256555360719	10783	2.20265448477331	16	14	2	-6.73425449355924
chr20	52699991	63480495	0.0751603006511549	1827	0.0609267539837555	4.14248997678669	80567	3.2291972421558	17	16	1	-6.82221029059327
chr20	63483652	64331973	0.119023947766142	292	0.0775790500261874	2.71643186099909	12659	1.85964536711321	17	15	2	-6.73642207229515
chr21	5218123	13035101	0.475054496673048	601	0.14361595513014	0.685568143026426	3529	0.572615880789569	4	2	2	-6.83573275174405
chr21	13249755	46692861	0.498891772909601	1246	0.103812672595932	0.71530253357235	46767	0.357452680861888	4	2	2	-6.91974776584919
chr22	10685500	12705518	0.490565507766737	637	0.148503588303676	0.685636118736373	2827	0.563740103934688	4	2	2	-6.75819727172873
chr22	15541395	16585603	0.498520274872279	53	0.134820466009996	0.750857641895489	863	0.409728300744032	4	2	2	-6.73378131564897
chr22	16587510	50808180	0.498910719320099	2636	0.0901631021389359	0.688349038981833	98656	0.316683176476557	4	2	2	-7.67305639631098
chrX	278445	2777789	0.00347756598258901	283	0.111150425038285	0.804105957209057	4256	0.437767010543518	4	4	0	-6.78578626106971
chrX	9027749	55221628	0.179716023518773	29	0.122974545806261	0.733770413629444	31638	0.32173076697746	4	3	1	-6.94709137532737
chrX	63724460	155999818	0.118556010726945	51	0.142291159660912	0.798149053746602	51177	0.925599860885065	4	4	0	-7.46248639710829
chrY	9478774	11788344	0.359803329140044	74	0.163814536954405	0.719118049240359	526	0.608294602549502	3	2	1	-6.98809287033936
chrY	26437016	56827824	0.0467629282400449	30	0.123134488665242	1.54953208615075	186	0.798030818387845	8	8	0	-6.87535736298795
chrY	56830377	56837187	0.0313103351708129	84	0.103932578740714	0.51766701420725	184	0.292632929386576	3	3	0	-6.78723317150599
chrY	56837210	56886992	0.23797328590502	151	0.119914480564303	1.11394607957016	550	0.975959477306611	8	6	2	-6.74160874176949
