chromosome	start.pos	end.pos	Bf	N.BAF	sd.BAF	depth.ratio	N.ratio	sd.ratio	CNt	A	B	LPP
chr1	13273	124250861	0.498901755328999	6188	0.127654628876344	0.810151588052281	234190	0.363774888026638	2	1	1	-7.19112274406528
chr1	125015362	248832626	0.295509046595098	5573	0.120410684123492	1.389423650188	247582	0.595734532113234	3	2	1	-8.57296225616366
chr2	46145	92075691	0.321077987361425	4235	0.121679948055328	1.28199281645634	156873	0.593335003828603	3	2	1	-6.85398552029558
chr2	94194584	242183396	0.334620001225982	6041	0.120006435923992	1.2180027182243	245731	0.525741373076855	3	2	1	-6.91287128293245
chr3	10374	90613961	0.498879787200519	2666	0.124351392808994	0.830981767163298	127288	0.367916803386512	2	1	1	-6.74033477864423
chr3	91404517	198150648	0.498887917039653	3582	0.123898572352354	0.830796860812785	133778	2.88605394701159	2	1	1	-6.73323209975447
chr4	46210	48903934	0.498867177956204	1741	0.125249942679345	0.832655354832556	57814	0.383055474243496	2	1	1	-6.73408224927159
chr4	49092128	49711644	0.498551574617993	140	0.145688953322641	1.27257862706441	1252	0.467422281378089	4	2	2	-6.85128484669263
chr4	51838815	67593219	0.498759246028255	375	0.131111546472987	0.935291020992878	12647	0.426659921460718	2	1	1	-7.34174054249446
chr4	67612320	190179746	0.498886067124581	3344	0.122049242537968	0.835725408397564	119407	0.373090068199955	2	1	1	-6.73417346834487
chr5	36646	98764	0.128895103686253	9	0.129033694996479	3.24834489329741	97	1.38414618967746	8	7	1	-6.73335099711075
chr5	140417	184744	0.0687244573954404	18	0.0514055069403157	0.428062961827878	218	0.151561931527966	1	1	0	-7.43113348886267
chr5	195203	1171006	0.182931305451379	234	0.110787885021412	1.9971153027821	4291	0.846317642115591	5	4	1	-6.75047320368747
chr5	1188722	1323081	0.0839321870116994	44	0.0579283292692262	4.92246839286311	1584	2.26264483139656	12	11	1	-6.7330327513713
chr5	1334491	3241635	0.306601240934586	100	0.1308329473069	1.26870515142695	1856	0.671611108516669	3	2	1	-6.76080161530325
chr5	3244281	7306394	0.0150687267488759	97	0.0488139834762322	0.679355928882342	2232	1.35908561443641	2	2	0	-6.81377612541239
chr5	7481298	10292300	0.128582254045291	75	0.0779307893449561	2.97337660650592	3434	2.03628705203409	8	7	1	-6.73847289997121
chr5	10353717	11189497	0.00507834171106858	30	0.0636383098672381	0.412880644380399	894	0.197019670532717	1	1	0	-6.74190077723919
chr5	11266016	16009100	0.186831744919749	207	0.108484880849447	2.37407007390015	7796	1.46679339426673	6	5	1	-6.75431680944762
chr5	16177607	17227177	0.116841815495827	206	0.082182651931384	3.54090819378225	5289	2.06178126826321	9	8	1	-6.73551220812019
chr5	17233876	17491550	0.243123123986892	17	0.130352294142586	2.43260506742842	588	1.76112776326333	8	6	2	-6.73977171266357
chr5	17530356	18535504	-0.00319841251747544	9	0	1.15629092399612	245	1.4813587309841	0	0	0	-Inf
chr5	18615680	19360648	0.153503334130337	31	0.100655251079576	3.79310833471006	710	1.92793822258265	7	6	1	-6.74715956415731
chr5	19373020	20847492	0.0537691089872395	106	0.0553618108341119	8.08667684382637	3580	5.38798085792155	19	18	1	-6.73314089934368
chr5	21002014	22580571	0.371204080189376	9	0.166027942761987	0.590541573943965	673	0.898409205440929	2	1	1	-7.21112383963242
chr5	23059984	36802242	0.0191379062420336	269	0.0783562967006939	0.455918048881283	9318	0.503451755346784	1	1	0	-6.93611805496024
chr5	36831151	37360794	0.171165621058832	54	0.0988648287692601	2.42378970276401	3727	0.986465155131772	6	5	1	-6.73394673024574
chr5	37367033	37712270	0.0112955533598438	16	0.00675	0.472019862943799	349	0.26593058272398	1	1	0	-6.79593554679945
chr5	37759641	43731590	0.132087750483921	342	0.0878705196066663	3.06900337208322	16275	1.71838287536836	8	7	1	-6.74305751276016
chr5	43938254	44918703	0.499073957445473	10	0.105985323931613	0.919067961508509	369	0.416022341952653	2	1	1	-6.76456077464458
chr5	49599621	51264042	0.276477381540656	91	0.1237245335225	1.48684674731389	1549	0.834661127793749	4	3	1	-6.77533779363324
chr5	51271932	181285377	0.498904608235459	5509	0.102660487060914	1.39663374853986	217396	0.60982269571437	3	2	1	-9.88582945671893
chr6	178170	60964235	0.498887578783729	3537	0.123495507370007	0.813851279152752	112168	0.352137277009427	2	1	1	-6.91265268422414
chr6	61133505	170561964	0.498885317592843	3253	0.126338304115694	0.827066275531184	115536	0.376637244747231	2	1	1	-6.77013972363019
chr7	50462	35808113	0.498893879007532	2375	0.0967601872311932	1.64947609649422	74277	0.739384183447867	4	2	2	-6.73491307331036
chr7	35888941	58100284	0.318718301666649	1156	0.116022849979525	1.25297938697112	34834	0.562120977894728	3	2	1	-6.74481483341393
chr7	60958067	155680569	0.353842073520663	4850	0.123815343551353	1.25023137528669	188357	0.722897476865463	3	2	1	-6.74819259611397
chr7	155706274	159034723	0.00662665684175096	201	0.0709512764637874	0.851828710727019	4921	0.393314878441441	2	2	0	-6.73877829783899
chr8	213553	43672929	0.326401769423077	2485	0.12134087570684	1.23121800199849	74263	0.917371298717557	3	2	1	-6.74108383749431
chr8	46785548	145066250	0.334707727830455	2811	0.121749839744958	1.25440256779979	129127	1.1605703193543	3	2	1	-6.73432177056551
chr9	103776	42856422	0.498837055031183	1436	0.127133408117502	0.813182231355782	48135	0.379246306730268	2	1	1	-6.85044688164849
chr9	61902966	138214444	0.498876895676532	3708	0.129080869631491	0.818744043388223	132837	0.367387382429645	2	1	1	-6.8542155869348
chr10	48143	39967657	0.498829422207473	1779	0.130020013174561	0.83343487502564	54572	0.394455078737525	2	1	1	-6.73334072925504
chr10	41859788	133787106	0.498890584359111	3962	0.12545226435037	0.808835844879112	137913	0.366627417834287	2	1	1	-7.10954804208047
chr11	198062	1013987	0.0037060734471584	153	0.0542499074614909	0.789230845593278	5427	0.330938167311642	2	2	0	-6.74725795388149
chr11	1016665	1018483	0.317845843801726	32	0.077898448936896	0.747475239400512	102	0.0989893483618763	3	2	1	-6.78923355392554
chr11	1021410	1097483	0.497936033437921	23	0.169516331252375	0.903126388078668	688	0.343362187964956	2	1	1	-6.73553397141855
chr11	1097593	1099604	0.446887542836482	10	0.146421006386075	1.56221757023976	114	0.358357752694591	9	5	4	-6.7402714577987
chr11	1099802	1630383	0.0147857096814161	116	0.12460788754	0.990110778637618	3219	0.36891459130056	2	2	0	-6.80432312300525
chr11	1630413	50422246	0.00531743411551666	2151	0.036340020684479	0.803218654300986	72527	0.350771102241172	2	2	0	-7.06216624460005
chr11	54591430	56291059	0.00392470977010806	69	0.0104439395741163	0.905241261933058	2269	0.295028415338719	2	2	0	-6.81591446028766
chr11	56375881	56663740	0.497934773053959	16	0.169266542766136	0.856017772962222	547	0.236864019048833	2	1	1	-6.73510917343283
chr11	56700357	56701244	0.431339452449354	27	0.144392893496556	0.86554000753802	67	0.109093136943933	5	3	2	-6.79439625037978
chr11	56730608	135010135	0.00623785266022855	3078	0.0499921612361374	0.797406932891484	145132	0.511952821595811	2	2	0	-7.0831221718706
chr12	12259	33424055	0.498867963707532	1786	0.127222801176296	0.824158121940744	60937	0.355792421289514	2	1	1	-6.75771516541341
chr12	38723677	133234117	0.49889004228983	3881	0.125699104337207	0.811414729610936	178951	0.363448550074327	2	1	1	-7.05383047224269
chr13	18177561	114299210	0.498873121323521	2802	0.129593272011221	0.837881032562874	94198	0.389799728961964	2	1	1	-6.73918756368898
chr14	16037128	16402077	0.0925297162167391	3	0.245504243004746	0.952976575578408	37	0.405338035993939	2	2	0	-6.83173241832249
chr14	18289801	106872974	0.498891566567796	4114	0.128667521753057	0.807385062654727	146066	0.359459071025543	2	1	1	-7.15200688161026
chr15	17081956	17081995	0	1	NA	0.913956735009934	2	0.0445477272147525	2	2	0	-5.76450761041932
chr15	19964897	101980715	0.498894175368174	4553	0.129090165696497	0.80141639965212	156250	0.356348625791774	2	1	1	-7.30908353482006
chr16	11641	34571817	0.49887616522207	2350	0.129139767055544	0.812370645565713	93142	0.365818686647365	2	1	1	-6.84319062687754
chr16	34573026	36162586	0.338303744378278	81	0.119140938688618	1.29291115468146	1428	0.513648024771446	3	2	1	-6.73825245759132
chr16	46386441	49281777	0.498683717430996	89	0.119365523464829	0.982308603301691	6060	0.450762007804414	2	1	1	-6.95218782199699
chr16	49430748	90099701	0.498877698961792	2478	0.124764129287641	0.809670629349206	82460	0.370051561763194	2	1	1	-6.89169098093426
chr17	162046	23016487	0.498879129524718	2605	0.121882376341802	0.798464875583971	72635	0.35347679479522	2	1	1	-6.93990466830038
chr17	24421438	30746755	0.498739650660233	250	0.140755957937059	0.803075886630467	13824	0.359328791832471	2	1	1	-6.77613654053948
chr17	30784350	31756981	0.00427706819933416	33	0.00661495092631652	0.388761817292919	2080	0.207145407567776	1	1	0	-7.22538087222705
chr17	31819081	68379987	0.498857996853732	1961	0.130603392064659	0.793870790745496	106864	0.355549102320627	2	1	1	-7.13735533671718
chr17	68382181	83194874	0.330593524888486	1945	0.121976386931079	1.16872240245386	54907	0.531824596352421	3	2	1	-6.86479555330775
chr18	47858	110425	0.398653503732732	30	0.16474006345072	1.14065657004117	293	0.509914705762846	5	3	2	-6.78425002880065
chr18	118580	350423	0.00962342943906769	20	0.0287290427048456	0.612031233002733	683	0.308931259043527	2	2	0	-6.88549466541345
chr18	480564	15378682	0.494002057327047	829	0.123534056651363	1.10530254495564	24723	0.488111593938852	3	2	1	-8.10204176230585
chr18	21086407	80257347	0.498839379589206	1530	0.127361212719274	0.902227663603392	59073	0.41771331958428	2	1	1	-7.769589196939
chr19	336102	24364762	0.498887434410518	3518	0.126850356125105	0.833020155869408	121299	0.360862157217663	2	1	1	-6.73343587920906
chr19	27392072	58571238	0.498891029260979	4030	0.124696928478304	0.814398050002378	135877	0.343419773886852	2	1	1	-6.82614797182943
chr20	96321	26081079	0.498851458222721	1072	0.128763294758803	0.805366655782067	35358	0.367378842142762	2	1	1	-6.87573136367242
chr20	26081083	26081461	0.200021533619868	9	0.126155657820012	0.54777593560432	16	0.229574062123751	5	4	1	-6.74069959657864
chr20	28559278	33485144	0.49875307286445	878	0.138772155286177	0.880024391436321	11357	0.52028694799629	2	1	1	-6.763692933237
chr20	33525131	35594124	0.24761874494075	192	0.122135369169011	1.65340910617434	11551	0.754749184982058	4	3	1	-6.7336040994849
chr20	35687167	40980786	0.498715708994957	174	0.142938952412105	0.811687282523827	11294	0.383382430397743	2	1	1	-6.74966785529215
chr20	41399096	44960161	0.239272096500469	261	0.12990504841345	1.71035574141644	9336	0.825383588640275	4	3	1	-6.7408527103292
chr20	45174972	47894764	0.163340529130325	427	0.0949372928027267	2.52209606074866	16075	1.29875149716257	6	5	1	-6.73453582777465
chr20	47894793	48953521	0.220239731886636	53	0.117237187168374	1.55804997646138	1774	0.841197194343812	4	3	1	-6.77838695713806
chr20	48962069	49755160	0.114841433021116	159	0.0918474820309058	3.21251998851635	6843	1.45137703921456	9	8	1	-6.73857652340318
chr20	49762343	50610757	0.209877012933302	106	0.116226230506207	2.14990911861149	4108	1.05595850846509	5	4	1	-6.73695956541217
chr20	50637573	50831224	0.0774721776074565	74	0.060266174986172	5.33854594133039	2364	2.6143915680169	13	12	1	-6.73303257245923
chr20	50859891	51034456	0.146130519168326	26	0.0827215905218314	2.34336886465058	1189	0.996604240380558	7	6	1	-6.7382573597529
chr20	51055853	52117859	0.498644768493431	79	0.124016580751127	0.835526399773807	2331	0.40520440894032	2	1	1	-6.7331069693279
chr20	52124895	52427578	0.144891487047083	50	0.0845529057901088	3.06415837796487	1111	1.31302148317923	7	6	1	-6.73343423878175
chr20	52447744	53340326	0.068264370051582	72	0.0617450063873308	4.94058850915529	2308	3.07367954043319	15	14	1	-6.73613253021901
chr20	53367692	54055333	0.125812457908009	135	0.0898665739058923	3.19240663889189	3696	1.74232056493378	8	7	1	-6.73321805364121
chr20	54096075	60323891	0.332869974301887	291	0.12666362835555	1.11830033927505	9668	0.702379232494199	3	2	1	-6.82246793107706
chr20	60444403	62178498	0.127342711496375	153	0.0911289322012594	3.65576052209259	4246	2.0225495566271	8	7	1	-6.73563427805955
chr20	62178948	64327831	0.143645103260949	541	0.089162026567279	2.78464725572981	16520	1.39334863915195	7	6	1	-6.73412744193418
chr21	5034010	13036312	0.284788126527023	730	0.133577518811236	0.976983578584442	3864	0.433724587049542	3	2	1	-8.04851852411008
chr21	13238671	46550783	0.498859623539909	1371	0.127245619208046	0.819169764104653	44775	0.376410155267104	2	1	1	-6.78133342894594
chr22	10664499	12705552	0.498724345319428	728	0.13670913825739	0.949234312989491	2794	0.419545986193384	2	1	1	-6.84632685208623
chr22	15563285	50808263	0.498882542978619	2941	0.130922982529021	0.825022082832092	99476	0.370491447299876	2	1	1	-6.75320692111461
chrX	256750	52862789	0.498698687086556	381	0.142697310051371	0.83460068996224	33211	0.355850602697272	2	1	1	-6.73308174322633
chrX	72572605	155985886	0.498571763992276	43	0.136543613402527	0.827953159299001	39845	0.320897594286703	2	1	1	-6.76331009672406
chrY	6257916	11788344	0.493250277394725	86	0.137042432044147	1.15977294788077	1358	0.448860256475305	3	2	1	-7.53319026673598
chrY	26436903	56885714	0.496138858991089	191	0.137847539393478	1.36873976791818	934	0.623209558296781	3	2	1	-7.84115643930966
