chromosome	start.pos	end.pos	Bf	N.BAF	sd.BAF	depth.ratio	N.ratio	sd.ratio	CNt	A	B	LPP
chr1	139213	124741523	0.498927842068369	3813	0.0886222072075589	1.05667013412659	213192	0.379234786034517	2	1	1	-6.84393603815371
chr1	125180490	143766539	0.231102944517198	13	0.148829062160553	0.942395350266047	569	0.335716661688205	2	2	0	-8.10043489056061
chr1	143904542	248945585	0.498925447809439	3361	0.0834897787309808	1.05959845211083	177169	0.36708736110434	2	1	1	-6.79939604404739
chr2	41404	87385678	0.498916844600254	2189	0.0868393699493749	1.06724093967729	105906	0.397457258267649	2	1	1	-6.74070117109204
chr2	87400066	92007009	0.498623913997841	157	0.144272950704833	1.0928966310986	4775	0.383316512221655	2	1	1	-6.73984831646236
chr2	94216517	97262710	0.49870955525906	150	0.104685408986096	1.05669814718094	7859	0.339993584206392	2	1	1	-6.73654031786383
chr2	97553120	131193658	0.498897772561759	948	0.0854049966870418	1.07214098496023	36995	0.397657766148199	2	1	1	-6.73313484982602
chr2	131194388	131535218	0.302668992037711	96	0.0921988072904931	1.06563523179849	1461	0.337558922018434	2	2	0	-6.78665630850451
chr2	131536495	234868688	0.498916310481606	2134	0.0874935469331404	1.08046452274021	128412	0.380841304111954	2	1	1	-6.7572736650744
chr2	234903645	242183360	0.350012968090945	265	0.0945231726091093	0.807833494599379	11839	0.28525910409285	1	1	0	-6.77747607749332
chr3	51295	90202315	0.4989174184658	2250	0.0886521522960052	1.0569723911641	119743	0.3903072202022	2	1	1	-6.80636293385107
chr3	93470433	198135452	0.498921550342024	2755	0.0894343882361633	1.07179150512334	121425	0.404586196065049	2	1	1	-6.73322378798665
chr4	60478	49711914	0.355984793783725	1057	0.10964187813631	0.82460367420112	44692	0.295581025619221	1	1	0	-6.75387165786804
chr4	51848345	190179606	0.494568583333988	2485	0.0932962872251143	1.08505793604437	118412	0.415268640950386	2	1	1	-6.80105399293337
chr5	162814	46206800	0.498882909804705	917	0.082807883352539	1.07384086568296	39440	0.383779134257312	2	1	1	-6.73349743921435
chr5	49599598	49666466	0.334373652476568	78	0.124051344600678	0.749334464041059	760	0.319897980254579	1	1	0	-6.75351482729161
chr5	49666819	181281736	0.498923160581664	2988	0.0860545406644814	1.06758225522746	148641	0.395021137228341	2	1	1	-6.7431856724698
chr6	242049	32553130	0.49892093271776	1718	0.0821498620760136	1.05815594481553	56220	0.377118894326999	2	1	1	-6.75726322176952
chr6	32553245	32660818	0.264507551293575	33	0.110737438578966	1.09009698309798	248	0.304365457693348	2	2	0	-6.73859906592998
chr6	32660844	58004517	0.498895887949687	879	0.0862062195555421	1.05559937631398	50039	0.361470637944029	2	1	1	-6.76186118244188
chr6	58120790	60855634	0.31121814943188	23	0.145285571318013	1.47175140710947	419	0.724738964055828	4	3	1	-6.77439331562059
chr6	61030851	100800297	0.406425327596063	753	0.104027020350276	1.36150440490042	35328	0.588765771320241	3	2	1	-6.82010091479809
chr6	101686147	170583760	0.353164697941381	1282	0.102958480416414	0.84223275249931	61755	0.289988781299644	1	1	0	-6.81934179383186
chr7	205270	9728182	0.498877510150163	645	0.0899876671537853	1.04255678147606	19985	0.384420602800597	2	1	1	-6.76367730943543
chr7	9844891	58091518	0.35301946692278	972	0.0976327618518771	0.839059211491882	40913	0.287193840353169	1	1	0	-6.76513754611009
chr7	60981623	113680041	0.36833169029143	1417	0.103825767522109	0.813049483447355	64465	0.291116395458355	1	1	0	-6.91741848735922
chr7	113856301	152379818	0.498903333264742	1193	0.0890546973651094	1.06034475364345	55254	0.382699639701516	2	1	1	-6.7530819705806
chr7	152379854	152966903	0.294183683234139	86	0.126072065899919	1.05939402292047	1106	0.475248532958809	2	2	0	-6.74712073191051
chr7	153019301	159328722	0.499049860329336	235	0.0857378303853823	1.06912806024015	6829	0.387832911732589	2	1	1	-6.73333230606515
chr8	213553	42981306	0.498904053059354	1230	0.0842431250800587	1.05909404621108	52495	0.398733537014649	2	1	1	-6.75802635342121
chr8	46976608	144916007	0.498910688788888	1645	0.0881480525472255	1.06914782857341	92880	0.403144775682181	2	1	1	-6.73636786127937
chr9	10357	43030448	0.362240812429631	961	0.102503911797304	0.831578477279545	36136	0.289719957541632	1	1	0	-6.73626888190311
chr9	61221196	96607760	0.345009170813777	705	0.099119378655317	0.835697630660748	28691	0.296421286156882	1	1	0	-6.74634409531685
chr9	96651570	138220869	0.263255130518131	1789	0.0971984731470146	1.04956535092325	87939	0.363955878171186	2	2	0	-6.82744274955924
chr10	47485	39199630	0.427523862306746	1659	0.0999713883337393	1.30091119022131	56735	0.554937444538734	3	2	1	-6.76266929639233
chr10	41858434	133689420	0.354014837218167	2124	0.100792562616318	0.824848724607567	103590	0.277814891320712	1	1	0	-6.77319502528486
chr11	197473	13236443	0.348760332844883	911	0.0885108372823668	0.80643447377761	31996	0.233647977386171	1	1	0	-6.86296215638692
chr11	13388824	50553108	0.498893402932746	797	0.0835408554094942	1.06512825819881	42602	0.391291452820208	2	1	1	-6.7397908269984
chr11	54591999	134979904	0.498918633301955	2386	0.0826323785970236	1.05316948466872	143626	0.355989785509855	2	1	1	-6.85470485953064
chr12	12259	34523014	0.348839100957529	1232	0.0987522899178725	0.831283367620309	46786	0.276662663001795	1	1	0	-6.73526024705652
chr12	37540753	133234117	0.356536753452113	2185	0.0979957757239976	0.816372717769408	135341	0.273964022354176	1	1	0	-6.96758307813301
chr13	18177623	114353955	0.498894423224686	1811	0.090484125480551	1.06650980343957	82074	0.404137595837868	2	1	1	-6.74366362086194
chr14	16098225	16099245	0.0938577616020542	3	0.00346410161513776	1.75808382358565	6	1.08524166279528	11	11	0	-7.13920535511987
chr14	18330642	19936715	0.322651116760963	78	0.0976405712405512	1.05493645178767	1644	0.334525216780349	2	2	0	-6.87494125342275
chr14	19975713	106874951	0.498921666063757	2771	0.087497871607842	1.06005446033585	133961	0.382421995838617	2	1	1	-6.7802185762675
chr15	19987717	22411742	0.35183423562998	365	0.115173233115918	1.01572608894052	4415	0.354915171192366	2	2	0	-7.02263247751261
chr15	22431978	50428007	0.498899136156187	1002	0.0828584550377277	1.06029160371145	52726	0.371564282835452	2	1	1	-6.74867321921853
chr15	51377302	59114382	0.361249186434682	166	0.0934294080570289	0.838495608848921	9262	0.279612045403925	1	1	0	-6.74053898211977
chr15	59161185	101829176	0.498902261727805	1288	0.0859652891828862	1.05208042838279	73235	0.378890096251853	2	1	1	-6.79742022414339
chr16	11651	1229583	0.481012854597981	297	0.0671560640369649	1.03758699595119	7881	0.318031409661973	2	1	1	-6.78845199438256
chr16	1229622	1699357	0.411023915135732	177	0.0769131153396355	1.25121791231846	3749	0.448064561294149	3	2	1	-6.73718491291156
chr16	1705415	34595573	0.498895769130478	1552	0.0966428242371359	1.03205473811305	76748	0.370677937432168	2	1	1	-6.93679582953874
chr16	46386441	46401452	0.400322003242234	66	0.115004209915847	0.838257959785623	1101	0.168722581898434	3	2	1	-6.79899631369666
chr16	46401496	90094521	0.498909158543834	1536	0.087146473855141	1.04746478476112	80366	0.360709736567186	2	1	1	-6.84225768259746
chr17	161655	22567587	0.342403825806344	1302	0.0988327475148327	0.818350662902988	56917	0.27244942696618	1	1	0	-6.78533266550714
chr17	25074459	26964893	0.460511810020474	23	0.141947006200096	0.849119147075729	183	0.257279099265046	1	1	0	-7.05627987716907
chr17	26981762	40834751	0.498882724664624	463	0.0969974475397371	1.0335466529972	39405	0.365576081636588	2	1	1	-6.81645319099329
chr17	40834800	48698539	0.263054612425108	695	0.103301600522428	1.04057553594057	31510	0.370127729207563	2	2	0	-6.77205462487583
chr17	48722450	83135759	0.398713479869327	1926	0.0931689648682372	1.27979743172467	102260	0.479500004196355	3	2	1	-6.79974842814332
chr18	47941	110425	0.498530799146689	23	0.131067372471116	0.884228581639353	351	0.303533555811313	2	1	1	-6.74820843653986
chr18	215504	15341512	0.49884954892773	373	0.0925869523209967	1.07266969282104	18361	0.426268305080165	2	1	1	-6.73312659991353
chr18	21372632	80169145	0.498898803031217	1006	0.0854624378718186	1.06948218226359	49688	0.407498678327075	2	1	1	-6.73466011048314
chr19	261438	1110657	0.345943213391717	177	0.104860337999465	0.779001839183803	4252	0.251610759986734	1	1	0	-6.77085737423535
chr19	1323717	24394203	0.498926629817372	2777	0.0847493150046126	1.01162769650212	108929	0.354380493792874	2	1	1	-7.08613255270744
chr19	27646333	54852249	0.498920339023526	2594	0.086445194487916	1.01036377969882	112161	0.330943720129954	2	1	1	-7.21991233664739
chr19	54854144	58572521	0.498901495318106	517	0.0817082761674377	1.01311461737874	19394	0.319569415150986	2	1	1	-6.80287622777801
chr20	101574	26208160	0.366267389370429	564	0.104659819848556	0.85128986404644	27024	0.325309147590881	1	1	0	-6.82445437875453
chr20	28559767	31274100	0.359876738133013	467	0.126960822662815	1.01719152378451	2291	0.511000939015524	1	1	0	-6.97842809138961
chr20	31274529	64331973	0.498905641239203	1061	0.0862387676190741	1.04499397547964	68404	0.36934695263021	2	1	1	-6.82872913471148
chr21	5218123	13113005	0.42345452096004	634	0.122501974463535	1.0297354852934	4278	0.397630234471022	2	1	1	-7.00747649011581
chr21	13249755	46660984	0.498899257937784	1007	0.0825044337841937	1.06025471916552	41066	0.393498874538407	2	1	1	-6.74976863626937
chr22	10685500	12797396	0.493708029135628	588	0.127597434433992	1.01801626837517	2499	0.455709218752245	2	1	1	-6.75094411101398
chr22	15562384	16445168	0.498890887282549	47	0.114993463997991	1.09908538808697	490	0.431149426711997	2	1	1	-6.73481205625789
chr22	16465107	50808163	0.498919903294905	2181	0.0858712930260483	1.03691292189121	89759	0.367612154690485	2	1	1	-6.900619045873
chrX	264289	52862789	0.410862551584506	247	0.114077032321072	1.03163135116481	29891	0.363956196305288	2	1	1	-7.41610314432168
chrX	65956689	155985886	0.498610814174157	36	0.13539694435135	1.0688619981734	44945	0.386005237203042	2	1	1	-6.73695436945252
chrY	3852176	11788326	0.465362635737339	105	0.125894256896071	0.677646372046306	1407	0.296029373263896	0	0	0	-7.6765995460455
chrY	19413679	56830432	0.473039687824965	27	0.124025029640021	0.589722746984261	796	0.227190723614533	0	0	0	-6.7612553012335
chrY	56830565	56885517	0.450030710710686	182	0.131676933423062	0.927579331824434	546	0.522318063676826	5	3	2	-6.79556472369583
