chromosome	start.pos	end.pos	Bf	N.BAF	sd.BAF	depth.ratio	N.ratio	sd.ratio	CNt	A	B	LPP
chr1	87306	16490648	0.498898983413166	1096	0.0860353709518815	0.981678607718951	46958	0.361851516644781	2	1	1	-6.73871767536195
chr1	16507569	16929131	0.260317644280025	138	0.113142325943096	0.983059714772196	1548	0.343256013587703	2	2	0	-6.79114691453868
chr1	16930807	124741523	0.498925736764377	3412	0.0881277012962288	0.968822915058862	183029	0.353340718076483	2	1	1	-6.74384777210058
chr1	125065988	143267177	0.18909476316578	38	0.167120072931624	1.11211681251497	1144	0.519479867908301	3	3	0	-7.18668525252271
chr1	143542957	248945585	0.498930024763111	4290	0.0860763943104167	0.962043635256435	191395	0.341999029291002	2	1	1	-6.80472471126747
chr2	187974	89578654	0.49891467093097	2845	0.0871128744539069	1.00877868396442	122738	0.384273910261591	2	1	1	-7.16719735965324
chr2	89611060	91987666	0.49859882848204	153	0.14504726226418	1.03379840277836	2560	0.403884523119757	2	1	1	-6.76476513182293
chr2	94199564	242183202	0.498925868219295	4828	0.0889059141285779	1.00266911662445	208011	0.360523104652126	2	1	1	-7.28508111092038
chr3	242313	1432861	0.282900150037659	40	0.0917822953711104	0.911945767845104	1361	0.313444577113287	2	2	0	-6.9933952814877
chr3	1596016	75370589	0.498915951850513	2098	0.0852032079912569	0.960273877208928	121055	0.348600346549222	2	1	1	-6.79800073353144
chr3	75370966	90613961	0.413861907101728	201	0.112373752711687	0.966250523829671	6157	0.40479132593602	2	1	1	-7.0692530899907
chr3	91344407	198119758	0.498910876112464	2920	0.0922554256034136	0.959313726835964	130842	0.35306843454693	2	1	1	-6.83809475358507
chr4	46210	48998623	0.498912630702608	1797	0.0842161308411063	0.966094610745174	57677	0.366212897951201	2	1	1	-6.74501713832156
chr4	49050947	49711698	0.498609229478663	169	0.13301742169543	1.06590142709511	1930	0.364163770668077	2	1	1	-6.75771705896202
chr4	52079633	190179679	0.498906608378952	2975	0.0896884578959236	0.957677048937391	127008	0.366237562557044	2	1	1	-6.8896096835363
chr5	163090	1292868	0.368722477939076	121	0.114995323296929	0.857532892140422	3685	0.447121900739163	1	1	0	-7.01005032681786
chr5	1297143	1520550	0.119141888543261	42	0.0625537074699383	4.04003165424188	2217	2.75584908745935	14	13	1	-6.7343080870654
chr5	1572174	30072884	0.328094191631376	383	0.113828755257588	0.719113357833763	13364	0.412825036459575	1	1	0	-6.78346141536343
chr5	30358439	30609300	0.0682520779635631	12	0.0575254225749298	5.2049761025636	462	3.62859638205042	10	10	0	-6.73681313668788
chr5	30888410	37789959	0.333804272812672	231	0.106871731114217	0.734541613978675	9555	0.365659120459694	1	1	0	-6.81142328117633
chr5	37835125	38116129	0.0760848848341132	26	0.0644642417277863	5.23329534131117	748	3.28978914407599	9	9	0	-6.73890085225825
chr5	38305445	39988383	0.289985468129331	57	0.126368865728723	2.04368717616742	3555	1.7862453312534	5	4	1	-6.74887088187169
chr5	40157602	40925776	0.0276143857509711	139	0.0377373557358419	8.36571977548769	6725	5.3119619358612	20	20	0	-6.77876228259518
chr5	40928690	42151658	0.0851542239634025	124	0.0838519998624579	5.04012553672478	5661	3.54290827888892	19	18	1	-6.73426262168563
chr5	42156572	46206800	0.326003927507447	49	0.129518496039471	0.837719664284001	2391	1.19140958252573	1	1	0	-6.79179926046445
chr5	49599621	50273784	0.362247317932425	72	0.134387533625903	1.06995786913507	941	0.392522555387736	3	2	1	-6.81972395687608
chr5	50399214	176600645	0.498924632771568	3222	0.0864811957757034	0.961592276098144	145003	0.361283884215497	2	1	1	-6.81614139026208
chr5	176622909	176783181	0.143851502690986	23	0.0657246020920485	3.1165093335187	919	1.59063639662352	11	10	1	-6.73328394820003
chr5	176887429	181281769	0.498886899951594	436	0.0822696085436739	0.98554944830764	15038	0.350632353899597	2	1	1	-6.73652231403196
chr6	168197	60964235	0.49892388185443	3100	0.0875144316380637	0.966021224136913	114699	0.334435199211047	2	1	1	-6.75117080482185
chr6	61181989	170594710	0.498914150357062	2371	0.0847973761348218	0.955045847470065	111582	0.359617215235169	2	1	1	-6.9087725059756
chr7	37991	58100473	0.498903716759944	2168	0.0923039243259738	0.965167408964486	76334	0.362380539946325	2	1	1	-6.75148769455941
chr7	60958088	102222271	0.498874099915563	1483	0.0999333151985625	0.959609859298185	71879	0.371935152330111	2	1	1	-6.76852659717814
chr7	102237893	159034635	0.402045472839683	2093	0.104695347274352	1.20349396932335	100845	0.478920637898218	3	2	1	-6.87435464434991
chr8	213654	43438973	0.498901692022204	1617	0.0892938273927415	0.960076807007565	58778	0.374344925912761	2	1	1	-6.7672734639545
chr8	46555537	145055416	0.498915708635261	2074	0.0891693814925701	0.973097824428479	101554	0.370147880496092	2	1	1	-6.73312838778465
chr9	117877	2833267	0.474258630124539	81	0.0929903934371983	0.91898817657637	3045	0.355380140718922	2	1	1	-6.82080889939528
chr9	3017678	34500597	0.311950873796321	618	0.109345871164559	0.705441243047346	22653	0.242791373503275	1	1	0	-6.73317601754234
chr9	34513218	38707544	0.498855044896454	283	0.0847743490028291	0.953492116990877	12584	0.324350947920505	2	1	1	-6.7431804461617
chr9	38725911	43266783	0.498695263150897	242	0.125376853413622	0.892554697624109	2132	0.39957341677505	2	1	1	-6.85827213442174
chr9	61701625	68449111	0.327682527619763	132	0.134292704049254	0.878873165044248	1676	0.5679289245535	2	2	0	-7.19259195411312
chr9	68499396	138176498	0.303187233002033	2494	0.101969219279786	0.704428270719	102367	0.238961140028766	1	1	0	-6.7380167601493
chr10	47876	39114427	0.305831959204451	1221	0.10946946453647	0.703103682345729	39625	0.268248881928987	1	1	0	-6.73814816441793
chr10	41859953	42079843	0.485630548642185	36	0.15036611404824	1.11266026715191	444	0.51413101307936	2	1	1	-6.74743604872584
chr10	42210047	133787153	0.313291200449134	2562	0.10221824480571	0.712474311134365	107645	0.240488402403159	1	1	0	-6.82145230707404
chr11	194441	4388667	0.498867219343372	528	0.0903034729963796	0.975057943444581	17988	0.297573533469271	2	1	1	-6.73322249863989
chr11	4389522	50553162	0.498921123549055	1768	0.0811353363352966	0.960871587584258	68105	0.328037939174154	2	1	1	-6.77498608809129
chr11	54603136	134986767	0.498926933906423	2928	0.085981336460025	0.965443290669607	153197	0.328780378874203	2	1	1	-6.7618917764622
chr12	12820	34276742	0.498911493000341	1706	0.0857668342353127	0.963049282321744	60323	0.354687541247424	2	1	1	-6.7511981133613
chr12	37785252	42235799	0.306635956136947	132	0.100209969247666	1.39605939006637	6129	0.629090807162235	4	3	1	-6.7884189687258
chr12	42278123	45672610	0.205286941747409	175	0.121963979715782	2.15271649430539	7129	1.36145096624189	7	6	1	-6.73969384074354
chr12	45876302	47233184	0.499071469040734	26	0.0893443812533192	1.04546279558518	1673	0.57594632635925	2	1	1	-6.74564284290208
chr12	47283476	47405864	0.211406956321557	15	0.108023013421083	3.02381892456266	494	2.36279813463588	7	6	1	-6.73401870819855
chr12	47448218	48569718	0.499078236943796	96	0.0773812325664872	0.956967553027062	3514	0.276863536340759	2	1	1	-6.73561125485239
chr12	48662362	49291306	0.303336528338615	102	0.0974963105793602	1.49454381355453	6177	0.604101488198775	4	3	1	-6.7564048811171
chr12	49296554	50843019	0.499328114021577	144	0.064065046830001	0.950161631140142	6598	0.305874901382987	2	1	1	-6.73880485799468
chr12	50863056	51758731	0.33410521014878	88	0.121947485143017	1.43794518698568	4399	0.596467288760819	4	3	1	-6.74185038550465
chr12	51762471	52206418	0.499446220925286	27	0.047552879547682	0.993500565819123	1614	0.360674593679004	2	1	1	-6.73397974446059
chr12	52229200	53164202	0.25579835582111	326	0.0844046860314518	1.89258579543837	8973	0.712190671621338	5	4	1	-6.76517398237609
chr12	53170081	53366019	0.461933759440478	25	0.0809558109917586	0.983317941915059	1686	0.271921411655027	2	1	1	-6.86300744175095
chr12	53383387	54281329	0.253649441139515	79	0.113352284247139	2.00387610757044	5153	1.33202643629657	6	5	1	-6.74442436777114
chr12	54315014	56044133	0.323256491740926	101	0.0828951550615189	1.17115094368633	6579	0.43724466859311	4	3	1	-7.06210742432355
chr12	56062174	57568349	0.284391173812768	200	0.109988125329818	1.683226053124	17070	0.678802791641474	5	4	1	-6.74406923364467
chr12	57572023	58006374	0.192793910100948	75	0.0961925621293508	2.52414873545899	5216	1.26894662373419	8	7	1	-6.734202428608
chr12	58096447	59806320	0.374896746548175	45	0.114482608621431	1.41072432533953	1285	0.799608922139234	3	2	1	-6.77292439272314
chr12	59967386	62590352	0.132260727977842	159	0.105610420992493	3.415907364595	5002	2.31564678090247	12	11	1	-6.73437731921471
chr12	62613764	63255971	0.337627130555859	31	0.115743422210276	1.47168004130871	1058	0.777275219776345	4	3	1	-6.74354248722126
chr12	63318929	63932990	0.178769109119219	64	0.119229387423558	2.46653210997973	1900	1.44352184755929	8	7	1	-6.73752417390501
chr12	63951352	65456017	0.113050309396859	261	0.0812596314543493	3.80621349858699	10567	3.28548430945991	14	13	1	-6.73472936010833
chr12	65463119	67393589	0.244606887496831	102	0.122299242585325	1.79858720394878	3605	0.970813762372815	6	5	1	-6.75474126672186
chr12	67464569	69297906	0.0864685689634178	281	0.0674733938036152	4.94692728707877	11236	3.69851024039128	19	18	1	-6.73435908769739
chr12	69310290	70659239	0.123547936581348	237	0.0901881072733898	3.57866561951462	7423	2.26291965671013	13	12	1	-6.73435523291455
chr12	70671990	76309426	0.307394374899994	79	0.0990775500392427	1.00352260885516	3901	0.891629986793644	2	2	0	-7.12567189156807
chr12	76326954	76538832	0.0820224152769513	10	0.0867313220366335	2.76881895925479	1226	1.7380043675486	8	8	0	-6.7339047526933
chr12	76801329	78605809	0.324054386948542	19	0.0909721376277451	0.751546046924663	1154	1.17284301339758	1	1	0	-6.74975550311463
chr12	79059189	82811007	0.0805652270027626	193	0.0932619596830377	5.05699909821659	15941	3.69192754770136	20	19	1	-6.7368901375841
chr12	83000429	83963937	0.236108850024956	25	0.102605750326188	2.32787362671882	620	2.41605468694255	6	5	1	-6.73493134911854
chr12	84072625	86028333	0.332423649434714	24	0.100328698915549	0.714779149326373	938	0.263709170845171	1	1	0	-6.76476267517015
chr12	86042807	86208093	0.0425367383452828	10	0.0348495177712531	7.24096192470732	405	5.28416888189267	18	18	0	-6.73376844508125
chr12	86410115	87814350	0.274422654122279	28	0.105671698843673	1.99525043146345	706	2.42393772887571	5	4	1	-6.73497983925
chr12	87817472	89099608	0.135468307976644	57	0.0913452544677854	3.54358043953264	3177	2.40950387961142	12	11	1	-6.73347277736814
chr12	89194922	90574761	0.3021078601485	27	0.151555843797505	1.86966591574669	1859	1.3437384503241	5	4	1	-6.75484309565007
chr12	91051526	94446432	0.498628822488385	63	0.121941475726285	0.866965132468343	3076	0.674237114963127	2	1	1	-6.79243245055393
chr12	94450621	95616270	0.0737010015900171	513	0.05797370365296	5.91343108516955	14984	3.90507380180395	20	19	1	-6.75204897916284
chr12	95616340	97375017	0.138261839423225	273	0.0949032976677283	3.41859473097512	9335	2.20154807841556	11	10	1	-6.7351605236675
chr12	97383821	98437690	0.0660387266847883	95	0.0813539650980704	5.52447119638205	3047	4.36247867981927	11	11	0	-6.74117068607676
chr12	98441202	99186294	0.150848500037763	87	0.0984974581646777	2.83650846150971	3411	2.48772323646908	10	9	1	-6.73546444754166
chr12	99246152	104385572	0.294660386364243	192	0.102428074491008	0.75394762565225	8156	0.537860840006324	1	1	0	-6.79351629594011
chr12	104394727	104525170	0.083999380718459	25	0.0617686004374391	5.61591879854351	720	4.42106707095314	20	19	1	-6.73303367387066
chr12	104591511	107766786	0.273355630969056	68	0.115613516917866	1.08831361403562	4532	0.72635589192741	2	2	0	-6.88095436731423
chr12	107770191	108053064	0.0834674468124601	80	0.0565275725261239	5.26337818129965	1379	3.37353059586318	20	19	1	-6.73322592038116
chr12	108068176	109980830	0.498817276066793	169	0.0969777104146745	1.16197711317262	7369	0.599402417797519	2	1	1	-6.83181939975404
chr12	110097902	111265509	0.0749243129265308	209	0.0801942419551913	3.78244646842098	13526	2.73403955116185	10	10	0	-6.73855091910755
chr12	111301696	115801475	0.498744730667282	224	0.109942545034579	1.0896726816976	11896	0.522870965485791	2	1	1	-6.85662017846668
chr12	115846138	116686476	0.125467949279559	140	0.0972110288047319	3.41241977056987	5602	2.37216753758201	13	12	1	-6.73483353208493
chr12	116699213	120324962	0.49872274156995	216	0.120269851264437	1.12360182782748	9319	0.783094011794528	2	1	1	-6.80543033984701
chr12	120333096	120512005	0.159851461254959	64	0.0991697228420622	2.69676570800741	2142	1.79148590438686	10	9	1	-6.7345142086418
chr12	120518054	121567969	0.290045686090216	158	0.113825645413578	1.56556092673157	6553	0.786185009386431	5	4	1	-6.76116242865039
chr12	121641283	133221076	0.309384743460546	635	0.1074165671354	0.733682480842657	20872	0.342422288408194	1	1	0	-6.82198329096575
chr13	18177561	114354014	0.498906296101557	2310	0.089388956424935	0.958993488993025	90158	0.370698141545564	2	1	1	-6.82314381570546
chr14	18330642	19936715	0.271359063146895	100	0.118494725621017	0.951894088436751	2175	0.295704465762194	2	2	0	-6.82890806340437
chr14	20014312	106874867	0.498919370475025	3363	0.088959266480719	0.965968134384614	144424	0.355867492256578	2	1	1	-6.75621222564463
chr15	17081956	17082007	0.188058820717132	2	0	1.27979755010832	4	0.0864561545910218	0	0	0	-Inf
chr15	19878464	22703353	0.498699329801883	388	0.122853506326123	0.931313896623982	4289	0.347785134505714	2	1	1	-6.76015319996444
chr15	22760890	101829176	0.498925833642004	3742	0.0874459289897009	0.964863454149295	151232	0.349934747515559	2	1	1	-6.7619678741187
chr16	11651	33979048	0.498919084418284	2439	0.0922820834805935	0.969214389934122	95387	0.349710707704383	2	1	1	-6.73598161664663
chr16	34064756	34159312	0.12857371097052	12	0.134919139644545	0.985490305433255	121	0.283048283365671	3	3	0	-6.84508073825484
chr16	34162940	34595573	0.498800907476672	57	0.106648431046179	1.0449313762116	987	0.257193138506553	2	1	1	-6.75286135466089
chr16	46383416	81871106	0.498887914185832	1338	0.0946084086450936	0.959411141387989	68738	0.346760074461729	2	1	1	-6.76919099963202
chr16	81890886	90099701	0.320578561147352	562	0.100869064535329	0.713410981312154	16240	0.23252030363203	1	1	0	-6.75021162515344
chr17	139090	21298622	0.498912594306973	1794	0.0825337245771466	0.96500285567643	72088	0.340506213987145	2	1	1	-6.7410447644382
chr17	21298669	22654773	0.405607488213427	302	0.120925438622372	0.944517863489116	1728	0.56078021035293	3	2	1	-6.92721203279759
chr17	25074459	39417263	0.498865370194923	647	0.0869397288290214	0.969395304567793	36899	0.355006005267906	2	1	1	-6.7342046746175
chr17	39421903	57930960	0.302071714535145	818	0.103619346414406	0.703390054792019	44796	0.231336084659489	1	1	0	-6.73889904295871
chr17	58157566	83104291	0.49891597196762	2100	0.0856449498607351	0.971203756759091	78073	0.356960992228448	2	1	1	-6.73364393047391
chr17	83134642	83135688	0.161481260607935	9	0.0924690638958662	1.86508789546042	38	0.810209762014583	16	14	2	-6.73405374252384
chr18	47898	112269	0.273480898924965	23	0.124840926450407	1.04106691086575	459	0.371934568479092	5	4	1	-6.81167772223797
chr18	120645	15004471	0.498868155108729	553	0.0799564198625322	0.957035906560065	20245	0.360857222326783	2	1	1	-6.75243353133855
chr18	15004526	15357277	0.497964422069983	9	0.198406639113827	0.905866155103542	238	0.319308350190145	2	1	1	-6.74375905815107
chr18	21086407	80250865	0.498904839280607	1272	0.087097113805929	0.952088864243136	54630	0.369275306566474	2	1	1	-6.85630599366931
chr19	107456	24394098	0.498926600071958	3570	0.0858372959516593	0.967343944068905	126713	0.337856158445054	2	1	1	-6.73784263156499
chr19	27392054	53862895	0.498922529721595	2894	0.0878577426774631	0.963084952346051	115777	0.328926015900814	2	1	1	-6.74924524286341
chr19	53870418	58563402	0.49887754836173	971	0.0916539612908134	0.95867807894002	27428	0.298130006758228	2	1	1	-6.74031645713054
chr20	82090	26129638	0.49887686146445	913	0.0844701591432632	0.959060235776373	35350	0.348902695439669	2	1	1	-6.76068563965529
chr20	28559257	31241865	0.322975564410126	474	0.126559130992994	0.940791056836188	2322	0.380007627941864	2	2	0	-7.08543749759201
chr20	31605574	64302606	0.498913808122007	1529	0.0874627423903178	0.964358559818745	74970	0.35744144009449	2	1	1	-6.74601565300095
chr21	5218123	13113074	0.498732234928071	556	0.122946964248364	0.784762502595732	3608	0.308273892812337	1	1	0	-8.40436076998273
chr21	13249775	46618056	0.498905506520177	1309	0.0892167677774815	0.958786268152845	44689	0.353820667851429	2	1	1	-6.76873908623091
chr22	10685457	12801136	0.378929562633231	586	0.127118484751144	0.785429859210352	2648	0.316605514982559	1	1	0	-7.04484721603079
chr22	15541395	50808396	0.49892318032195	2991	0.0849254568980493	0.965985037474252	99112	0.352087436824341	2	1	1	-6.74268212663909
chrX	278445	55220607	0.496712223607706	1566	0.0953444868343443	0.960547146738605	76296	0.371212739017837	2	1	1	-6.77472538751322
chrX	64337224	155985886	0.4988990872392	1000	0.0947693473872444	0.961207251862347	95857	0.345455423601669	2	1	1	-6.80365571864049
chrY	10796683	11747664	0.285483759305425	64	0.126866570601207	1.01906087541499	565	0.646848033843025	2	2	0	-6.86928001036301
chrY	56826064	56884113	0.49867415649559	155	0.122469292167828	0.858917997870787	474	0.284806175846934	2	1	1	-6.73979773753618
