chromosome	start.pos	end.pos	Bf	N.BAF	sd.BAF	depth.ratio	N.ratio	sd.ratio	CNt	A	B	LPP
chr1	13273	16509206	0.498877722167256	2480	0.102808194364846	0.933258113577433	70941	0.389099929539701	4	2	2	-6.73369292150539
chr1	16509896	16947843	0.349008679333196	221	0.119585726872296	0.943837424254776	2580	0.355622059573313	3	2	1	-6.92703308290903
chr1	16954508	124514236	0.498910102127724	7383	0.0996373464880537	0.926494221293449	278109	0.39706652779063	4	2	2	-6.74053939470762
chr1	125094469	248945592	0.498927232448252	8059	0.0993904362576328	0.918156178674045	281114	0.381392875874395	4	2	2	-6.8222070508293
chr2	188171	92075324	0.498897304143264	5156	0.103182459746681	0.932893303532362	186476	0.405467770470948	4	2	2	-6.73539520579341
chr2	94190317	242183396	0.498926334321798	8406	0.101838780941599	0.924734321325678	301143	0.389852190049815	4	2	2	-6.75523221899398
chr3	10374	75511788	0.498916583834492	4720	0.0988118629580713	0.92526877119664	182610	0.385010836246156	4	2	2	-6.74263258047749
chr3	75515375	90303819	0.479454260470289	473	0.118280234490264	0.965242993380907	10741	0.435499328882487	4	2	2	-6.81346213174132
chr3	91404436	194757299	0.498913476235692	5504	0.0993178866512023	0.924463428168824	185029	0.390165310481847	4	2	2	-6.75005161363885
chr3	194763233	198113542	0.498788959082896	583	0.112571381920187	0.939369084434505	14742	0.408919674586441	4	2	2	-6.73419198282402
chr4	13970	49082354	0.49889819200133	3335	0.103269962093157	0.931142740391122	90247	0.39862842061664	4	2	2	-6.73319931439294
chr4	49092094	49711644	0.460154344647378	224	0.139899833469767	1.16257774682474	2222	0.47087379126613	6	3	3	-6.83678385199503
chr4	51837444	190179679	0.498898176875277	5341	0.100776586143599	0.931328983109994	200120	0.40364104982207	4	2	2	-6.73355100399967
chr5	44595	488195	0.204732827009624	21	0.108205646362664	1.18426971059847	2289	0.506761832170164	5	4	1	-6.73451557868634
chr5	491711	796322	0.375805405107687	51	0.174577313621709	0.246601163920385	638	0.100414986347786	1	1	0	-8.76177058789871
chr5	796859	1225561	0.0144007799167334	91	0.103566465124637	0.214914408952072	1207	0.10821312745675	1	1	0	-6.87911822165569
chr5	1253629	1387106	0.141223060775429	26	0.072006078803219	1.53297178835574	1082	0.655685099682285	7	6	1	-6.73401653766361
chr5	1393845	1466698	0.0015984106569531	12	0	0.211500113511975	206	0.0920691341103906	1	1	0	-Inf
chr5	1489591	3384089	0.192255537098142	105	0.124831367571097	1.10765213146914	1912	0.631209749783377	5	4	1	-6.74212991892189
chr5	3541792	4095539	0.00994302399537228	14	0.0668153104781061	0.241897500740743	237	0.141070716080853	1	1	0	-6.77174901180108
chr5	4210499	10760005	0.164858792348037	382	0.111237257487066	1.33074603688195	10670	0.725635980166945	6	5	1	-6.75008103294627
chr5	10803476	12409478	0.419297373140301	71	0.108113117972178	1.43078719748357	1841	0.592619844315265	7	4	3	-6.78297197168169
chr5	12434562	13638374	0.173842810062506	44	0.107135948785637	2.89236574876516	1484	1.57010950486353	12	10	2	-6.73609058549085
chr5	13650357	16182832	0.342623095107868	221	0.10373740401699	1.41135823993394	6813	0.568302873895253	6	4	2	-6.73842437009307
chr5	16185545	17729178	0.186956046374535	272	0.10543989736205	2.41140503522812	7755	1.35930090183259	11	9	2	-6.73621674121929
chr5	17736184	30775251	0.347431381823208	493	0.11591414627737	1.45151698236984	11808	0.701446178675674	6	4	2	-6.76625888429259
chr5	30888410	34549896	0.26715291354201	454	0.106170213552126	1.64170142633916	13236	0.761409216618049	7	5	2	-6.75156725080032
chr5	34554324	37600332	0.498722946121905	242	0.115407548420516	1.26990441689533	10711	0.566757779567526	6	3	3	-6.78342593439643
chr5	37656989	45816754	0.270646431184387	450	0.106772077856292	1.64118153989639	18475	0.847634448922012	7	5	2	-6.7453785716288
chr5	49599598	49661662	0.489576455035016	62	0.134668349108908	1.31319414228516	661	0.424311571128435	6	3	3	-6.73738970270033
chr5	49661697	181288546	0.498906698251151	6393	0.100003234570311	0.920520014120062	246793	0.396397948468821	4	2	2	-6.79046453322429
chr6	160049	58414703	0.332387415154657	7304	0.102619720410493	1.38505826299761	221782	0.599438730678367	6	4	2	-6.73875431062763
chr6	60281479	60964235	0.00201723472078708	13	0	0.467046005641806	341	0.211696079724633	1	1	0	-Inf
chr6	61531726	170640200	-0.00124378077199083	3418	0.0366147329608953	0.461388088714512	118121	0.208694596515118	2	2	0	-6.83519731431129
chr7	37991	387112	0.499077356489124	72	0.0892716123672463	1.78500624893766	1045	0.8231418623757	8	4	4	-6.73362988945144
chr7	413634	718647	0.276339971146862	137	0.109036501071467	3.51411044906874	2598	2.74549345554577	18	13	5	-6.73387927604431
chr7	719171	1773126	0.319710732686861	431	0.112847311188028	2.82340630076977	11944	1.62958528987694	13	9	4	-6.74094895287659
chr7	1777913	3158155	0.4988333375817	341	0.0892817740267605	2.04014350791687	10770	1.13422607561086	8	4	4	-6.73857049499901
chr7	3158234	3284138	0.265774264644578	56	0.110285083648355	3.28268732796766	919	1.80207633570347	15	11	4	-6.73315559786108
chr7	3289130	3429617	0.499174533288449	44	0.0694082622678017	2.20987955530355	318	0.795203872261956	10	5	5	-6.73346496967018
chr7	3464299	5231042	0.00232194728958995	252	0.0408937499988825	0.968394384307046	6464	0.442494818040628	4	4	0	-6.74359863067162
chr7	5235906	5367749	0.498798610781574	75	0.0853035343521766	1.97487970684005	1606	0.838776095549681	8	4	4	-6.73354599666285
chr7	5377790	5748531	0.00171054125795894	80	0	0.991473516898222	2324	0.561880399595114	1	1	0	-Inf
chr7	5771669	6295555	0.247457768271666	349	0.125689550375032	3.39416789631705	8461	1.91896903513461	16	12	4	-6.73399998558211
chr7	6296610	6337402	0.000679443956714598	11	0	0.917045898728048	291	0.38883229440185	1	1	0	-Inf
chr7	6339547	6620602	0.498815916402488	136	0.0851224812794606	1.94293406075032	3907	0.985478010067238	8	4	4	-6.73346886878621
chr7	6624672	6819470	0.279957573093615	89	0.139602017130575	3.08567688181562	2594	2.00902605992435	14	10	4	-6.73413398237968
chr7	6820400	8078014	0.00148906704991525	117	0.0839255227490438	0.964319299563675	2638	0.421993735201786	4	4	0	-6.73862900388831
chr7	8086564	11736422	0.3101444370868	219	0.0932840020111134	2.04525721191448	5534	1.19306590369875	10	7	3	-6.76548680765398
chr7	11769292	19598997	0.000655690673355691	363	0.0474574580572065	0.960554717674233	8602	0.465370232874276	4	4	0	-6.75505202101302
chr7	19729671	20161772	0.0219404914112744	13	0.209981012572627	1.1373263537832	498	1.04919315659017	5	5	0	-6.73969119860974
chr7	20263641	25595781	0.498863520197318	610	0.091959058502162	1.88389490820828	18987	0.859669103367498	8	4	4	-6.73377370981655
chr7	25689798	34079243	-0.000365791178041752	536	0.0392539905064353	0.921527640155287	16728	0.412468805081204	4	4	0	-6.73583031356506
chr7	34085808	34440733	0.498435348521653	9	0.166146020114838	1.89028605948286	322	0.873508930352598	8	4	4	-6.73315140532412
chr7	34450837	51348465	-0.000179474136806523	989	0.0705752274882947	0.936795735769864	33973	0.427872131793092	4	4	0	-6.73558730502053
chr7	51359789	56673663	0.498846834714708	585	0.0948110685783767	1.9119416991646	15706	1.00558725244017	8	4	4	-6.7354253715414
chr7	56673721	58091558	0.490938067887633	267	0.125751066342462	2.34851210149351	5128	1.32981377161191	10	5	5	-6.73618799431959
chr7	60958177	159224289	0.33341911989794	10005	0.10865726539348	1.40901113799139	323498	0.620020066804416	6	4	2	-6.74685489242903
chr8	213654	43618035	0.498887677030239	3550	0.102717518796872	0.931378129021217	92903	0.414064636109672	4	2	2	-6.73324960648452
chr8	45952307	145003393	0.498892722824878	4302	0.100590259045506	0.934613755359104	160093	0.404386932675787	4	2	2	-6.74032341004035
chr9	10368	33677434	0.00138764320106577	1302	0.0259352231656939	0.463125575036886	31869	0.217545339431707	2	2	0	-6.74348442870896
chr9	33737204	39040815	0.498860621575932	557	0.0930842352796673	0.904208783826575	23077	0.37185538963714	4	2	2	-6.75190144997944
chr9	39040913	43253957	0.365773275590633	443	0.121283399999888	0.961553640414167	4070	0.426070733579929	5	3	2	-7.2463923688335
chr9	60525995	68405787	0.308823306971943	195	0.138543492590409	0.967484130761498	3205	0.453164081372027	4	3	1	-6.87414880542531
chr9	68410561	96726634	0.498866073025699	1680	0.0995467481619948	0.932181379977322	58666	0.407842620244426	4	2	2	-6.73345873154897
chr9	96727038	98441699	0.254062952724502	236	0.107049593341345	1.84138082631066	10096	0.833056036935647	8	6	2	-6.73405887529089
chr9	98447306	138176464	0.498908797748213	3663	0.0981796663671677	0.921555990556167	131713	0.387073917224218	4	2	2	-6.74776019342321
chr10	47588	38452933	0.498883981110992	3098	0.0974419812839515	0.944213719273955	85339	0.422862514954637	4	2	2	-6.76074960521778
chr10	38526873	39114427	0.481620448624214	96	0.129743551034677	1.03738389569703	533	0.446253987973151	4	2	2	-6.76592259521423
chr10	41859746	42249372	0.366583745058041	70	0.13832052074666	1.31324097028415	937	0.474633188289854	6	4	2	-6.77134671672404
chr10	42265496	75422261	0.498892244310814	2166	0.0996236827065106	0.928234136818973	70781	0.397320630510043	4	2	2	-6.7338231654166
chr10	75467672	133787106	0.331506663679702	4614	0.107999001294046	1.3971785969049	181263	0.628032032872537	6	4	2	-6.73330329569284
chr11	198665	4388696	0.487645084641276	947	0.0981085070222606	0.955729418715056	24159	0.367475026579051	4	2	2	-6.75587336428912
chr11	4389477	50553118	0.498907433537616	3015	0.0955246884528168	0.917390393566204	99081	0.379290774163388	4	2	2	-6.77135879635446
chr11	54591998	124250452	0.498915968399416	4584	0.0990127303568331	0.910164998458049	199780	0.373481931200656	4	2	2	-6.87532172702619
chr11	124258279	124274783	0.0015984106569531	12	0	0.525647620835895	82	0.247674067762889	1	1	0	-Inf
chr11	124309939	135028117	0.498821809979393	480	0.0979502845649085	0.903783686571155	20629	0.399397072934104	4	2	2	-6.7670234409924
chr12	22477	34614483	0.445739007949251	4287	0.0937830959715819	1.60741101746241	132183	0.69575481335321	7	4	3	-6.7602047142525
chr12	37418138	133056950	0.431289999649265	8592	0.0942995989050121	1.61376324205542	395964	0.728651235552982	7	4	3	-6.74220198337146
chr13	18177561	114325598	0.336403935240041	3962	0.123756970648115	0.705641483235722	121246	0.309091644410892	3	2	1	-6.80710175270761
chr14	16057734	16098225	0.5	1	NA	0.740014481197087	4	0.108794914096815	3	3	0	-5.77146911133334
chr14	18330642	19921715	0.312283088132837	151	0.109105620698437	0.910887035129378	2249	0.297198669869633	4	3	1	-6.92732343260021
chr14	19933937	106874913	0.49892154772238	6014	0.100570748740226	0.927296560055541	218579	0.396857311050872	4	2	2	-6.73692453080082
chr15	19841981	22257765	0.385935447739488	307	0.124514730618432	0.955563236344275	4029	0.413709004420144	5	3	2	-7.0510965652186
chr15	22273961	89894061	0.498902462278944	4088	0.100774191931723	0.92011773877454	200074	0.382569052573162	4	2	2	-6.76749952252068
chr15	89897255	90799036	0.351719759662136	276	0.107332621541188	1.39126941614313	7033	0.647354625200117	6	4	2	-6.75059808402828
chr15	90806240	101980762	0.498842485970708	829	0.102314676874094	0.925919037905988	20369	0.406472290103969	4	2	2	-6.73407529081605
chr16	11641	34064828	0.498909501747522	4562	0.099960983399508	0.92444861422224	143801	0.4132324961763	4	2	2	-6.73811452574597
chr16	34065858	36104316	0.479514254170419	80	0.135602872691837	1.16037114137425	2126	0.518535202788175	6	3	3	-6.89789918611982
chr16	46386263	46401549	0.493731545796787	58	0.112901361742734	1.44159687245726	1244	0.353399960015779	6	3	3	-6.73495567628253
chr16	46437595	70044472	0.498888989827913	1469	0.0974460958530461	0.922366912593423	68544	0.388890087392975	4	2	2	-6.74023717181156
chr16	70123202	70680681	0.306107294562847	63	0.142369105179372	0.83416113400257	4675	0.360025022021359	3	2	1	-6.83595060080351
chr16	70692892	74353782	0.00240327090612391	173	0.0300226860050248	0.456515192883397	8078	0.204317624376349	2	2	0	-6.75561655275929
chr16	74359817	74418173	0.00302384717280457	33	0.195742148338991	0.558946351241917	405	0.218991300167278	2	2	0	-6.75766418155907
chr16	74433795	90075679	0.000363695807312769	1742	0.046002343832773	0.462823867631818	32536	0.21214994197925	2	2	0	-6.73865596738835
chr16	90092111	90106232	0.498478482366914	9	0.14907362088728	0.607588967522331	65	0.321888714793698	2	1	1	-6.73891482856668
chr17	132172	22654773	0.49888660350292	3411	0.105693819672748	0.916174488167151	108810	0.383070113313569	4	2	2	-6.75504450021359
chr17	24421408	50740578	0.498889388963077	3786	0.104633807479879	0.922737470110971	127939	0.38027973035322	4	2	2	-6.74066206210204
chr17	50742614	51502584	0.312674869571861	135	0.103854907932187	1.43966340924128	4343	0.637776928438252	6	4	2	-6.75775589393765
chr17	51502987	83135542	0.498904745237182	3732	0.0961611981904973	0.932228432693521	124818	0.400535261210547	4	2	2	-6.73353672864451
chr18	47858	15350708	0.498859576262086	1369	0.104271926933431	0.925310001723062	33714	0.401180497673987	4	2	2	-6.73485464664308
chr18	20944336	80250865	0.498880051542565	2691	0.100429927572549	0.932156070470043	88391	0.409074944475026	4	2	2	-6.73381409775731
chr19	107329	24394204	0.498913432389047	5454	0.0986408737175885	0.93530618419633	185736	0.388128690218554	4	2	2	-6.73571779895834
chr19	27392072	58586647	0.498916641466807	6341	0.100697329771458	0.92171714985288	204285	0.374412295140364	4	2	2	-6.74496054057987
chr20	87623	26002204	0.49888288457909	1858	0.0993807969595705	0.933950093507562	54485	0.404346632294474	4	2	2	-6.73444247965918
chr20	26081074	26168423	0.498165319601307	12	0.156690850809078	0.903421083840721	180	0.494671688425373	4	2	2	-6.7332981676916
chr20	28513663	64327831	0.498893307595028	4401	0.115900600360078	0.936244661130127	120797	0.431749958071223	4	2	2	-6.73751761380068
chr21	5034010	13113074	0.404786700348454	863	0.143381765428411	0.750305025548544	5287	0.327174416270642	3	2	1	-7.10744387648491
chr21	13227652	23453144	0.00262740136876516	307	0.0694463814594345	0.469962572858682	6429	0.217821912837933	2	2	0	-6.7471209028094
chr21	23556656	46661749	0.498893887035699	2072	0.101147505058868	0.91858310252426	58479	0.394952563020399	4	2	2	-6.74771970539151
chr22	10679289	12801441	0.412774062813852	780	0.136178199132469	0.859425342566298	3450	0.392636266585646	4	2	2	-7.02125151819936
chr22	15342394	50808263	0.498911396535967	4933	0.0994158894290065	0.930033859369418	148838	0.392062013110458	4	2	2	-6.73312997044231
chrX	284193	57977737	0.00107142363688989	2082	0.0569341187482395	0.471859638640908	81381	0.218551677001658	2	2	0	-6.87505633936164
chrX	63895417	155939494	0.000939806709577551	2094	0.0504846047206598	0.468768599836837	98169	0.204294938132097	2	2	0	-6.80838145636928
chrX	155985262	155996516	0.266141404050192	14	0.142524183411598	0.410915722607756	43	0.159783224552152	4	3	1	-6.9123716412527
chrY	10796683	11722100	0.366334206218179	86	0.14747471948255	1.33212911193313	576	0.517237743939901	6	4	2	-6.7674293218562
chrY	26436900	56886905	0.373833791280775	210	0.123142686855706	1.00627074253054	665	0.343868983660529	4	3	1	-8.10946850977894
