chromosome	start.pos	end.pos	Bf	N.BAF	sd.BAF	depth.ratio	N.ratio	sd.ratio	CNt	A	B	LPP
chr1	183697	124499462	0.292446468632088	5513	0.108304520240298	0.999215962535704	215153	0.336806617286199	2	2	0	-6.74936816613053
chr1	125094549	155319754	0.293209627143319	673	0.106191996083482	0.995687318505738	32260	0.307670966848393	2	2	0	-6.75188238314997
chr1	155344112	248936765	0.441385855792791	4468	0.090732011779669	1.23418573956287	169165	0.423995444132989	3	2	1	-7.15082939470463
chr2	41404	88649687	0.498905540243198	2862	0.0902832633507806	1.01195730706692	109412	0.347468190779572	2	1	1	-6.79280702360359
chr2	88660090	91966979	0.498590879269962	153	0.138566332429534	0.9754521739176	3427	0.326931901558563	2	1	1	-6.74470829627025
chr2	94701717	242183350	0.498927327983651	4563	0.0883192453907437	1.02510657551937	188985	0.342812131681962	2	1	1	-7.15767955874723
chr3	51295	90225655	0.498919281727193	2903	0.0911685941695351	1.00526037959163	119459	0.336860791118862	2	1	1	-6.74530158578738
chr3	91403005	198111131	0.498884749471067	3186	0.100073120409009	0.919659604008168	114708	0.305564794423311	2	1	1	-9.61160251485453
chr4	46210	49037233	0.498891185982209	1597	0.0968514812033689	1.00993201627359	53709	0.355353934897572	2	1	1	-6.7549193375275
chr4	49091992	49709523	0.363908264660884	131	0.137205937087465	0.737305911295826	1253	0.446088278847282	1	1	0	-6.76076555055416
chr4	49709700	49711644	0.415260723951	11	0.15994902597106	2.37250315988338	78	1.48737224833873	15	9	6	-6.73326536815053
chr4	51848345	190179679	0.498910618246283	3580	0.0912576598867801	1.0275711171774	120505	0.359395010673054	2	1	1	-7.16876190557547
chr5	163151	46206800	0.49887803274144	1323	0.0945279104927124	1.06950495442656	41315	0.408143797907092	2	1	1	-7.39829597414961
chr5	49599598	49661122	0.48035919791956	50	0.15472242954427	0.62915215831514	423	0.223900608040058	0	0	0	-6.74283689849414
chr5	49661585	181285564	0.498913100541861	4009	0.0918819375735559	0.975720630104151	146860	0.332851345041284	2	1	1	-7.14122057075192
chr6	203878	60451447	0.430005605974247	3639	0.0910120926607742	1.17489658201873	119718	0.388863035905416	3	2	1	-6.77991011412123
chr6	61531726	170640200	0.498911160771111	2866	0.0901099344154269	1.00897150651554	105096	0.343964613812958	2	1	1	-6.77514568164637
chr7	35411	58091583	0.415581956815869	2776	0.0936720348770104	1.2070426590629	82337	0.44168121929167	3	2	1	-6.76943251553101
chr7	60981624	159260919	0.427408678960477	4792	0.0991912520628899	1.20558749031787	168434	0.431051226721158	3	2	1	-6.78800056004274
chr8	241072	43317266	0.383850388322048	1599	0.105352086001379	0.830181122307373	47182	0.294373312867634	1	1	0	-6.90594351046607
chr8	45952307	145003236	0.498902979894797	2566	0.0898859767261285	1.08059166558268	100075	0.397475094815464	2	1	1	-8.41145113404512
chr9	322760	43242650	0.399217573868641	1361	0.111099721662076	0.801837982891984	38082	0.269675255489729	1	1	0	-6.78366642271226
chr9	61165843	94446784	0.362884070811598	921	0.113062824180538	0.816586025538692	28082	0.289682887995194	1	1	0	-6.76629438588707
chr9	94453479	138214317	0.498905739407435	2255	0.087422515586007	0.992641099686795	89841	0.326811112675663	2	1	1	-6.74718475019034
chr10	47876	39967657	0.375722422883899	1467	0.10813682413855	0.815161845266436	41254	0.295107859352364	1	1	0	-6.74597927278661
chr10	41858469	44297851	0.460379908968637	148	0.133363817587511	0.788447634690305	2994	0.271069607380348	1	1	0	-6.94455342914977
chr10	44304031	133787164	0.393601645234031	2964	0.104227514669732	0.848710383810749	109759	0.300552649080985	1	1	0	-7.80913142553255
chr11	197557	50512765	0.498917409209291	2249	0.0871479111427926	1.00975089374938	79423	0.321143293773164	2	1	1	-6.75952415535248
chr11	54591999	65715903	0.49890675894731	716	0.0832785307110066	0.993071717012436	37185	0.294770873692509	2	1	1	-6.73704434587498
chr11	65903945	92554219	0.437082186993654	1212	0.0897429790162192	1.13235645834037	48816	0.392206871955129	3	2	1	-7.00194969936942
chr11	92762232	94649674	0.326102390818388	136	0.0909171325988672	1.57116258168208	4898	0.497430799028913	5	4	1	-6.73725512232907
chr11	94740903	134812624	0.498842862307235	1364	0.0974945523097598	0.883878370114956	50437	0.316437087493029	1	1	0	-8.90584771028909
chr12	12749	34276742	0.498900548679823	1811	0.0882135604921311	1.02340800057035	56543	0.337311240300049	2	1	1	-6.8268339613586
chr12	37555474	116745552	0.379921513474811	2499	0.098987767592438	0.902401240459963	119144	0.34576506677046	1	1	0	-9.53072278925326
chr12	116748511	133226514	0.382220926010341	970	0.105988741362802	0.802084887317526	32104	0.282889271472348	1	1	0	-6.74538525930614
chr13	18177561	114353894	0.498896360965622	2620	0.093667511023468	1.06840385156792	88002	0.392778012533086	2	1	1	-8.03388784843867
chr14	16047857	16101879	0.4125396274884	4	0.0619273768215641	0.689537223880775	25	0.286398457863632	3	2	1	-6.85761933109797
chr14	18330642	19891710	0.314056124227587	77	0.10426892579216	1.04060082065996	1289	0.271049819435878	2	2	0	-6.75387629639995
chr14	19893506	106872984	0.498902556128239	3377	0.093994140363458	0.924124277237747	127430	0.308222841014484	2	1	1	-9.02327730967801
chr15	19876640	23038068	0.335967330461773	317	0.133273725977846	0.795296089333803	5174	0.273624608074187	1	1	0	-6.81462420131526
chr15	23039548	101915195	0.498915306962375	3582	0.0883232653627764	1.00691003335917	139591	0.331630909024195	2	1	1	-6.752378667055
chr16	35678	35908151	0.498903264270297	2597	0.0930336282299379	0.972620974544755	88544	0.326206457291349	2	1	1	-6.88706660222505
chr16	36853668	61655449	0.381591605081502	559	0.104890178955212	0.813633578506962	21844	0.269637320008936	1	1	0	-6.73686366421358
chr16	61694881	75969356	0.498870907399993	775	0.0903562268944499	0.979552400650721	32887	0.323153123420565	2	1	1	-6.76855079816861
chr16	76127484	90095778	0.374880923424498	1034	0.105158965680234	0.788333553284996	21071	0.265053694442369	1	1	0	-6.82396805353681
chr17	137637	22481997	0.498900208511735	2286	0.0932760829698689	0.992653801543905	68262	0.323631621674719	2	1	1	-6.7404179828332
chr17	24421438	83135759	0.498909407280189	3962	0.0922090229099979	1.02927694834941	162336	0.364802689069456	2	1	1	-6.94318583453253
chr18	47858	15357277	0.498863657076531	737	0.0930380081177363	1.02506899794664	19932	0.374690151469683	2	1	1	-6.77237314776864
chr18	20959507	80250865	0.498886671548564	1347	0.0938647360794347	1.02666302608547	52272	0.360766616883477	2	1	1	-6.91413876981408
chr19	107381	24394059	0.498919668555272	3527	0.0881692758218419	0.947295356310794	114109	0.299172508685798	2	1	1	-7.17886968956036
chr19	27392054	58571068	0.498924286725387	4026	0.0936463960559541	0.955012401725965	130325	0.296874450128726	2	1	1	-7.15533363455668
chr20	96321	26274736	0.498880051653689	1060	0.0909788955611444	1.00580045602473	32644	0.342992100217311	2	1	1	-6.73730182966422
chr20	28560028	31157820	0.385118769382039	457	0.134020532310286	0.945716131461773	2178	0.357858911516134	2	2	0	-6.95376814376523
chr20	31274809	50910957	0.498887056006442	1119	0.0881232483078929	1.01025711411866	47880	0.347171177578576	2	1	1	-6.74292212524117
chr20	50914391	59984599	0.414351209390757	462	0.100125832035258	1.30822631221711	14513	0.514209592368151	3	2	1	-6.91356822407704
chr20	59996009	64327831	0.498884382910778	288	0.0815891374360642	0.95858512804366	10456	0.279591572639049	2	1	1	-6.79255566302933
chr21	5218123	13113074	0.37969214980983	635	0.128826636040672	0.885186278463879	3665	0.34080868232898	1	1	0	-7.03740669077015
chr21	13255471	46618047	0.498893772913479	1390	0.0879055153664733	1.0063904720249	41354	0.351522569332261	2	1	1	-6.73931439379728
chr22	10561542	12797423	0.357814511597802	591	0.119229456125603	0.909589747614485	2531	0.364516655217408	1	1	0	-6.89145211887453
chr22	15489602	50625713	0.498917519900408	2876	0.093414907197614	0.98322296084494	89477	0.327009903193416	2	1	1	-6.79024333479557
chr22	50626390	50808396	0.472645791316543	10	0.157514020539972	0.893132676792473	642	0.260541182013035	2	1	1	-6.771616759249
chrX	257293	57876210	0.498889512695957	1544	0.0982609276791188	0.98143166008609	70971	0.344293567647088	2	1	1	-6.83582191994562
chrX	64145579	155996516	0.498900638446053	1599	0.0921056580141435	0.98316309502323	88922	0.331569330139973	2	1	1	-6.87730684055279
chrY	10934822	11722097	0.250593620140681	47	0.114681209592014	0.750574581900317	266	0.234119907276417	1	1	0	-7.48919647879219
chrY	56826064	56887149	0.391206042095436	166	0.114607264685344	0.800031052881587	506	0.253475288383922	1	1	0	-6.73641066040218
