chromosome	start.pos	end.pos	Bf	N.BAF	sd.BAF	depth.ratio	N.ratio	sd.ratio	CNt	A	B	LPP
chr1	87190	124741523	0.407441156247379	5888	0.103659525243638	1.20233795602976	300110	0.498183037036624	5	3	2	-6.78307092835635
chr1	125015362	248945585	0.176000409252542	3841	0.0970956444148468	0.755219429265655	170580	0.261982340163403	3	3	0	-7.54393774997625
chr2	119437	89234206	0.498920746833303	2964	0.0876186544956849	0.992076015430482	129318	0.385225737206335	4	2	2	-6.79660927436262
chr2	89574103	91987666	0.498578833613954	164	0.151146264678789	1.03523907341322	2900	0.466573959869504	4	2	2	-6.7538223495309
chr2	94199564	242183202	0.498932660228893	4965	0.088233224810957	0.964403407900017	214993	0.359334603832891	4	2	2	-6.88290735396068
chr3	10374	62720588	0.363323496816723	1697	0.0975425583037787	0.791063553842042	102430	0.271741389343005	3	2	1	-7.05921624525404
chr3	62720623	69785322	0.452609600838969	208	0.0974905378022967	1.11336605282674	8004	0.459631578311522	5	3	2	-6.91514546846873
chr3	69854180	90613961	0.364370937830162	293	0.106251951878731	0.815716729375024	9469	0.333117239481079	3	2	1	-7.07365590984876
chr3	91344407	198119758	0.378456205609374	2571	0.101675880720671	0.782786233003732	118072	0.281159726544747	3	2	1	-6.93173409277529
chr4	46210	49050947	0.38026386299075	1591	0.0954494623351117	0.787656855100011	52296	0.287653595272687	3	2	1	-6.91097356208813
chr4	49092115	49711698	0.484382451594185	199	0.145085519187039	1.15367338898416	2181	0.479680796469666	4	2	2	-6.78324815998103
chr4	52079633	190179679	0.449677201122734	2855	0.0950727649350731	0.848616297773406	121969	0.328165375410889	3	2	1	-10.8241782127846
chr5	11623	677947	0.096859734696616	29	0.0528268619160885	0.596783392140115	1447	0.180897164392268	2	2	0	-7.00253611088269
chr5	710429	840773	0.498521309589431	34	0.16073842525894	0.721720099872605	721	0.18526380654797	2	1	1	-6.87120153904233
chr5	869431	1243776	0.129786045421163	45	0.0763298464202926	0.797972980479365	1155	0.419281218653137	3	3	0	-6.85741847353195
chr5	1250900	1520550	0.120974020227665	45	0.0876893333987617	3.70095409395568	2971	3.18317332551308	19	17	2	-6.73340615452232
chr5	1572174	30072884	0.116984701525373	352	0.100215422871369	0.620209187017369	12180	0.529049369272058	2	2	0	-7.27392248264635
chr5	30333172	30609300	0.067301272263581	17	0.0529305177178757	6.27106947567818	622	4.68455001954694	19	18	1	-6.73474475204099
chr5	30888410	33527202	0.117281576477883	66	0.120061422702903	0.675797012738143	3117	0.483526744465308	3	3	0	-6.86868006571518
chr5	33595891	33683901	0.489370733017879	9	0.0678007702348907	0.957726428328433	211	0.307144643452894	4	2	2	-6.74800836039705
chr5	33731330	37789959	0.125433985268663	126	0.0884247688491847	0.585100714805044	5508	0.420836055290714	2	2	0	-6.75569923008297
chr5	37835125	38168178	0.0766176798024275	30	0.0856430778382538	5.93921519895239	1128	4.32635205956664	17	16	1	-6.73546743376351
chr5	38305445	38742267	0.213384064156213	18	0.131751499104716	0.943760589068679	666	0.859148352005585	5	4	1	-6.77081697604874
chr5	38843280	39806835	0.173772063747461	46	0.103432007585837	2.75979520509319	3022	2.04014014875403	13	11	2	-6.73344613626788
chr5	40157602	40878553	0.0258914918551733	136	0.0332144407460682	9.1748361739085	7228	6.39593394776352	13	13	0	-6.74746250188301
chr5	40885452	42156572	0.08562561222763	163	0.072024879566217	5.74636421153076	7258	4.37162910089907	16	15	1	-6.74566208549737
chr5	42379855	46206800	0.108809863196787	46	0.10431824218311	0.755528157259098	2169	1.8601657554736	3	3	0	-6.74395760352227
chr5	49599598	49666481	0.445603089447033	78	0.143183818548417	1.30982215359342	1096	0.879199691312283	7	4	3	-6.7383866742056
chr5	50399214	176590548	0.498925854243137	3433	0.0906763609864611	0.977531683777374	156952	0.381968777807652	4	2	2	-6.73416628763096
chr5	176599137	176890742	0.168417285751694	37	0.0941904498388284	2.64147807773832	2254	2.07027995815288	13	11	2	-6.7339545630841
chr5	176893105	181281769	0.498891794762162	437	0.0862533538314492	0.993465622461337	16132	0.374397971203762	4	2	2	-6.73720995728223
chr6	168197	60964235	0.49892511273069	3303	0.0900925845558612	0.981360542094908	124677	0.366867155598049	4	2	2	-6.73478836935864
chr6	61181989	170594710	0.498918806742402	2514	0.0890720214807128	0.953314146845341	119681	0.369212678245495	4	2	2	-7.05380337246511
chr7	37991	58100473	0.498906759363924	2357	0.0934084381940536	1.00970573587568	85128	0.417769219391953	4	2	2	-6.91857777861981
chr7	60958088	152403457	0.413540089879628	3740	0.108473371830693	1.19207883978564	192890	0.50062319362652	5	3	2	-6.73695784254889
chr7	152403460	152416484	0.342514860168642	71	0.116308429205391	0.765055452591126	186	0.264821493013448	3	2	1	-6.75530464762321
chr7	152429815	159267643	0.411707884333498	303	0.107470979482577	1.19382812863579	11307	0.506500118843773	5	3	2	-6.73356208846976
chr8	213654	43618035	0.498901396030072	1732	0.0963975917295637	0.991500985171912	64880	0.404189267815879	4	2	2	-6.75897122600923
chr8	45952307	145055416	0.498916159028671	2233	0.0923235666940784	0.99662377202095	111896	0.391896180201501	4	2	2	-6.85491381139874
chr9	117877	3056290	0.469918927921029	91	0.0955379000925306	0.914414900091694	3361	0.433503036347774	4	2	2	-6.83521464469476
chr9	3617602	33797591	0.12136619375396	515	0.0815230157247408	0.568289014676634	18616	0.204652460108959	2	2	0	-6.78319444979588
chr9	33797592	33798114	0.44648723158744	9	0.112085656729327	0.594847692222455	38	0.119393548174353	7	4	3	-6.76075529212526
chr9	33999043	34513218	0.105816049046064	21	0.0697944260293177	0.561486582124204	1330	0.215469212936549	2	2	0	-6.80424293889451
chr9	34609554	38725911	0.49886480014324	291	0.0896188060319736	0.989191059331665	13593	0.345118947736199	4	2	2	-6.7353820553363
chr9	38800538	43250594	0.469678537955445	281	0.130618616121433	0.934611159635018	2375	0.410043445084682	4	2	2	-6.79907533151921
chr9	61173542	67800317	0.141997547932074	150	0.144631749309332	0.945937732408504	1840	0.617925116213115	4	4	0	-6.87236350594535
chr9	68449111	137096094	0.090433822059182	2639	0.0743801807528295	0.784979008799392	112475	0.287741277618358	3	3	0	-6.89691449446852
chr9	137102167	137103637	0.354666273924774	13	0.114849176459099	0.72001943282409	236	0.0647240267549828	3	2	1	-6.73882537767135
chr9	137104028	138177100	0.0863879086049623	106	0.0936099000493094	0.810142784265858	5032	0.251503380845142	3	3	0	-6.76314387658194
chr10	47876	11916493	0.122984613136397	344	0.0847593041299038	0.554358313654875	9342	0.204316341931323	2	2	0	-6.77406511567795
chr10	11917455	12094550	0.49865476722255	18	0.121480679762486	0.625296359147849	600	0.213304356157095	2	1	1	-6.75906097656741
chr10	12098031	38655346	0.123353460757483	694	0.0933670244365003	0.555383819675242	24897	0.205628560625194	2	2	0	-6.7982321538456
chr10	38681077	39114427	0.498452629784901	38	0.136816060548086	0.689081721382076	169	0.314642465271903	2	1	1	-6.83921395146563
chr10	41859871	41911283	0.482846710754202	40	0.136471834231322	1.23348475844225	409	0.379812118802749	6	3	3	-6.74573917001075
chr10	41914647	42278382	0.0732099832253585	10	0.145713417364359	0.839803439709812	119	0.470623335466365	3	3	0	-6.75352616065848
chr10	42279754	42280334	0.498986413944044	11	0.0920231196246603	0.730830640836822	20	0.21214277094249	2	1	1	-6.73363168953762
chr10	42283185	46330154	0.114840786072823	146	0.0967317307191227	0.579442701423531	4723	0.18759419294153	2	2	0	-6.80717064369952
chr10	46337486	46584599	0.105055398567996	33	0.141060499056041	0.552702175733348	295	0.17669857633501	2	2	0	-6.75322978004913
chr10	46631364	133787159	0.117409506758673	2119	0.0870143397442181	0.587828342057307	94626	0.199105582715547	2	2	0	-8.58472240548443
chr11	194441	50553162	0.368885940594077	2156	0.0961413866449716	0.778464780314984	78445	0.258511174455789	3	2	1	-6.77840025543909
chr11	54603136	134986767	0.363391880442831	2674	0.0953931983925041	0.780798404450227	139461	0.264498319408723	3	2	1	-6.84640296039533
chr12	49636	34276742	0.333680167172211	1921	0.100121588409941	1.06653371479137	69844	0.403754085056326	4	3	1	-7.66547051449636
chr12	37561781	42235799	0.270129544771323	136	0.122913380591945	1.49098847788047	6933	0.75173959700203	7	5	2	-6.80776680452813
chr12	42286757	45672610	0.185630787721779	216	0.117611025395469	2.37683130953828	8460	1.747892939666	12	10	2	-6.74058960323038
chr12	45825735	47077656	0.499532659453497	21	0.0435942875244212	0.943844504443328	1691	0.309180627195911	4	2	2	-6.74354531937249
chr12	47116976	47405848	0.158840894449024	23	0.136874802145795	2.44478880436272	1187	1.99513561561215	14	12	2	-6.73526384264583
chr12	47448218	48569718	0.499085691648969	100	0.0819824143498242	0.96182606307534	3733	0.331173370554998	4	2	2	-6.73500882264275
chr12	48616564	49243210	0.302017251547963	113	0.122893358872102	1.6160372315306	7211	0.679699318156613	7	5	2	-6.73349833075831
chr12	49262140	50843019	0.498842826225829	151	0.095561902778739	0.952056179202463	7276	0.348437151947424	4	2	2	-6.73916296730941
chr12	50863056	51713076	0.304138740708131	97	0.122744828629668	1.55612176918215	4971	0.744557329231831	7	5	2	-6.73390446740278
chr12	51758731	52206418	0.49940622988032	32	0.0541414571195887	0.977951750027673	1733	0.307489282367669	4	2	2	-6.73310469806601
chr12	52229200	52512752	0.205761479329653	127	0.0813616473548346	2.4415959270202	3503	0.818489076580488	11	9	2	-6.73515151462541
chr12	52515088	53164202	0.271421838106271	213	0.0908970825080124	1.81395757183578	6897	0.684556080608264	8	6	2	-6.73314200988039
chr12	53170081	53366019	0.499335852742501	25	0.0619794858535198	0.969688574278829	1823	0.264583891141371	4	2	2	-6.7332495350325
chr12	53383387	54253530	0.207978792909478	94	0.113064591812632	2.16199949741743	5841	1.28788196934508	10	8	2	-6.73975148910485
chr12	54281329	54647295	0.489403874540781	27	0.102532685359116	0.95366619434147	1994	0.310091911880338	4	2	2	-6.74099094765547
chr12	54726097	55695022	0.292124598101938	40	0.118662284743354	1.54342117591442	2749	0.594324696700069	7	5	2	-6.74276858582621
chr12	55695128	56044133	0.488083110467932	40	0.0694665387074957	0.95854373439638	2655	0.337585169118849	4	2	2	-6.75144859379738
chr12	56051481	57526585	0.254562685696901	224	0.113900683540893	1.81258804707478	18949	0.823079448256655	8	6	2	-6.74429815590849
chr12	57542216	58096523	0.183269302572344	102	0.0947760036905869	2.67692438608493	6606	1.51249313427875	12	10	2	-6.73327710946864
chr12	58115397	60070272	0.346249442916347	53	0.0999850750836219	1.55159969211422	1603	1.09078339969082	6	4	2	-6.74537646308811
chr12	60131763	62613764	0.107288562791464	191	0.0946044498367071	3.87735663090985	6072	2.62468671583636	20	18	2	-6.73809255662928
chr12	62688944	63255971	0.358031624910921	39	0.116883103650734	1.7683680250862	1144	1.31427594495483	9	6	3	-6.74350209061589
chr12	63348133	63932990	0.170767167514676	71	0.104550037118929	2.93691568207033	2312	2.04912607961801	13	11	2	-6.73313885960449
chr12	64026513	65485561	0.0966856724145768	309	0.0798946346755466	4.51720911189257	12621	3.78059530703435	14	13	1	-6.74443947818755
chr12	65487922	67352852	0.232169809078153	114	0.119099747621724	1.94174075613737	4025	1.17950846269637	9	7	2	-6.73864862380621
chr12	67464569	69347653	0.0776910270455107	343	0.0661532862059223	6.00313972585716	13904	4.39026342265538	17	16	1	-6.74720909872726
chr12	69350912	70883266	0.108634882375827	290	0.0806377532532469	4.22636417877111	9638	2.73541419260155	20	18	2	-6.73532927020372
chr12	71139142	76221905	0.151336434649228	61	0.109356188468162	0.777162569072342	3075	0.742861239685747	3	3	0	-6.8891503410536
chr12	76300471	78337654	0.0846543150192449	43	0.0902230961976265	2.23562717483967	3015	2.93726114364161	14	13	1	-6.75085208365574
chr12	79059189	82853485	0.066152405328477	223	0.068145897379794	5.62114642052003	18342	4.26508243995796	20	19	1	-6.74195208850287
chr12	83000429	86706578	0.100757805673153	68	0.103730837742971	2.31943015305462	2615	4.43006410695496	12	11	1	-6.73673911168641
chr12	86707835	87814350	0.264387378510337	31	0.111012902475924	2.14125208918671	692	2.22507110253429	8	6	2	-6.7384127268376
chr12	87817185	89099608	0.0979529283196958	73	0.0767331853578347	4.41828666960444	3979	3.12812402231875	14	13	1	-6.74732812097622
chr12	89146525	91962984	0.231660877496281	26	0.117520047389633	1.70423056463896	2543	1.57114850726784	9	7	2	-6.75766520860065
chr12	92111720	92789119	0.499135307243155	28	0.091255289040021	0.99087091893848	722	0.668581337395934	4	2	2	-6.73321736404202
chr12	92866029	94446432	0.114318716155302	29	0.114658660267702	0.801651340585288	1673	0.859262425680973	3	3	0	-6.75218944363554
chr12	94453967	95577083	0.0718359313723001	531	0.059681226416306	6.72615646575637	16700	4.42107329310046	19	18	1	-6.74323217534643
chr12	95578812	96237775	0.105690687515687	196	0.0750492829532359	4.0332636227485	6065	3.10107437905587	20	18	2	-6.73982821565802
chr12	96250161	96545058	0.216019589198721	23	0.0901489763927691	2.40564484525618	1445	1.71100625502118	10	8	2	-6.73438405029523
chr12	96546503	97772180	0.138233673600076	136	0.0836450975374405	4.2613596709427	4411	3.01990409656251	16	14	2	-6.73692035770983
chr12	97781840	98422953	0.0528232992961488	72	0.0836957938936776	7.23767141648395	2508	5.08256923159143	20	19	1	-6.75027891742208
chr12	98432262	99246152	0.128897555002775	96	0.0956301881977487	3.3305577838736	4084	2.72240057251757	17	15	2	-6.73471517935648
chr12	99246650	104385572	0.11934619106375	175	0.0748081346612402	0.629491354690783	7536	0.564697128127829	2	2	0	-6.86479118685174
chr12	104394727	104525170	0.0560629491017514	32	0.0497310407219708	6.96690070780065	934	5.05046850262468	6	6	0	-6.74417301787764
chr12	104591511	106254087	0.498519730354793	36	0.131754494516873	1.4722608964491	2899	1.31076751108802	6	3	3	-6.73478091278085
chr12	106259830	107766786	0.123981660753227	35	0.105381994220466	0.569300061701018	1810	0.376042097139398	2	2	0	-6.73588190623012
chr12	107770191	108053064	0.0617910937556375	99	0.0540913262258523	6.99214203196218	1813	4.63065283877008	20	19	1	-6.7373697959014
chr12	108058181	109517903	0.498826022820681	131	0.101632947506162	1.02659476574251	5429	0.527263723228272	4	2	2	-6.7402237058689
chr12	109526297	109980830	0.326094015790562	48	0.117766357223177	1.6358772824898	2671	0.819146797329186	7	5	2	-6.75190708970642
chr12	110097902	111292819	0.0674001798532617	272	0.0727890628226131	4.568461192393	16740	3.32346993704223	20	19	1	-6.73376253608721
chr12	111301696	111897119	0.328275058609512	62	0.119152107613798	1.28824404990708	3423	0.609405382249929	6	4	2	-6.76052671602984
chr12	111900735	112172910	0.122457069549511	19	0.0959184900065999	0.547440067035921	877	0.19396033635878	2	2	0	-6.73997529355201
chr12	112223459	115855310	0.498772106780654	158	0.108717573388689	1.19409145301317	8385	0.727605695341779	6	3	3	-6.83125185395768
chr12	115888892	116686476	0.10568432353508	172	0.0883653419986064	3.81891742186785	6558	2.64165016570012	20	18	2	-6.73881416900787
chr12	116699213	117597058	0.498951250938785	58	0.0959349257666424	1.0789886806056	2397	0.663201685712525	4	2	2	-6.74468035342062
chr12	117640604	117914157	0.11700735634724	14	0.116608954851882	0.55138381908294	202	0.268779148610063	2	2	0	-6.74139051022324
chr12	117950205	118453384	0.312074837810977	40	0.102184988109173	0.939827008724482	1644	0.355726283705292	4	3	1	-6.77189612605943
chr12	118521564	118767547	0.0870742366775662	11	0.107484036869752	2.52063542425092	570	1.39721642555662	14	13	1	-6.73709125140986
chr12	118804752	119335322	0.499022265067468	26	0.110052889382962	0.963377236379963	590	0.334198371382164	4	2	2	-6.73380755429272
chr12	119392835	119676702	0.265313121311975	36	0.121559009773619	1.87603193959398	1139	0.989057263197332	8	6	2	-6.7342066861306
chr12	119698124	120324962	0.483385190277549	41	0.0609036924668576	1.0138309726027	3278	0.394589503777194	4	2	2	-6.78031785975879
chr12	120333096	120514432	0.135449174271619	87	0.0987629134410852	3.1989772540339	2749	2.49310645530949	17	15	2	-6.73380367816824
chr12	120515955	121552975	0.277227068061245	196	0.127877279094584	1.69547775622763	7540	0.946176163790666	8	6	2	-6.73789522950028
chr12	121641283	133221076	0.119135933885081	581	0.0879341466284435	0.614848816569934	19068	0.396548559360096	2	2	0	-7.07183708357865
chr13	17907340	18670971	0.498505863914682	35	0.130786129863628	0.664999647011944	422	0.596365692359595	2	1	1	-6.76891558616052
chr13	18706905	114354014	0.49890753230852	2438	0.0892380295909632	0.962944163620976	96044	0.387325334429698	4	2	2	-6.83500361623826
chr14	18330642	19936715	0.289543683105211	99	0.0919443144372091	0.916412489344889	2166	0.264253553246377	4	3	1	-6.79286626622312
chr14	20014312	105149311	0.498924007361997	3120	0.0877971224203894	0.943385333380252	144562	0.356509467367822	4	2	2	-7.23779346451972
chr14	105151204	106874867	0.498779371048956	321	0.107886976273935	0.928967847670187	6697	0.275218854418731	4	2	2	-6.77033651439526
chr15	17081956	17082007	0.396320128273035	2	0	1.22401897421262	5	0.0750219967742794	0	0	0	-Inf
chr15	19877285	28789528	0.498746661304048	473	0.120599423164144	0.562320712272145	9699	0.193958950391095	2	1	1	-6.73312969341848
chr15	28806875	54300157	0.359748104015222	1255	0.0963325220608849	0.781967715099894	49666	0.273960530666862	3	2	1	-6.77694362579635
chr15	54332115	59680721	0.219641349865754	316	0.101215934570057	1.26835751596556	11934	0.573318539300824	5	4	1	-6.79306968703084
chr15	59682282	89518831	0.187008643010251	2056	0.0959427566944425	1.56198796081397	99944	0.772559589393046	7	6	1	-6.76222114558662
chr15	89537802	90383898	0.135903942976864	261	0.0739212427697613	2.0752222421079	8391	1.08026828799855	9	8	1	-6.73459733303056
chr15	90388488	90916509	0.0714796735538336	230	0.0605244160351542	3.64309069312183	8022	2.21645126670386	18	17	1	-6.73341231086303
chr15	90935314	101870499	0.498851281587975	303	0.0959801554431511	0.572434375005997	8372	0.242275105991181	2	1	1	-6.76649332161161
chr16	11651	36104296	0.397607940442042	2399	0.102023144917713	0.86051275943878	93998	0.305510982797841	3	2	1	-8.77929261309534
chr16	46383416	90099701	0.389760075657356	1771	0.0978599327537705	0.721995877498348	75469	0.246017706800695	3	2	1	-8.21327232384932
chr17	189801	20482300	0.498905238779101	1294	0.0886252371754921	0.570658693879745	51759	0.185678195351461	2	1	1	-6.80371058841955
chr17	20490406	22412465	0.496198215316809	305	0.11656098730649	0.589224360560815	2506	0.239042861634012	2	1	1	-6.77650763987096
chr17	25074459	39405360	0.350143002152685	610	0.100096624036897	0.782565129115289	32885	0.279172419324469	3	2	1	-6.77152540977014
chr17	39451799	45475784	0.115654234800722	429	0.0729558545048534	0.572509428013311	23793	0.180463322991455	2	2	0	-6.7897819022629
chr17	45537693	46185130	0.323081008142802	11	0.0774239803114818	0.548909878995741	1091	0.208543279873475	3	2	1	-7.78852413894302
chr17	46207234	57872939	0.119260477664126	329	0.0813692531151015	0.572777272925328	16062	0.192698344758796	2	2	0	-6.80344019591415
chr17	58157566	83135688	0.359873149189525	1891	0.0945767065379604	0.789721138154217	70919	0.27281620022983	3	2	1	-6.85136631757112
chr18	47898	155712	0.322586548569161	28	0.11826713440075	0.984768462370391	584	0.317463596006458	4	3	1	-6.78582747847874
chr18	166819	15341512	0.498886759815892	619	0.0835211966960242	0.971265489511905	22311	0.381261491718352	4	2	2	-6.73699856342448
chr18	21077220	80250865	0.496701067358532	1340	0.0866473444859459	0.957616891323037	59124	0.398066905178528	4	2	2	-6.84049837413403
chr19	107456	24394098	0.472775311791025	3430	0.0848206126655448	0.847973700359071	121954	0.294025379423014	3	2	1	-8.8134965444485
chr19	27392072	58586610	0.498929137851259	4088	0.0879642958907435	0.989090754727461	157577	0.3498461880132	4	2	2	-6.74939661633696
chr20	82090	25455830	0.498897350543923	932	0.0830496665229515	0.981106371479032	37101	0.373196980090655	4	2	2	-6.73367708762497
chr20	25475533	26129638	0.237658041561861	34	0.128823294386033	1.00289731013016	1106	0.374377418638151	5	4	1	-6.8116145398613
chr20	28559767	31241865	0.498703453452041	496	0.129195461930799	0.934485869638526	2459	0.365291794795081	4	2	2	-6.75900785266309
chr20	31605574	64302606	0.498901104598691	1617	0.0894304631655159	0.968534665159953	79935	0.366606695330115	4	2	2	-6.74969463153708
chr21	5218123	13113074	0.379627247958383	534	0.131419791188297	0.712358809853424	3374	0.356283072680953	3	2	1	-6.96368992692288
chr21	13255471	46602462	0.498903746817229	1395	0.0875987054971372	0.956395382740819	47683	0.354349855938667	4	2	2	-6.81828834537616
chr22	10663679	12797396	0.450247606558449	581	0.130483411231329	0.740828390523645	2638	0.319788489298078	3	2	1	-6.99856177304524
chr22	15541395	16553149	0.498579789610671	75	0.13459594119953	0.955120132055915	827	0.357777874527025	4	2	2	-6.73596920847426
chr22	16554896	50808396	0.498923907033537	3104	0.0873895979149583	1.00158360555214	109242	0.392258663336675	4	2	2	-6.8022582748928
chrX	278445	55220607	0.498892128262592	1656	0.0917002983175706	0.991219964519981	83999	0.389983776652466	4	2	2	-6.76669662170621
chrX	64337224	155985886	0.498887790573214	1097	0.0974428270077488	0.988460608472998	105026	0.381636710427723	4	2	2	-6.76837913999732
chrY	10796683	11747664	0.337857535456269	74	0.131287719144156	1.11816855620005	690	0.64724010703907	6	4	2	-6.80488223021375
chrY	56829711	56884113	0.490875107675301	153	0.122116221350924	0.776786950605015	471	0.296233108175885	4	2	2	-6.75621020635145
