chromosome	start.pos	end.pos	Bf	N.BAF	sd.BAF	depth.ratio	N.ratio	sd.ratio	CNt	A	B	LPP
chr1	13273	284929	0.301321621293172	9	0.136817498068697	0.984754211839331	207	0.497896437413639	3	2	1	-6.83719030352145
chr1	786325	1624723	0.0165866794124625	158	0.0763831140347845	0.471819045207393	4290	0.142423082200367	1	1	0	-6.74015722552447
chr1	1630562	1640584	0.325114349371092	9	0.0913693663713999	0.491191738857814	90	0.115911245588737	3	2	1	-7.1706393808198
chr1	1684557	2644372	0.0140192274327821	111	0.0532350220021328	0.472067263151335	3207	0.156743851406168	1	1	0	-6.74588041295177
chr1	2652346	2654228	0.209068144687878	9	0.108376658003465	0.404470471934109	37	0.174729241421715	5	4	1	-6.84223399169331
chr1	2783572	13178963	0.0143023475441185	613	0.0517712097528386	0.471327956233595	19814	0.162803086411488	1	1	0	-6.79018791624217
chr1	13225068	13245913	0.411117239021968	29	0.123352143197948	0.404250672738838	112	0.171272967909941	2	1	1	-7.29819725652349
chr1	13326354	16539538	0.0150922443059954	227	0.0572661334690362	0.471697254639012	6444	0.165747999487947	1	1	0	-6.75367371389689
chr1	16548994	16760970	0.498579900096091	126	0.143998003733958	0.50813093297409	1003	0.181613588356293	2	1	1	-7.82173665273738
chr1	16856774	21986704	0.0173750761839098	266	0.046412012040877	0.465286201321858	11559	0.156134016882628	1	1	0	-6.73485613089438
chr1	21989169	22002853	0.00557322639661201	11	0.233010885426567	0.553655235617809	71	0.250712269850363	1	1	0	-6.7392376688994
chr1	22002914	58356754	0.0134113683535389	1163	0.0565484893422645	0.469606240907511	67561	0.160732229423667	1	1	0	-6.84257411548964
chr1	58488709	58661352	0.498800327212321	9	0.22013638449329	0.48048765536742	189	0.155995188084095	2	1	1	-8.10527798860786
chr1	58665416	77076178	0.0161007948433612	238	0.0488880964068642	0.469275718894112	12626	0.172581372177973	1	1	0	-6.7759694510526
chr1	77351129	78629896	0.288836329192233	29	0.135594431130834	1.41045729685613	3210	0.613748048550891	3	2	1	-6.80652932931144
chr1	78641214	83031247	0.0134938308705521	24	0.0375808307595736	0.449075489535553	1240	0.187992315362964	1	1	0	-6.83184738683719
chr1	84086053	84952194	0.219522917915699	46	0.0949100871229247	2.32541582163355	3171	1.00965796818022	5	4	1	-6.75299482219365
chr1	85082262	86743270	0.0104841693854412	46	0.0296426706405701	0.466450683799549	2144	0.158526181317487	1	1	0	-6.79009284889411
chr1	86862175	87309736	0.323840744191748	34	0.12373734833327	1.56658287076868	831	1.24102756428423	3	2	1	-6.74201692695654
chr1	87325064	89583481	0.320890335544108	111	0.0879641288292447	1.36775605370161	3985	0.489616300041543	3	2	1	-6.75005747515277
chr1	89712777	91937632	0.00995102840016304	34	0.0278307848374822	0.479500621976226	1677	0.172596533239759	1	1	0	-6.84982560725358
chr1	91951722	109924188	0.201434219521133	955	0.103212572496479	2.26882154747873	52420	1.18312321479767	5	4	1	-6.73366360396704
chr1	109952252	110899236	0.0222098029669116	23	0.0658411671261799	0.466685549686469	1435	0.141708470240516	1	1	0	-6.73463645796996
chr1	111118005	115640162	0.195519767486199	343	0.0984577897095586	2.24076342985549	22367	1.09569931201645	5	4	1	-6.7360153821775
chr1	115663058	120083295	0.322699009484308	161	0.0952798008515475	1.36560646870205	10646	0.471934771165675	3	2	1	-6.74445390681541
chr1	120157252	124514261	0.045295307135594	31	0.14556394596737	0.552285363234387	1062	0.290730974216714	1	1	0	-7.56066972735933
chr1	125066017	248945580	0.331564907994792	6153	0.102193705439945	1.36479031298119	300998	0.541767636640684	3	2	1	-6.74259215663639
chr2	41404	87369469	0.00909360700508036	2768	0.0347953799138028	0.924911385126368	132274	0.335642114639683	2	2	0	-6.8440328704067
chr2	87400066	87873001	0.388376869497459	9	0.161865770865176	0.888007473587339	245	0.323509737541818	2	1	1	-7.00731051662595
chr2	87877619	89664537	0.0135123602680117	73	0.121984497605278	0.932688527874129	3240	0.336113117674932	2	2	0	-6.73895997757221
chr2	89757618	89843431	0.38097236256976	17	0.130732804515434	0.849309062135657	182	0.422594441429396	3	2	1	-6.86715581835668
chr2	89843561	90281092	0.00478782513410014	14	0.0377674346610823	0.848797347088826	774	0.358494590854355	2	2	0	-6.75451761327626
chr2	90295590	91987666	0.495650828214412	90	0.146196034144229	0.902366496387765	1168	0.338731457715484	2	1	1	-6.73429551026933
chr2	94190317	95935361	0.0156739847170073	37	0.118717767871572	0.913149494361668	2776	0.314595816686922	2	2	0	-6.7344808566656
chr2	95935405	95957191	0.367925801363175	64	0.10638944630796	1.16643832881037	267	0.336433397266222	3	2	1	-6.79065571417586
chr2	95980545	96999472	0.0103850512466869	30	0.00974054212657284	0.907252673840974	5419	0.26889170998897	2	2	0	-6.73408377993263
chr2	97151732	97167955	0.358489425528007	32	0.115119275452225	1.18596972461793	163	0.346070104941028	3	2	1	-6.75818974157354
chr2	97181750	130176900	0.0094733345564616	693	0.0705820556604462	0.914926924454078	42871	0.355786816068513	2	2	0	-6.73653032184169
chr2	130213245	130248649	0.428206524806456	9	0.161691664733976	0.894556712161038	162	0.304968256276115	2	1	1	-6.84911904744938
chr2	130251889	160940818	0.0121268740208829	716	0.0511559754121605	0.907626378482222	32319	0.330655988530481	2	2	0	-6.73590191591
chr2	160941002	161278987	0.0371128420234181	9	0.183451704210612	0.889522958331064	322	0.272475510129417	2	2	0	-6.74760834624239
chr2	161367984	178366118	0.0115205729922239	380	0.0283978768782613	0.934256557158045	26662	0.333821706729045	2	2	0	-6.79421408403453
chr2	178432094	178779159	0.0414360311911751	9	0.185485848516807	0.89151064579742	7292	0.185355362298602	2	2	0	-6.75294160724398
chr2	178779207	238446572	0.00806058295400019	2059	0.0303100299313525	0.925364582575548	99056	0.323672782713039	2	2	0	-6.82228387707127
chr2	238576088	238895139	0.0341931278879352	9	0.101612963958564	0.950398939353226	187	0.402972868100096	2	2	0	-6.76900414176156
chr2	238935604	240630429	0.0115018500947565	84	0.0153822027986067	0.901526526551425	2743	0.285199066746374	2	2	0	-6.74000509344777
chr2	240640541	240728366	0.0405286936778401	9	0.127079808694292	0.938661144647604	222	0.333901748001557	2	2	0	-6.76789286184117
chr2	240741385	242183407	0.00852536309965735	215	0.0224211385728091	0.906399644727562	6590	0.279755786361622	2	2	0	-6.73586346157881
chr3	39505	90507212	0.498917892768047	3235	0.0859762165829704	0.909818013684328	146639	0.321955264944734	2	1	1	-6.73353934060151
chr3	91451656	198150648	0.498914507174926	3343	0.0880504503887176	0.917602116536179	148370	0.329775901163846	2	1	1	-6.76719276963301
chr4	46210	3524918	0.0177506627210167	225	0.0538977574113084	0.472442579070561	9850	0.156970798956487	1	1	0	-6.75848605971193
chr4	3555591	3889985	0.0436896416386341	9	0.22942996994968	0.473304696499067	189	0.174716986056611	1	1	0	-6.7419920711792
chr4	3902234	9669401	0.0171647523438887	337	0.0448062161354916	0.46068817531057	6973	0.16010915212041	1	1	0	-6.74358755856968
chr4	9716757	9754861	0.497986786227345	9	0.187319246208178	0.430750031945006	67	0.165620672459955	2	1	1	-7.16720836417912
chr4	9754867	49016897	0.0132468890105802	725	0.0496916103988131	0.466686110321958	24456	0.172440303801643	1	1	0	-6.76155325847358
chr4	49061855	49711661	0.495819651912663	145	0.143428888557351	0.840174875240673	1530	0.361785520421962	2	1	1	-6.7527921067613
chr4	51848345	87615197	0.0134030482342715	791	0.046530137088168	0.462807373269031	28150	0.167276978067155	1	1	0	-6.75294787464684
chr4	87615305	87616109	0.0914552576894554	10	0.159118963183036	0.381301658756948	34	0.104855375315815	1	1	0	-6.85463625038368
chr4	87616154	189732627	0.0146987821010623	1265	0.0470214586803161	0.464453342529823	61221	0.16852013615883	1	1	0	-6.73957323729624
chr4	189881300	190179746	0.498489575270255	31	0.137351577762975	0.60949333793386	379	0.198672828569413	2	1	1	-7.3875752645114
chr5	110077	404486	0.00999269101422684	59	0.0511503382306555	0.487343532158599	767	0.417560272364829	1	1	0	-6.75650746518927
chr5	407689	619218	0.273137981782311	23	0.0964536178443137	1.73749247775346	1166	0.622279566989378	4	3	1	-6.76075698361315
chr5	635559	893271	0.47314413145669	29	0.177982058928681	0.586471664958349	968	0.605830524484754	2	1	1	-6.82713633335336
chr5	955022	1481148	0.248009000429685	99	0.0856083050914982	1.87419690110336	3579	0.841164848375327	4	3	1	-6.73536736786828
chr5	1494794	3113208	0.297835990290027	57	0.119141101767299	1.22260517336881	1398	0.613203660293838	3	2	1	-6.82051494510691
chr5	3599206	16979403	0.0138775792869079	301	0.0597864577606122	0.480363745794099	8311	0.264289463638946	1	1	0	-6.86670718622143
chr5	17016496	17719563	0.29190014381114	69	0.114778672447297	1.92538251737374	1735	1.04075666627667	4	3	1	-6.8044997492019
chr5	17895161	18757686	0.0554747305320964	11	0.0953470216915796	0.555231638028953	177	0.289684266828332	1	1	0	-7.00727825534229
chr5	19028809	22592676	0.494133342079188	85	0.107448746168679	1.22567216184705	2350	0.66244351368567	2	1	1	-7.13678473585461
chr5	22779750	25973557	0.190443515216236	117	0.109149870469008	2.10555878586321	3577	1.08492248810937	5	4	1	-6.74734266079114
chr5	25997004	27837079	0.411940808365636	27	0.0925834343049139	0.909533953598947	797	0.900138498235689	2	1	1	-7.23194084174766
chr5	27853205	32764466	0.248912532093917	317	0.109337576369504	1.81847656726249	10313	1.03757586270558	4	3	1	-6.73388354599178
chr5	32784670	33336151	0.0472704184375157	9	0.0939722181167273	0.951109401137993	261	1.05037388076338	2	2	0	-6.82652304443465
chr5	33365377	45847891	0.345809190371856	473	0.0996623867370846	1.40300184002002	25259	0.609935922873806	3	2	1	-6.76180899358675
chr5	49599598	181281936	0.49891766098189	3761	0.0894243888576277	0.915836881595119	182872	0.329706438463774	2	1	1	-6.75667134391247
chr6	160049	60964235	0.328213650295445	4624	0.10263914634667	1.35891746521042	181896	0.535541186378157	3	2	1	-6.73640965013941
chr6	61077116	65361582	0.363939899769595	91	0.098370249480755	1.33208407635603	3543	0.544518814148035	3	2	1	-6.78545928282661
chr6	65367981	116342568	0.01414149101471	727	0.0510408267748011	0.494645889103604	32525	0.357375412283114	1	1	0	-7.5667664111682
chr6	116399324	116532348	0.037801457553177	9	0.221133883528609	0.470702169861417	239	0.139202834883052	1	1	0	-6.7378318568782
chr6	116543407	127978324	0.0124390185065637	171	0.0322584836829297	0.473896542633007	6711	0.165201796842281	1	1	0	-6.86337238590269
chr6	127981391	129157850	0.497835545437736	13	0.18445296808644	0.454563929977323	595	0.154807311239368	1	1	0	-9.30263984062569
chr6	129158377	159710888	0.0146678441697459	832	0.0381594119890796	0.466740199141919	29269	0.163835372619528	1	1	0	-6.75997789458019
chr6	159711204	159712472	0.326880919268818	19	0.121543941949245	0.672961418637537	118	0.190625496629471	3	2	1	-6.74637214436156
chr6	159713090	170640200	0.0164303877683815	329	0.0909409510585583	0.457093846722769	9464	0.154038329344773	1	1	0	-6.8028250772449
chr7	31439	58100732	0.259484979034275	4541	0.106894816962147	1.77628519860962	161871	0.825969422952763	4	3	1	-6.74696744827389
chr7	60981598	65783550	0.246263284329126	374	0.122424798608151	1.82498046485826	10567	0.861773716019296	4	3	1	-6.73516640338754
chr7	65784546	65822082	0.498864330563503	194	0.0990139753778313	1.72416813727301	551	0.74559924876291	4	2	2	-6.7331897159438
chr7	65822257	100951933	0.259327368423679	2751	0.110630529651069	1.78955498637915	129564	0.864627766584209	4	3	1	-6.73688643489367
chr7	100951943	100970093	0.416886244031081	181	0.100734620570393	1.61636955842496	1715	0.393504590075391	5	3	2	-6.75594103230236
chr7	100970141	151980416	0.258492940428707	3370	0.106421745873007	1.75397764718974	162551	0.775211179405901	4	3	1	-6.77343482396314
chr7	151981035	152410768	0.333824946311991	99	0.127130292681383	1.60109019344102	3036	0.719211498964147	3	2	1	-6.74676985596126
chr7	152413623	159177989	0.264591979957112	401	0.106374355890047	1.75714572876494	18375	0.870476021318515	4	3	1	-6.74429966619225
chr8	233002	43292832	0.498896250682399	1947	0.0931619580190717	0.910845535367883	67160	0.33222227841753	2	1	1	-6.73312730688346
chr8	46035974	144999793	0.498909761266571	2691	0.088811375914788	0.907350983515701	116420	0.336976344822541	2	1	1	-6.7399083823422
chr9	117713	35725433	0.0167946829927689	608	0.0445857105636914	0.460562715833992	26958	0.166874838608365	1	1	0	-6.78832202849097
chr9	35735998	35870004	0.498802835769055	14	0.137668039177541	0.861349537985397	1304	0.247551125753565	2	1	1	-6.73713328627881
chr9	35906522	36643656	0.0234169141731888	35	0.107754724593722	0.516916473842479	1549	0.315355028566748	1	1	0	-6.78435509119474
chr9	36649217	37020625	0.49915147277501	20	0.100914554789788	0.882213854794218	489	0.342267616884708	2	1	1	-6.7349830887374
chr9	37132862	37516745	0.0312856746482041	12	0.0630951662173894	0.461151506314306	629	0.140803612656041	1	1	0	-6.75409256724708
chr9	37519229	43038135	0.498712034894165	422	0.135024330299912	0.862821798870857	5354	0.348217793806724	2	1	1	-6.81146629739956
chr9	61553477	68438014	0.395778673958828	177	0.125356961039456	0.82908824875275	2315	0.358836634094415	2	1	1	-7.391285799025
chr9	68449111	138199123	0.498925714289092	3408	0.0890911731034207	0.916293652289759	149072	0.321929688712529	2	1	1	-6.74861177114559
chr10	57196	38248142	0.498883495519349	1199	0.0928124794744969	0.909245738098943	59215	0.343948540789417	2	1	1	-6.73356344156372
chr10	38269590	39475579	0.498560884662756	77	0.137431320074886	0.902924487182505	707	0.361570609807939	2	1	1	-6.73349495625196
chr10	41850715	42280334	0.421202902843099	64	0.137483184397451	0.899761637295211	690	0.372909670334833	2	1	1	-6.92418641295382
chr10	42283185	133787094	0.498913834789345	3040	0.0892728934673914	0.915236309282401	154345	0.326254351183257	2	1	1	-6.74623303257835
chr11	219089	3433100	0.496671688876763	389	0.0884358632164783	0.906113065349918	17418	0.255643680485486	2	1	1	-6.73460830542794
chr11	3439786	3529319	0.2462337207809	14	0.0979286856468904	0.881294980240268	95	0.299217571688507	4	3	1	-7.02821128045664
chr11	3531536	50512765	0.498915025979604	1741	0.0798059797554157	0.912098164817274	79279	0.315310744943206	2	1	1	-6.73387842093714
chr11	54603136	135057684	0.49892731740319	3708	0.08694546259261	0.915627886244125	174377	0.310124319263897	2	1	1	-6.74813226700763
chr12	13488	34523014	0.498888625960828	1449	0.0942042764666286	0.919047587466461	67934	0.326339948821917	2	1	1	-6.7495368202307
chr12	37418138	133223702	0.498922544832257	3684	0.0860362211339403	0.919471051634457	202995	0.324928019700999	2	1	1	-6.78354839804901
chr13	18177561	18317758	0.297866345768052	30	0.160565913704242	0.604340506422303	269	0.323471788744431	3	2	1	-7.25046921198145
chr13	18413263	114354016	0.498904762963721	2768	0.0942285951250365	0.91425991558092	103306	0.349786107676931	2	1	1	-6.74055620058246
chr14	18330642	19936608	0.330715054432641	99	0.117853250187147	0.908269673760421	1933	0.267070553514978	2	1	1	-7.76952609681486
chr14	20034762	106874913	0.498920802327996	3491	0.0892132789452507	0.921829543193677	164342	0.331096331836558	2	1	1	-6.80333343291643
chr15	17081956	17082007	0.435576791655717	2	0.0268700576850888	2.465	4	0.12574047346287	16	9	7	-6.7388290535096
chr15	19964897	22387367	0.388599691290028	245	0.128524255202314	0.887413423226396	3335	0.349115693722355	2	1	1	-7.16092587972732
chr15	22387398	101980715	0.498923782692625	4023	0.0874769683594906	0.917879499896211	171471	0.329549305052243	2	1	1	-6.76065828464776
chr16	34130	35301693	0.498907709159874	2457	0.0937821583244719	0.917191978613366	110608	0.316698933793554	2	1	1	-6.74397508283506
chr16	46386441	46782201	0.394796846185503	67	0.123440198424438	0.891090120134148	2349	0.249776553089623	2	1	1	-7.14173940642711
chr16	46801274	90175110	0.498903874040165	2665	0.0899853089860742	0.914593794502611	100312	0.319454030551448	2	1	1	-6.73793070596674
chr17	138189	21340791	0.498913682369817	2320	0.0875451555323638	0.915224793176813	83193	0.317884076186676	2	1	1	-6.73631237324591
chr17	21340797	22717047	0.417790863042827	185	0.119198768763505	0.873694593114258	1525	0.374217866658835	2	1	1	-7.01574564834061
chr17	24421438	83158687	0.49892880892794	4016	0.0884327611717693	0.924062981784407	195333	0.322132030107268	2	1	1	-6.80509670813613
chr18	48011	110627	0.252459434742201	31	0.109655207428234	0.797452567647599	380	0.315845620362161	4	3	1	-6.97375586914601
chr18	110632	15341512	0.0151396270975792	408	0.0568880088392455	0.476223100969901	14360	0.187441950673583	1	1	0	-6.89623466608099
chr18	20954741	80169145	0.0162817780270154	848	0.0448376983325917	0.463389415990505	38293	0.171085143631612	1	1	0	-6.74231684029887
chr19	107381	24364762	0.498928363938477	3921	0.0849056103112499	0.932490580902202	145049	0.3131974306636	2	1	1	-6.81549794112222
chr19	27392072	58500660	0.498927842068369	3813	0.0861442434335568	0.913032753418434	163033	0.296807856378193	2	1	1	-6.73459604858142
chr20	113290	26132275	0.343046867606528	1539	0.104312238295449	1.31526680804403	55678	0.52935554052379	3	2	1	-6.78957051747617
chr20	28559257	31375438	0.496152317103386	664	0.131218169047253	1.1719204063375	4173	0.467303251818389	2	1	1	-7.18948503473438
chr20	31378311	64302540	0.341412956804884	2463	0.103774766898749	1.33418663256008	120135	0.524483607681057	3	2	1	-6.7552113435352
chr21	5218123	13096316	0.496078929862335	666	0.137778306689134	0.702622418813612	3889	0.293680701813009	2	1	1	-9.13744478986313
chr21	13255471	46692803	0.498902786497903	1386	0.0863804365514401	0.911591975468438	50921	0.326680934791426	2	1	1	-6.73333699364395
chr22	10685500	12797396	0.498704875036537	609	0.140837018533742	0.829007970234473	2813	0.315748863247763	2	1	1	-6.84311403990727
chr22	15330449	50778136	0.498918810457493	2935	0.089263514804645	0.918942250626379	113927	0.31318919799901	2	1	1	-6.75097663835318
chr22	50780578	50808390	0.486514212913974	9	0.145988393754816	0.725922211573601	53	0.292124619261232	2	1	1	-6.74817741570079
chrX	256750	58394685	0.498892002876547	1648	0.0917245497330111	0.89926251876649	88541	0.329255983776042	2	1	1	-6.78344784859729
chrX	64190230	155985886	0.498910648317494	1642	0.091851217495589	0.892886862425412	108098	0.317026927945759	2	1	1	-6.93807398669083
chrY	10796683	11743913	0.360723452473079	58	0.103903413022622	0.803984944264213	422	0.289486387801967	2	1	1	-7.75747451319206
chrY	56826657	56887102	0.498649793630465	181	0.132820615259595	0.90483074219005	626	0.40162657804763	2	1	1	-6.73310089762317
