chromosome	start.pos	end.pos	Bf	N.BAF	sd.BAF	depth.ratio	N.ratio	sd.ratio	CNt	A	B	LPP
chr1	133483	16512713	0.498906321475733	1380	0.0990431828514331	0.922658790525165	55432	0.458530959705997	4	2	2	-6.79536610638756
chr1	16517095	16941435	0.325432938541443	189	0.120511406044527	0.890293399843861	2443	0.484981940801996	3	2	1	-6.82424044140674
chr1	16942249	78015956	0.498925118567577	3304	0.0953098138753216	0.904687283977337	149576	0.438860091037091	4	2	2	-6.78770502540718
chr1	78493085	97828265	0.00528268143477045	314	0.0262190362614144	0.439909609314038	13751	0.182290796352569	2	2	0	-6.81974108623704
chr1	97898874	124377329	0.498891973816269	754	0.0916340210374478	0.886578498695432	36431	0.430949008053219	4	2	2	-6.73399451104778
chr1	125179174	143280748	0.261298183491211	19	0.159209266826008	0.864718444031882	754	0.301129790363072	4	3	1	-6.82897364296092
chr1	143747089	248945592	0.498931828354863	4739	0.0951182826925881	0.88748729210185	213846	0.421230179034397	4	2	2	-6.73479190066092
chr2	135953	2929166	0.338618592484319	142	0.126509915087802	1.38849782854396	3852	0.896164847849167	6	4	2	-6.73747904651538
chr2	2944951	69431994	0.49891470086486	1978	0.0920218692074974	0.893641774353847	98711	0.43726773981673	4	2	2	-6.73778351908918
chr2	69478860	71613088	0.00724720501025644	103	0.0417872103631407	0.447180750949736	3780	0.201200360506104	2	2	0	-6.73477316310971
chr2	71679148	72513097	0.49936071320008	12	0.0524256327543786	0.914329858933154	544	0.540382379498887	4	2	2	-6.73442579154487
chr2	72988383	73671232	0.00670438600439383	41	0.0314172742603686	0.487120518724088	1640	0.182718049462794	2	2	0	-6.82436467395054
chr2	73690164	90310327	0.498859258785035	534	0.116410416133158	0.920411193861687	23787	0.522376435913762	4	2	2	-6.77564928828353
chr2	90313813	91987666	0.498411457535586	71	0.153438288081877	0.875680111498294	1140	0.443159459012922	4	2	2	-6.73433366758902
chr2	94190317	95938982	0.441558680620411	38	0.152663188344116	0.900027589398713	2773	0.417219159506014	4	2	2	-6.82053967136401
chr2	95939023	95954125	0.0923674974038198	40	0.157608812635946	0.732264297475095	158	0.385002133223273	9	8	1	-6.8031321292891
chr2	95980545	113499804	0.498887781215151	643	0.103686957124492	0.902360116846296	31716	0.460301194445976	4	2	2	-6.74342821451383
chr2	113524095	113586512	0.0550840286587629	9	0.0695121891789091	0.747576911281787	25	0.396240234369673	3	3	0	-7.05128570493966
chr2	113600222	224031721	0.498916515250606	2930	0.0930615194609477	0.885362890786829	150750	0.421714607326361	4	2	2	-6.74089658971618
chr2	224170766	241572132	0.00454441510777454	696	0.0216263433463915	0.502577453146863	24928	0.253337585992262	2	2	0	-8.40576231395885
chr2	241589225	241851407	0.00088507114629599	49	0.00556104037640685	0.964501916590876	1547	0.514650234124974	5	5	0	-6.76937271269407
chr2	241871089	242183318	0.0491211618144498	9	0.120363108043029	0.937389020749675	330	0.566425634004924	4	4	0	-6.82328733787719
chr3	65582	14305365	0.00484476524784178	323	0.0293578322510681	0.457840838558701	14300	0.181012260579155	2	2	0	-6.8806117307394
chr3	14343192	75643712	0.494569132447733	1899	0.093416032198383	0.89197298331887	115745	0.41719739220916	4	2	2	-6.73678970748209
chr3	75665314	75698872	0.0970778618127919	24	0.0989081608127576	0.618295741957184	106	0.237169758484556	7	6	1	-7.15374910791965
chr3	75698969	90261565	0.49877573185245	170	0.0992881255893628	0.825493391177041	6051	0.394808105269794	4	2	2	-7.02983140073559
chr3	91404517	94533666	0.495231077200841	13	0.0990563812516219	0.788038566428723	875	0.53650060961539	4	2	2	-6.8284705165784
chr3	95023348	127030174	0.00205656941383464	660	0.0239537680178544	0.445214085813371	28073	0.185761240060852	2	2	0	-6.75045073686288
chr3	127032635	127716078	0.0555728419050643	9	0.189844746510873	0.4437037068689	801	0.195325763217578	2	2	0	-6.77587836571411
chr3	127721240	149519702	0.0062389280679841	240	0.0443148914699925	0.447666577381651	20540	0.183339301408126	2	2	0	-6.73450891474566
chr3	149644805	153276285	0.338964763331471	112	0.119140986086389	1.2859042578596	7501	0.744394136400438	6	4	2	-6.73896939729303
chr3	153704219	189544563	0.498874282892548	868	0.0930782147859377	0.882891308237778	43073	0.423280108447199	4	2	2	-6.73962936123893
chr3	189620094	198120733	0.00478168993938211	453	0.0840028657895713	0.428177499233728	10428	0.201497738969738	2	2	0	-6.95574653140724
chr4	68161	36621832	0.00517298404972605	896	0.0341719892472202	0.452430440407656	28401	0.198611504239027	2	2	0	-6.81463656896582
chr4	36826918	49061855	0.49659842976033	434	0.108896880105426	0.860447369263924	18067	0.419163348375273	4	2	2	-6.77909880836922
chr4	49102626	49154530	0.0530569750151028	17	0.154772793626848	0.0973870305205834	84	0.117214610509143	1	1	0	-8.06259644036322
chr4	49157695	49602976	0.143646013617685	75	0.152899869490102	0.816959835667141	358	0.520227183452291	5	4	1	-6.90858004082882
chr4	51838815	59512064	0.154786289364803	914	0.0913813020415397	2.75441454172345	29696	2.30142335884205	13	11	2	-6.73478405451752
chr4	59517725	60002779	0.194936028044213	21	0.117107907097522	2.52855555969987	373	1.58299331804644	10	8	2	-6.73644482477879
chr4	60072232	62539561	0.084536621659308	200	0.0726124065357606	3.9259983646454	5862	3.7370770582938	13	12	1	-6.74867816431908
chr4	62725843	106003774	0.00648520156513105	863	0.0214642398618355	0.434234136291674	31193	0.180103520940089	2	2	0	-7.33773456675981
chr4	106337071	107701319	0.277709979483943	17	0.162086033799773	1.48251719822591	874	1.09801025468845	7	5	2	-6.73619648132571
chr4	107720013	116606330	0.00877068463864444	161	0.108694302864296	0.495300682355635	6544	0.611876575333641	2	2	0	-6.88039542114084
chr4	116695854	117886704	0.498594085931901	13	0.125270118400609	1.20542451238601	406	0.615693163277731	6	3	3	-6.75181018898095
chr4	118255548	119740896	0.00749730319940956	27	0.0102006926752124	0.432869061322592	1758	0.172884170782582	2	2	0	-6.79915946264606
chr4	120091022	120552803	0.354965671233189	11	0.0864388380722041	1.29916991076201	244	0.691272165191454	6	4	2	-6.76883890350035
chr4	120671200	124062719	0.00784695103029709	69	0.0119691632775736	0.430049688881749	3010	0.168556375789505	2	2	0	-6.87130771711815
chr4	124239924	137885414	0.352422004681288	231	0.145316862843803	1.12712477029655	10453	0.834136172616821	5	3	2	-6.80028423689846
chr4	137983420	140390806	0.252072758156445	194	0.115529422717711	1.76756581498276	6742	1.14157677686671	8	6	2	-6.73313971545787
chr4	140395914	153381962	0.321360071539382	386	0.121404741412629	1.33171329402477	21378	0.816106690885911	6	4	2	-6.73941693871353
chr4	153397402	154842488	0.00272563221175071	71	0.0179550859275021	0.434501925620677	1921	0.159507028964784	2	2	0	-6.7696909454584
chr4	154889597	155223606	0.353959005621326	12	0.0728266413956438	1.25056463361301	229	0.650452986791314	6	4	2	-6.78011954333908
chr4	155336081	158215164	0.00564129059532215	34	0.043812881980657	0.435303499897374	1384	0.1868134534759	2	2	0	-6.7674435382167
chr4	158236767	164493608	0.365860831212072	196	0.121890451025837	1.27805709559849	6437	0.771029018087767	6	4	2	-6.78475311226657
chr4	164798490	165321930	0.0101481533682539	19	0.0199527218973029	0.445132269931229	678	0.188098353740431	2	2	0	-6.77285672233193
chr4	165329916	166740788	0.190393493517317	72	0.108491209447524	2.22225251268652	2502	1.92331362317933	11	9	2	-6.73824948428689
chr4	166772823	168685498	0.0117107539200723	30	0.02004331516388	0.483494293829802	1102	0.40386157105051	2	2	0	-6.84270535034334
chr4	168750236	175761432	0.151007410859301	314	0.120421870074715	2.19076480925233	13550	1.82349990899086	11	9	2	-6.78797372207134
chr4	176128703	179005848	0.498949248474108	77	0.0854419254508211	0.822146406822268	1931	0.390120808683386	4	2	2	-6.80248212627932
chr4	179053349	180706319	0.183129245505903	68	0.118022619333226	2.20099872584882	1313	1.95470120133978	11	9	2	-6.73576796928711
chr4	180772718	190179746	0.489465686075698	49	0.175898981039153	0.879084766531014	12649	0.469270882609216	4	2	2	-6.7386817766501
chr5	58660	848627	0.312493662083914	203	0.0994233900360992	1.22534923634873	3698	0.63125210626861	6	4	2	-6.76895426453519
chr5	850358	2755371	0.0165272494432462	84	0.100096508221407	0.481199023260255	2500	0.187715810821819	2	2	0	-6.91283671706604
chr5	2862460	5974039	0.498646538671528	123	0.12925182443465	1.04983023985169	2561	0.60670205011951	4	2	2	-6.86939964129643
chr5	6249084	18783305	0.00542582342969467	204	0.0726314558788227	0.49213630719616	7582	0.473367888494564	2	2	0	-7.02929524203916
chr5	19028865	20328707	0.131865044920982	70	0.0896764831804346	2.70204500598982	1898	2.17890710096074	15	13	2	-6.7403387085822
chr5	20617004	37605328	0.003930334784013	301	0.0428451873320608	0.469260745115147	10417	0.250983702131888	2	2	0	-7.09483442964014
chr5	37712232	40647196	0.115993229121003	74	0.0937620405695109	0.88864616250851	3291	0.426942237387127	4	4	0	-7.50385729378611
chr5	40647274	42327189	0.302603678982167	70	0.119123288953145	1.56102445764889	4174	0.780604759020429	7	5	2	-6.74424775984717
chr5	42357274	45596256	0.00671215197020159	40	0.00825704827125566	0.431691263154519	1804	0.184496256317432	2	2	0	-6.8267900212774
chr5	49600535	49661790	0.00346211794290274	23	0.0694352998810059	0.0255064228775487	58	0.0262673443981341	1	1	0	-20.0804503893917
chr5	50147623	100509172	0.498897344931091	1146	0.0902362306478727	0.883453948068798	54893	0.452445710400232	4	2	2	-6.73980297798193
chr5	100523131	101567546	0.203491890211233	23	0.132524947312116	2.15560619664477	1007	1.66826397690013	10	8	2	-6.73349118108898
chr5	101767296	110076985	0.498787728595038	86	0.117099032064887	0.843215749492608	4583	0.469514894896756	4	2	2	-6.79678415630894
chr5	110766290	111793713	0.259076123778865	36	0.117950066782381	1.77179232720658	1855	1.24160251963147	8	6	2	-6.73610578798645
chr5	111914579	113917665	0.483495933058419	73	0.104377869905586	0.924787417665	3129	0.5611422813835	4	2	2	-6.75379065124086
chr5	113984131	116133865	0.246980700036989	70	0.12747809376216	1.83008119602848	3913	1.28003122813548	8	6	2	-6.73427345389218
chr5	116412703	128966278	0.498729466031946	178	0.103862344900594	1.02815007253318	12405	0.585153041042153	4	2	2	-7.16295242535724
chr5	128985375	137929232	0.498851356889987	271	0.104569489755769	0.904527910136207	14826	0.503114905172638	4	2	2	-6.73910910710084
chr5	138006900	138403351	0.233304983914149	64	0.127868049548111	1.80442274001448	4324	1.02020469576857	9	7	2	-6.73935968992921
chr5	138405106	140275147	0.498820105398081	83	0.115239351524887	0.938117563144713	5592	0.488860689382443	4	2	2	-6.74640262012003
chr5	140286842	140556908	0.258606977644657	20	0.148208636725395	1.72846996059104	2452	1.00953659021421	8	6	2	-6.73487669837332
chr5	140598656	147907921	0.485054103760128	319	0.0897976000711021	0.886444531508227	17817	0.373249976340862	4	2	2	-6.74995913520184
chr5	148263754	149628840	0.252241967846767	110	0.124791089813124	1.79408470962731	5033	1.30471298316136	8	6	2	-6.73318858730802
chr5	149628958	152132008	0.1662960445403	495	0.0902703014838211	2.78390907633124	22688	2.00522835748945	12	10	2	-6.73387630834001
chr5	152228006	156897757	0.498785296208092	88	0.101870601814786	0.897197396006836	4805	0.430206951605394	4	2	2	-6.7342617222048
chr5	156900969	159971769	0.00737503025362207	93	0.0471342888720174	0.467932988600591	2955	0.19661731050398	2	2	0	-6.83326925517003
chr5	160149266	170106236	0.307258968948886	378	0.12646391858394	1.38206752703814	13752	0.926671403030925	6	4	2	-6.7690209845848
chr5	170141195	176675210	0.113617538904974	367	0.0954699050848445	0.916289117792762	11855	0.688279792498953	4	4	0	-7.45945991319164
chr5	176707195	177583995	0.383380177535868	124	0.106943895512117	1.22982813489499	6479	0.730588923743782	5	3	2	-6.75841310414444
chr5	177593031	178186167	0.231834928947705	73	0.0974713691717685	1.65203699258072	2752	1.26701131253819	9	7	2	-6.74603380703546
chr5	178210446	178535263	0.499311567993474	28	0.0711618153805394	0.962990731270783	843	0.451424041156205	4	2	2	-6.73911995615938
chr5	178543478	179726796	0.139760380032686	413	0.0996590557063565	3.2777215808321	13066	2.74744498629278	14	12	2	-6.73410372536892
chr5	179735781	180580321	0.0807898404205663	400	0.0677888949566861	5.02536751442981	13459	3.60896585407636	13	12	1	-6.74640004685785
chr5	180584301	181100410	0.201898399703592	99	0.11324830107035	2.45544640995678	3672	1.9957213818347	10	8	2	-6.73392029862617
chr5	181114186	181281936	0.00125245285033515	39	0.00916213235910298	0.417643862929942	597	0.155318983981857	2	2	0	-6.85089053376172
chr6	175346	10306824	0.00086678385841038	653	0.0136788032756357	1.35823330420065	20161	0.847645111162141	6	6	0	-6.73838008939722
chr6	10308361	10334850	0.0670561469521069	9	0.176655109684882	1.92440835148149	118	1.30925049539753	14	13	1	-6.73562054489898
chr6	10343021	12358295	0.000976115675953626	215	0.00652671769754899	1.66519951209348	7849	1.15083614760812	8	8	0	-6.73783965366878
chr6	12388958	23414708	0.00172666988221781	401	0.0172786110264249	0.884073389818905	13326	0.465530517356192	4	4	0	-6.73538111512434
chr6	23425022	25008304	0.0021102176136607	171	0.0135949767124797	1.81582824856195	5525	1.33470122351267	8	8	0	-6.73566293166421
chr6	25206743	27228101	0.00314521807920976	136	0.0238054466863993	0.857944152434479	5154	0.363968480246534	4	4	0	-6.74531677640262
chr6	27245382	30972936	0.00525595221845976	230	0.0116505703239851	0.458003422248674	9407	0.206330970047127	2	2	0	-6.76453451154113
chr6	30972976	31019576	0.0576836229453708	9	0.109816260686253	0.291799352670487	140	0.17117816322852	1	1	0	-6.90681427752122
chr6	31025467	31104104	0.00390523848882951	29	0.0203884686813996	0.465356459607635	509	0.198560120301931	2	2	0	-6.73670849430496
chr6	31104801	32394639	0.00260681508220345	383	0.0164365307266799	0.901146418090074	11716	0.393955287067995	4	4	0	-6.73390451786846
chr6	32401578	33673602	0.00462573284516188	248	0.0117544753049936	0.454955980932836	5046	0.183670232816528	2	2	0	-6.74076821998892
chr6	33883275	35543268	0.00155287287502348	114	0.0116617207339498	0.903738400474594	5825	0.401322926583017	4	4	0	-6.73866673269087
chr6	35787881	36131273	0.0237129657728568	9	0.205390752253141	0.426750884330565	861	0.156560617711926	2	2	0	-6.75592267603934
chr6	36217904	37582633	0.00974993367997945	47	0.0174267861915435	0.456186280674634	3107	0.18950823187323	2	2	0	-6.78680990237764
chr6	37634565	39790586	0.00569982905041327	98	0.013885271240288	0.907509947935437	4137	0.440411441405346	4	4	0	-6.7671803402746
chr6	39927306	53972241	0.00176355094660813	342	0.0188405484815361	0.446214547175288	18281	0.174572452857442	2	2	0	-6.75142415339893
chr6	53982874	60964236	0.00259578096883797	110	0.105415273956479	0.746502087305765	5638	0.39167294483525	3	3	0	-7.05102508927889
chr6	61133400	61723574	0.303392500681184	22	0.120327592169167	1.75987453110515	342	1.18974007765756	10	7	3	-6.74670165372347
chr6	61760643	65294164	0.0826263352545009	249	0.0758673611672242	3.71580708237024	9251	3.54567481573384	13	12	1	-6.74659600290166
chr6	65295995	65897637	0.498607156575744	11	0.225350595537467	0.58739244097108	279	0.426627143721161	2	1	1	-6.87760542330675
chr6	66123072	159710953	0.0053903723069032	1343	0.0470700060660463	0.439265032586945	65142	0.183006312300196	2	2	0	-7.1987714955309
chr6	159711182	159763124	0.159530478555708	10	0.149387229857322	0.401700610803722	257	0.222503535868486	2	2	0	-7.32197549354714
chr6	159768459	170469085	0.00472930672811767	257	0.0490141027187177	0.455024956606806	8918	0.182207584957648	2	2	0	-6.79448188534752
chr7	96037	56290901	0.498905485280103	1978	0.0949695080490884	0.901719099568482	84511	0.442885718823943	4	2	2	-6.76534562467976
chr7	56291257	57105066	0.498387289974972	53	0.168750567380651	0.920567701598427	1301	0.4727514035073	4	2	2	-6.73567159570692
chr7	57119994	58100284	0.418137284046593	59	0.114121073955462	0.871013545564655	1097	0.444194257170502	5	3	2	-6.91861043078246
chr7	60958181	65781120	0.498751795619105	180	0.116629284247714	0.856390768595503	5757	0.389753018905152	4	2	2	-6.76025884497944
chr7	65783588	65815720	0.0786070574553215	51	0.145557939410704	0.748335097453474	161	0.333452540809108	3	3	0	-6.8915247720356
chr7	65816293	90085553	0.49885288132879	1118	0.104990821349853	0.885768771714909	40213	0.469284308867517	4	2	2	-6.73422128773662
chr7	90119574	100915204	0.320734175630958	531	0.120333832632321	1.36617151603768	40297	0.756893617283224	6	4	2	-6.74748525177215
chr7	100933508	100980568	0.102127770887427	112	0.128685522271208	0.975959005797408	1151	0.651994010085579	9	8	1	-6.7703390717253
chr7	100982751	152273892	0.326656639276444	3236	0.111725225851268	1.31249041462637	131812	0.765258875799708	6	4	2	-6.74684711678973
chr7	152278438	152429815	0.168961285843121	82	0.151026588927524	1.05624533839914	701	0.731306284463314	6	5	1	-6.74218404957269
chr7	152431380	159260919	0.335873523553798	403	0.118914532540836	1.37419937240211	15038	0.77280784436867	6	4	2	-6.73989598442096
chr8	233002	1388812	0.00249734491375342	47	0.00256407255847146	0.899133052160039	1157	0.436775438488411	4	4	0	-6.73347948693822
chr8	1668552	7055603	0.007007822128066	171	0.0228065630660441	0.449906863392562	3153	0.238028892801513	2	2	0	-6.74016294826312
chr8	7120533	8203880	0.498242224433576	48	0.19457862159618	0.447297041112281	492	0.305268551220963	2	1	1	-6.73308299391616
chr8	8293458	12034396	0.00565958781524722	149	0.0473164127628273	0.449010024525525	3617	0.184235114375891	2	2	0	-6.73455011058524
chr8	12132686	12588079	0.498228232149047	33	0.199300728305318	0.334829650450654	379	0.144325687567404	2	1	1	-7.66594351797327
chr8	12591593	43536858	0.00307409629305821	860	0.0223402280497972	0.449052022406025	31276	0.183160813045793	2	2	0	-6.74969417001967
chr8	45952307	101079056	0.331333919642155	1955	0.121475691690613	1.3273103817148	85252	0.804467570972577	6	4	2	-6.73390440224675
chr8	101262781	107695800	-0.00225257755743091	22	0	1.32118358265709	10496	0.838831295466565	0	0	0	-Inf
chr8	107895871	145066761	0.335701428462624	1955	0.112013651914236	1.33678076785891	74194	0.766422917413435	6	4	2	-6.73369447144833
chr9	117713	38904090	0.00810502643617422	689	0.024694143054953	0.442322702714187	30768	0.175880398904007	2	2	0	-6.82274910811283
chr9	39014306	42975562	0.34103475729941	184	0.159620535930109	0.563016300061583	1773	0.301423229644846	3	2	1	-7.41722164692073
chr9	61902966	66802838	0.380170557859957	107	0.167187409955447	0.553835668568787	1064	0.311107663449529	3	2	1	-7.69273371791856
chr9	66830009	109533503	0.00586257948541069	653	0.0352450999146264	0.447662941472247	36367	0.18203926961922	2	2	0	-6.73537605197637
chr9	109850959	110096797	0.406345878814954	12	0.0663562469941717	0.956727554448729	365	0.472966818859085	5	3	2	-6.75248025254968
chr9	110136296	111932206	0.00467857323526277	76	0.0675540017903805	0.479135396254484	2843	0.264434392914822	2	2	0	-6.8066647195535
chr9	112102454	112840745	0.00108927306138396	9	0.15346805675594	0.661867164200439	1166	0.365933933722611	3	3	0	-6.73345773435141
chr9	112879921	114048610	0.00292053157536254	46	0.0133757477555209	0.45047268286641	2029	0.171814649120372	2	2	0	-6.74896371638425
chr9	114078058	114846701	0.332025990227922	92	0.111603146474078	1.40137249250067	3913	0.706015206461531	6	4	2	-6.73558869308497
chr9	114892397	116477996	0.012009230184014	13	0.0159851694087251	0.449995991210175	1011	0.191374960906018	2	2	0	-6.84742895651431
chr9	116503136	118683441	0.331376034049867	32	0.129684418443762	1.09952267887742	1584	0.749347864711874	6	4	2	-6.81769625980982
chr9	118768679	120857876	0.49779617549627	10	0.186804829820978	0.832896534872136	1788	0.409699621127766	4	2	2	-6.76514003215771
chr9	120885329	133155959	0.498865943085544	659	0.102674088534535	0.911265270275274	45383	0.476713419853426	4	2	2	-6.75211306329452
chr9	133175167	133206100	0.117271380385188	9	0.0547649015743153	1.01187698483085	86	0.693473370501763	9	8	1	-6.75636946730067
chr9	133208251	138148979	0.498903880893338	620	0.0770431612446205	0.888542566546249	23952	0.446050320461848	4	2	2	-6.73316575486693
chr9	138149114	138214444	0.498382264058961	20	0.147898782956453	0.605937983095177	121	0.297420073297012	2	1	1	-6.77386661107041
chr10	47876	74746	0.498047472557347	9	0.194869685801677	0.34924753600459	49	0.15552808876392	2	1	1	-6.77336787699969
chr10	74747	2006907	0.00503752957843762	48	0.0364781096312501	0.453614978039554	1924	0.186121997614979	2	2	0	-6.74036312131044
chr10	2107767	4308486	0.499311428013718	47	0.0592927168543523	0.890636421398879	1748	0.474529042595152	4	2	2	-6.73312155726904
chr10	4842608	38392938	0.00652348663372682	998	0.0374219085402998	0.444566471242513	30106	0.188399909726157	2	2	0	-6.7501386790509
chr10	38415450	39456373	0.498447808316528	66	0.166884882786201	0.790835588986398	434	0.416285378710488	4	2	2	-6.78241636338504
chr10	41860304	42283185	0.287989351707794	25	0.160894913944889	0.65836722868373	233	0.321266603752546	3	2	1	-6.78318245828402
chr10	42336195	46522169	0.0064821620013405	162	0.0852445066299857	0.443596649054533	4636	0.179892486001559	2	2	0	-6.73759861850927
chr10	46544520	47947559	0.487925136300621	38	0.152278860487434	0.46602647945146	943	0.191092040175139	2	1	1	-6.77682170473921
chr10	48011075	80233733	0.00451770786447919	682	0.0407332151778952	0.449405549176954	29000	0.179883000291186	2	2	0	-6.75105844457299
chr10	80235232	80253198	0.0276879659356274	9	0.143754130375443	0.554082943607251	80	0.190798302526085	3	3	0	-6.76055077933022
chr10	80273927	125860018	0.00527281622048476	1176	0.0200884348913604	0.455060910135022	51035	0.185634959735496	2	2	0	-6.97971649668653
chr10	125904846	125917965	0.498087318717277	11	0.175246320153299	0.537933514705273	32	0.219648525600303	2	1	1	-6.73869787453937
chr10	126004863	133622524	0.00440359699727866	282	0.0197501416501766	0.47972621987161	7596	0.184048321262495	2	2	0	-7.34316850249286
chr10	133625384	133787104	0.0943980250246135	13	0.132029571279724	0.534480941505229	91	0.37228265352387	2	2	0	-7.01853685307207
chr11	198062	995153	0.00341210851293006	146	0.0219496482239774	0.452180549443159	4504	0.165701073331526	2	2	0	-6.73852896790643
chr11	1016665	1017240	0.42931331078361	16	0.110245615937022	0.325349493249984	39	0.0553709366074182	5	3	2	-6.93902393266455
chr11	1017302	1018355	0.152456690389099	23	0.116777684803151	0.295972255980007	57	0.0755427894148836	6	5	1	-6.98390559104218
chr11	1018366	1095960	0.0097538520555922	27	0.0137173336390584	0.459028607481846	633	0.173819121683465	2	2	0	-6.80533562503533
chr11	1096054	1097434	0.115452557015308	11	0.175137867770716	0.193393580797327	70	0.0774227244474745	1	1	0	-6.94670535788851
chr11	1097593	1099604	0.359868041818793	14	0.134010004546979	0.27514851004021	100	0.0926476299391049	3	2	1	-6.86320850675183
chr11	1099802	3433044	0.00722694210831459	257	0.0206757937802538	0.43638092634253	6200	0.176573200499382	2	2	0	-6.76556763623447
chr11	3450394	4344558	0.0255042016831363	31	0.14137275520403	0.447904109974588	1383	0.174600085116329	2	2	0	-6.74570532884072
chr11	4388667	49271357	0.00552154933944488	1294	0.0177928361731303	0.443783987205434	46768	0.175924506038313	2	2	0	-6.77708192006109
chr11	49576626	50553275	0.499505864671693	15	0.0480289595179924	0.849320888767285	1211	0.362219243801622	4	2	2	-6.742584342604
chr11	54855109	56700571	0.121123869904654	96	0.108480653542383	0.803023166989348	3388	0.277771798061891	4	4	0	-7.52241913478255
chr11	56700635	56740404	0.112446177810073	25	0.133910268463625	0.601827223973069	75	0.375379819661378	7	6	1	-6.91438929842932
chr11	56740910	57018744	0.468496272001191	11	0.101266435254189	0.846934675621388	268	0.283535082078567	4	2	2	-6.79550792409352
chr11	57052523	58571155	0.31815433081908	123	0.102409287998823	1.34031717449761	6901	0.718914910159485	6	4	2	-6.74723693034013
chr11	58610951	66156553	0.00478046800194659	502	0.0306368501569931	0.452696947373665	25796	0.17010898231751	2	2	0	-6.75852839463599
chr11	66171618	66760505	0.0578918612641154	202	0.0512163713450975	5.81783575200252	21348	3.86636592341669	18	17	1	-6.7371768379327
chr11	66761223	68189941	0.0810349028816437	581	0.0661201520632926	4.98875428499219	31634	3.78946340596057	13	12	1	-6.75261947266395
chr11	68196021	69605035	0.0552572782589587	587	0.053219481418321	7.03732746058237	23356	5.26619265632111	19	18	1	-6.74205984128823
chr11	69617057	69798989	0.133598402702464	77	0.075788982872262	3.78993411406378	2269	3.20636444415529	15	13	2	-6.73321866922073
chr11	69806381	71534150	0.183034776689928	268	0.0977125630763538	2.45380094394175	10443	1.83771354128559	11	9	2	-6.73306759450329
chr11	71534266	71568988	0.252919206510599	22	0.10286093667847	1.8064049621725	346	1.33805570674343	8	6	2	-6.73333068578753
chr11	71635231	72461304	0.0872787125318519	43	0.109825740355983	2.56572416639887	7441	2.18519010320948	12	11	1	-6.7336867887332
chr11	72464399	72854880	0.191477432050936	110	0.0828220582198556	2.34805533632203	4361	1.57137496611299	11	9	2	-6.7403605992425
chr11	72875571	73601203	0.0304293532887232	121	0.0375283143794827	8.55245307408582	11934	6.17058071336557	20	19	1	-6.90412043734069
chr11	73602804	73954927	0.0699933809048475	240	0.0574350629317571	6.22674056332856	7082	4.69488212945264	15	14	1	-6.73817630285151
chr11	73955346	75179920	0.0491870596852273	305	0.038572874566027	8.9828340004291	23000	6.46019942630319	20	19	1	-6.74246637582564
chr11	75182571	75825018	0.186326711411328	80	0.0947882642084218	2.4759478065039	4492	1.7986176634741	11	9	2	-6.73408674357769
chr11	75847827	76796648	0.105643364899021	184	0.0762622052050801	4.1515562412125	8038	3.5758497930871	19	17	2	-6.73303799869294
chr11	76806894	81466945	0.0720192000624406	772	0.060106497129323	5.15113792987515	33541	4.19743355731947	15	14	1	-6.76714401809521
chr11	82030700	89228020	0.00922392300098379	106	0.0527180944674286	0.441996643570658	4316	0.177087725788632	2	2	0	-6.7539041458276
chr11	89353005	89713627	0.0471000445761413	46	0.0495372596801474	5.54585670591604	2655	3.74954201417745	20	19	1	-6.73655686393081
chr11	89753680	93271257	0.297492376192599	30	0.176281413602255	0.68738019744431	2002	0.655324616024968	3	2	1	-6.76322419185317
chr11	93352371	94800207	0.0062146305419869	30	0.0225445663356909	0.442580069432576	2064	0.179340977699747	2	2	0	-6.73737208081656
chr11	94886036	97588241	0.203325666786642	145	0.134342330921399	2.08293675317829	4794	1.83431139566964	10	8	2	-6.73514602400771
chr11	97735945	97900281	0.0834946963246409	22	0.0732089608453224	4.71046400690479	400	3.73291116540389	12	11	1	-6.73537418377336
chr11	97913940	98566585	0.389140690671014	29	0.122285481216112	1.12421063184306	384	0.783753822740471	5	3	2	-6.73820790546383
chr11	98828993	100605886	0.115091280114183	42	0.110229525081839	3.5636586964548	1928	6.14710814207674	17	15	2	-6.73356261746395
chr11	100606985	101281407	0.205872562021685	66	0.102755904894444	2.0849905228699	1614	1.22880387052372	10	8	2	-6.73561375607261
chr11	101287901	102496579	0.0419095592729546	198	0.0620760890328632	7.94566778511724	12070	6.34954034656373	20	19	1	-6.75051307145518
chr11	102597850	103575380	0.00366118596811815	43	0.0700885454849429	0.441443758942708	1675	0.175640885659972	2	2	0	-6.73616422067587
chr11	104303052	105007200	0.193546775924396	9	0.139731886124821	1.68840322271094	745	1.46212695355328	10	8	2	-6.74917844985701
chr11	105023272	105138698	0.0158932003409176	24	0.0704333892329524	0.443457032384787	384	0.152423440932427	2	2	0	-6.74753030805043
chr11	106013636	106827120	0.4979904973411	9	0.198428268595424	0.735674180916574	473	0.447115185542282	4	2	2	-6.81976634684115
chr11	106827430	124382996	0.00568602525306983	601	0.0365076261416745	0.442781989128843	24413	0.17402890705926	2	2	0	-6.76355627153557
chr11	124383010	124424481	0.170438898255949	9	0.158778759424693	0.40189304579305	76	0.260970188523988	4	3	1	-7.10670739093393
chr11	124424807	134965392	0.00356989828876009	275	0.0342341916883895	0.456641393583782	10188	0.184272608852392	2	2	0	-6.81865577184667
chr12	12906	70895	0.226037092520484	16	0.132777947466186	0.898121915356739	106	0.733683738120935	4	3	1	-6.75460333452886
chr12	125962	10939094	0.00639951005572575	471	0.0739311604685898	0.446668215692339	22156	0.180798358423043	2	2	0	-6.73332130447007
chr12	10964693	10973829	0.497797934930817	9	0.0397397785600272	1.08508859323279	62	0.279758368675537	4	2	2	-6.73763948626847
chr12	10986084	30991949	0.00687563369838684	410	0.0664280896210563	0.433917220710407	15549	0.185618829587989	2	2	0	-7.02389314942325
chr12	31103995	34523014	0.498825395489767	207	0.095838893336243	0.875396621131918	5795	0.427032940944909	4	2	2	-6.73596061574086
chr12	37418138	122721793	0.498924329214092	3172	0.0930345189158738	0.892858757915854	177017	0.427652060455374	4	2	2	-6.73726929703763
chr12	122735238	122867632	0.332753356484305	23	0.11136119703709	1.35812126225271	1177	0.639732000200312	6	4	2	-6.73316630168463
chr12	122898172	123097204	0.00836164161514619	9	0.125	0.943491684004986	1145	0.707292289543215	4	4	0	-6.73517445283905
chr12	123127889	124275685	0.498832420138916	191	0.100053269361063	0.926390769518262	5451	0.490912161249162	4	2	2	-6.73784699616861
chr12	124329250	124768616	0.000679443956714598	11	0	0.488155443678515	603	0.216271088029879	0	0	0	-Inf
chr12	124778493	130796169	0.498859718476163	300	0.0905160187723895	0.906055946803993	6919	0.539942424600311	4	2	2	-6.73737396827302
chr12	130891406	133234117	0.0055417307715846	165	0.0234987301319086	0.455843311723544	5364	0.174940029995527	2	2	0	-6.75114201070167
chr13	18177561	18346972	0.245624974254185	42	0.142250790705873	1.70760863910226	699	1.05029794120584	8	6	2	-6.73390786441335
chr13	18883250	25614855	0.00600699639475949	275	0.062863430829328	0.446144232875633	8173	0.190164611796041	2	2	0	-6.7335435060902
chr13	25646361	27582354	0.150571080238521	304	0.0998657735931868	2.8743017069944	9035	2.34802720534409	13	11	2	-6.73390489525183
chr13	27584407	27951225	0.0846442348144405	101	0.0594746056134153	5.41289436344649	2674	4.75868650438329	12	11	1	-6.73799818772093
chr13	27963105	44436480	0.0044746891736655	329	0.023556043510215	0.438863358540968	13513	0.174979536236253	2	2	0	-6.83895536699911
chr13	44475450	47867801	0.108995672084292	490	0.0765476835231527	3.62244034977977	20791	3.15466883556966	18	16	2	-6.73557386024842
chr13	47944978	75288980	0.00658365827438634	228	0.081770584393541	0.454300828363687	10518	0.374299296237728	2	2	0	-6.76429264921162
chr13	76169128	77900141	0.00108190323440083	16	0	2.19517347123946	5404	1.89970378927782	0	0	0	-Inf
chr13	78308130	99582871	0.00799455725207032	164	0.0655771976095845	0.555163906591596	8430	0.554301069525354	3	3	0	-7.90304351434457
chr13	99714217	102121050	0.493380120293016	89	0.1269884649278	1.1454736624032	3804	1.62553736383637	6	3	3	-6.74706012429577
chr13	102618856	102875652	0.020019380186117	57	0.0597300527205107	0.860285989303887	1791	1.93949300195966	3	3	0	-6.78204539358028
chr13	102934638	105828869	0.147486276402155	55	0.129201804930529	2.03413741007134	1774	1.90810189453013	8	7	1	-6.75855243785835
chr13	105855431	114346441	0.00507005791965254	281	0.0788021797174136	0.463025481725144	7896	0.200603531458941	2	2	0	-6.88715822338046
chr14	16098225	16401976	0.498044878697283	5	0.194379268441879	0.942668621171572	22	0.33065365212309	4	2	2	-6.73872042597521
chr14	18330620	19936715	0.498583927789155	132	0.153032398874392	0.651574416079772	2091	0.425539422887657	4	2	2	-7.20862578193751
chr14	20002578	32720822	0.00569070026518587	544	0.0340621273567616	0.461289972303797	20989	0.184317088142557	2	2	0	-6.94944609852144
chr14	32732395	48359291	0.346167445392787	470	0.116127611595348	1.31618463061305	20959	0.802599201953283	6	4	2	-6.74177537338061
chr14	48384133	50404378	0.498804194698969	166	0.124336993496735	1.76954377659178	7297	1.09142840727066	8	4	4	-6.73309278376296
chr14	50406584	50842039	0.033395583806916	9	0.146	1.78940402506851	2544	1.09755328710818	8	8	0	-6.76197440896342
chr14	50853992	66732813	0.498867585243421	931	0.155844735484937	1.79685023435036	51289	1.20782977745544	8	4	4	-6.73409592896611
chr14	66981005	100186009	0.003807291400241	1353	0.0242425898221548	0.90442776134781	61147	0.476321185040145	4	4	0	-6.75922012106538
chr14	100526793	101677843	0.0426154282818347	9	0.150974335567341	0.901108101170107	2258	0.42687551896099	4	4	0	-6.77571414797515
chr14	101677870	106324410	0.00240138888874109	537	0.0627378514796499	0.913274517061222	19472	0.425304311471254	4	4	0	-6.74380698997666
chr14	106331244	106366158	0.499648133096388	39	0.114612160648079	1.01396619957786	189	0.732585252360218	4	2	2	-6.73370569504596
chr14	106392909	106638764	0.0125107540082621	51	0.119564651475062	0.923648104690925	1031	0.600094559448963	4	4	0	-6.73780631623909
chr14	106639148	106639462	0.0544256028218084	11	0.169136523661697	0.148220119311266	17	0.0729173081204278	1	1	0	-6.7805836337418
chr14	106643004	106874913	0.0047770866737169	56	0.00635546088941495	0.72767125502037	766	0.348847428658597	3	3	0	-6.77166775863876
chr15	19987698	24893547	0.357432135544822	450	0.121887713406786	1.32071671235445	9594	0.82844723212946	6	4	2	-6.75562976215807
chr15	24893574	25106685	0.00305493690297531	34	0.00954831041226956	0.954394783741265	1115	0.38057823774769	4	4	0	-6.73935034460467
chr15	25164798	28196671	0.281984168418665	266	0.110542179538979	1.72658266302098	8217	1.13802075257868	7	5	2	-6.74965920015656
chr15	28255999	31050617	0.312763691868687	224	0.118397640437683	1.32611226224235	7320	0.774473298148387	6	4	2	-6.75213032393411
chr15	31160853	32112034	0.00246250722393981	17	0.0172200293775796	0.455782568934033	557	0.187481969891151	2	2	0	-6.75224738889606
chr15	32158503	32622166	0.498491727355281	17	0.191735897556417	0.676272636961924	342	0.465888043002958	4	2	2	-6.82776506015757
chr15	32747620	63048874	0.0048134136667371	1051	0.0317164392069977	0.445044623138385	42653	0.192125994478236	2	2	0	-6.74198685100251
chr15	63061900	63486160	0.000679443956714598	11	0	1.0952431874093	1203	0.645589896141568	0	0	0	-Inf
chr15	63526359	64216564	0.337598635254942	89	0.102272497219126	1.30484648474799	4176	0.729013877377192	6	4	2	-6.73414556197732
chr15	64282078	65685553	0.260145574133369	227	0.113661866609917	1.80529484774721	12014	1.21019461269938	8	6	2	-6.73740387048951
chr15	65686794	71194002	0.322765724964122	418	0.117426890319079	1.41699190859652	16730	0.961521860181888	6	4	2	-6.7520890755359
chr15	71206365	85842009	0.0108873712049721	152	0.115941864135369	1.61467737350568	60978	1.12541535788841	7	7	0	-6.74746280291893
chr15	87336185	88984931	0.220852017005481	112	0.116951997104665	1.84578430033158	4481	1.34630210728506	9	7	2	-6.73652653927772
chr15	89106045	90084384	0.498995454324717	112	0.0895816491416315	1.01459780712828	4680	0.630828563554106	4	2	2	-6.75857255632439
chr15	90091709	91284304	0.350424259074337	137	0.116890355901182	1.33216234640914	7920	0.754752607420966	6	4	2	-6.74500706452305
chr15	91447368	97758510	0.498788593837926	179	0.0964252736919415	0.929507861795493	5123	0.556368947140483	4	2	2	-6.75680368104349
chr15	97758967	101876423	0.321364550409297	396	0.110682072763842	1.45255338075351	11226	0.826635256897684	6	4	2	-6.76777198578883
chr16	35629	1229622	0.00548263733237969	163	0.0333116869046789	0.462213871312766	5919	0.167181155195701	2	2	0	-6.76193796126982
chr16	1229709	1256985	0.0765806549251971	13	0.0649202666787578	0.365721221570824	64	0.305482739474857	10	9	1	-7.33683398281723
chr16	1261332	2381803	0.00695906525126505	235	0.0168525531302692	0.448164337493954	6497	0.182410988979792	2	2	0	-6.74127663894408
chr16	2384171	2456861	0.0226889576320244	9	0.18508158861552	0.411214917672185	222	0.166782979246201	2	2	0	-6.74937077986674
chr16	2460602	21503325	0.00690648638709768	833	0.0537059766682195	0.45123195181891	28405	0.190049104673045	2	2	0	-6.76246420484273
chr16	21520288	21572258	0.498336559399456	12	0.155413524624994	0.682219377012161	409	0.331196320584316	4	2	2	-6.75302831450858
chr16	21628774	34268473	0.00550242250905153	436	0.0757119716216776	0.451915772655263	24087	0.193988693753035	2	2	0	-6.75760071473169
chr16	34573054	34595616	0.282937580628024	41	0.161704819904936	0.249485589685797	378	0.093077033743504	3	2	1	-8.02071793172753
chr16	35094951	35908151	0.000679443956714598	11	0	0.444808452119274	377	0.174825032823388	0	0	0	-Inf
chr16	46386441	46401545	0.477879259043001	54	0.128215865539724	0.294191262172405	683	0.087735209024258	2	1	1	-6.94998763457756
chr16	46671590	70066006	0.00371453738989624	745	0.0232975449517624	0.450561069329323	31279	0.189800810745544	2	2	0	-6.76003969847496
chr16	70129601	70157258	0.257872091728746	14	0.068145972928513	0.590339171770346	360	0.240177950058311	4	3	1	-6.78662159236868
chr16	70366206	74349380	0.00453257154139497	145	0.0585392490399469	0.458566522609584	6596	0.178286369600949	2	2	0	-6.78220074508679
chr16	74360527	74414018	0.322920484938041	17	0.124248476141679	0.577655550806808	207	0.289709749883115	3	2	1	-6.74628395979494
chr16	74418173	90060672	0.00706612821109581	1026	0.0280770750149807	0.467052865263893	22020	0.200066219537563	2	2	0	-7.15909553773257
chr16	90074123	90095170	0.498155531525474	9	0.178913697382596	0.429588999470859	69	0.109319208094058	2	1	1	-6.7347507917327
chr17	137603	657364	0.0186329318136137	33	0.0753588385357321	0.4495775301967	707	0.17389044312076	2	2	0	-6.75295759418056
chr17	697262	864148	0.11542834039189	9	0.214670678016351	0.447441683214159	570	0.176281003940821	2	2	0	-6.88774441283608
chr17	896810	3027144	0.00480560894264942	158	0.0372323326366489	0.447910747239923	5908	0.181264476484642	2	2	0	-6.73322702818377
chr17	3062651	3198284	0.498717377509897	9	0.225320204252625	0.436922152302499	207	0.16338260585816	2	1	1	-6.73461722416733
chr17	3198296	15628628	0.00389980214330377	579	0.0182526263519033	0.445391726148161	30118	0.172675524434319	2	2	0	-6.73824189133933
chr17	15651190	16474717	0.00799937545359564	71	0.0800204827903205	0.451761953461789	1887	0.182453937472436	2	2	0	-6.73557723426268
chr17	16495745	21290766	0.498848196349871	384	0.100954345404866	0.902866635215072	17481	0.420917274231395	4	2	2	-6.73676072645505
chr17	21290834	22715632	0.335098968392144	311	0.143690750289298	0.816842785527142	1885	0.423116793512254	3	2	1	-6.91980165578035
chr17	24421526	27053571	0.498177122439254	17	0.179143181315295	1.00376537353094	299	0.503315904064204	4	2	2	-6.82291688047278
chr17	27054922	30712922	0.498837353805158	181	0.09589129114585	0.89846308481653	15320	0.414255857829255	4	2	2	-6.73442586099052
chr17	30713205	32344109	0.00990980887446713	64	0.0480709524375581	0.468711074958323	2931	0.42031165572374	2	2	0	-6.75177975391968
chr17	32365527	83135282	0.498924734695685	3239	0.0939764830606886	0.897753319831196	171883	0.441216836133367	4	2	2	-6.74667959953454
chr18	47554	110425	0.0859201650094688	40	0.142642171543215	0.608710711769542	321	0.55464811165711	8	7	1	-6.91706961059332
chr18	117394	1183939	0.0210304025609187	88	0.119607761404922	0.926834982232847	2304	0.493478106749384	4	4	0	-6.751835191877
chr18	1263418	2795854	0.00547871981182813	28	0.014488455539337	0.421072764292434	805	0.185060063035125	2	2	0	-6.82766582168253
chr18	2820294	8864813	0.498844790954596	299	0.0954773985120571	0.909937483470403	8637	0.497434147500193	4	2	2	-6.74072981118196
chr18	8883498	12881424	0.34610598825512	393	0.118896810021317	1.33135946434121	11481	0.791657137601558	6	4	2	-6.73935481958216
chr18	12935365	15341512	0.498821992578871	87	0.106717147570914	0.887226948572346	3502	0.476981636799716	4	2	2	-6.73314158027394
chr18	21148363	53536225	0.498884228298927	564	0.0950643680734026	0.886741469777528	36181	0.428998437470136	4	2	2	-6.73407423174461
chr18	54204938	58607282	0.00526160370322742	81	0.0205398663849381	0.447184885599268	3273	0.181051515441213	2	2	0	-6.73315010492913
chr18	58611793	59113859	0.0151516434797832	15	0.0370131250851833	0.788545967585547	952	0.462011337728168	4	4	0	-6.82257179677922
chr18	59140076	59944116	0.346096373903894	56	0.11050771701325	1.40404240687085	1870	0.942516424602155	6	4	2	-6.74184889501921
chr18	59946422	67236321	0.460838080937908	113	0.0847101111988251	0.878400172971193	6514	0.426886818796486	4	2	2	-6.86233007912997
chr18	67260511	68230469	0.0478010747417758	12	0.118589820197795	0.445131845975433	283	0.180395298718438	2	2	0	-6.81048136081875
chr18	68487205	72619159	0.372779814488045	73	0.121982986250341	1.19226825633927	3459	0.67979223780349	5	3	2	-6.79048941746841
chr18	72748884	79783560	0.498826234847338	260	0.0987405449564424	0.906352342636215	6775	0.455565402894669	4	2	2	-6.74033690545388
chr18	79934168	80250865	0.00909621139926775	18	0.0704260609814256	0.452334953573252	533	0.152909607452176	2	2	0	-6.73622608048454
chr19	263280	877823	0.00407942314031873	175	0.0180465098809552	0.917893384814929	3702	0.470298151736492	4	4	0	-6.73920399381206
chr19	877830	879855	0.223255614627922	23	0.153703798611192	0.527719948878276	82	0.288261420924019	5	4	1	-6.75343660559851
chr19	884782	4511128	0.00294635911621627	573	0.0186519853419143	0.916929248657376	25776	0.483697870206587	4	4	0	-6.74196941025744
chr19	4511266	4511818	0.320566459816623	10	0.163776405843794	0.910115315124761	75	0.220963978964898	6	4	2	-6.73798298089982
chr19	4511908	5784359	0.00140922939523663	156	0.0116982887057683	0.906958830104161	7070	0.444215546942767	4	4	0	-6.73983690935973
chr19	5785102	5816679	0.0235618164325797	9	0.18287799515281	0.816996288281679	226	0.282683074188472	4	4	0	-6.74267801443101
chr19	5819852	8600792	0.00335776912285818	498	0.0129250236758204	0.885106069679829	18085	0.436524823768245	4	4	0	-6.73580156472546
chr19	8603448	8788659	0.0299935308626066	10	0.167849668188862	0.873692445005168	435	0.535515327768213	4	4	0	-6.74919340844492
chr19	8802153	13930083	0.00355574895821648	686	0.0185066224809603	0.870132746344689	36745	0.412695742488841	4	4	0	-6.74360772964527
chr19	13934220	13982324	0.0272097546452813	9	0.148775838092077	0.871801769839474	524	0.51306847789757	4	4	0	-6.74956236669463
chr19	14007881	16302807	0.00192765556781255	376	0.0177807224880932	0.874559507142481	13790	0.456108410896252	4	4	0	-6.73555792732825
chr19	16302865	16514564	0.0319211558330766	9	0.155381787864601	0.966980648505338	1079	0.453897567023408	4	4	0	-6.75875271221553
chr19	16705459	18905641	0.00228590924530836	351	0.010303354836126	0.93575874333365	16483	0.479202607186058	4	4	0	-6.74811063665049
chr19	18913072	19117677	0.0135764111807802	9	0.101083436383569	1.0100687878851	1435	0.447645537089247	5	5	0	-6.74638890911812
chr19	19121857	22069333	0.00340154373486617	335	0.00883808029159516	0.846297659165637	12174	0.482415776068392	4	4	0	-6.75780641747135
chr19	22073594	22211965	0.192177532743529	9	0.100602490581054	0.744989849954291	379	0.344360154327373	5	4	1	-6.84748107917903
chr19	22247680	23687021	0.00678939177619586	63	0.0118766703894303	0.828683855579243	4039	0.564278151792093	4	4	0	-6.82338180579289
chr19	23753347	23932336	0.00601318074823054	9	0.179339141789454	0.922204099654892	474	0.4444083915858	4	4	0	-6.73397060292707
chr19	23950901	24394098	0.0094949441365425	12	0.115243484006952	0.875403396562006	403	0.443087749589489	4	4	0	-6.73557331198074
chr19	27750102	30096103	0.000687587897219233	29	0	0.447736704708098	1228	0.213614396596473	0	0	0	-Inf
chr19	30548088	32344285	0.193390371755883	88	0.124379096893295	2.25335536032309	3909	1.78826881745923	10	8	2	-6.73513761052272
chr19	32371193	32979968	0.498826687731099	98	0.0867838454437351	0.901879803818358	2751	0.435915552683028	4	2	2	-6.73351126512149
chr19	32989170	33286003	0.262625849995273	109	0.106811846918784	1.87288167536896	3231	1.42160544701204	8	6	2	-6.74084567923092
chr19	33287769	35359658	0.191542336917491	543	0.101474942515879	2.39038718393473	17902	2.07277221668014	11	9	2	-6.73800739492079
chr19	35513204	39879009	0.00887390793631904	304	0.0356017186283129	0.438121780186249	16495	0.176819730776772	2	2	0	-6.77325521777819
chr19	39879089	39899502	0.193248613938177	16	0.191062598816897	0.272310263933957	151	0.184955049965461	4	3	1	-7.25165501968842
chr19	39902409	43313401	0.00587310510611139	314	0.0272097141025723	0.441548643413902	12762	0.194510310475592	2	2	0	-6.74162104374516
chr19	43313405	43370876	0.497842754158915	9	0.171832363398491	0.50236538703482	146	0.278243439237132	2	1	1	-6.73920379455432
chr19	43372779	45294335	0.00636158225708505	167	0.0426611569982272	0.434278620022838	7148	0.161923590929988	2	2	0	-6.76977103776776
chr19	45346892	45415591	0.0296479992962273	9	0.178446770774929	0.423223858492292	519	0.156201545549325	2	2	0	-6.74947543537756
chr19	45419065	52841448	0.00481613712787216	696	0.035752929809936	0.443107672371829	29967	0.180247906748733	2	2	0	-6.74322401221515
chr19	52841666	54222457	0.00674525868101944	286	0.050613625388428	0.448260997223496	6566	0.224054738346444	2	2	0	-6.73388553285507
chr19	54222904	54237098	0.00430228719627479	13	0.19106462861475	0.602261108343441	99	0.435750108763219	3	3	0	-6.73352869109471
chr19	54239123	54727757	0.0635263196482799	139	0.0915739581045848	0.427716165846439	2431	0.179216505324425	2	2	0	-6.98621590632157
chr19	54739459	54744166	0.362223395547173	12	0.0839019991093505	0.405413455008226	67	0.126778023012471	3	2	1	-6.84162402748402
chr19	54747279	54775567	0.00472771771520442	16	0.113741153502152	0.110096194238223	87	0.147977878592692	1	1	0	-7.1092815510134
chr19	54782824	57254064	0.00398952352199811	396	0.0515438244173916	0.439245681153265	9279	0.200756709059171	2	2	0	-6.74435053240804
chr19	57278923	58087417	0.254113719313537	145	0.117001120356819	1.75447385063857	10649	0.932759309113555	8	6	2	-6.73363262469576
chr19	58089855	58571001	0.348380421854791	136	0.116123935558463	1.20591707121844	4272	0.756845607419089	6	4	2	-6.747326358178
chr20	153555	25688932	0.498882092366938	1009	0.0964035976255081	0.892713381108886	39648	0.413739768977829	4	2	2	-6.73433127503327
chr20	25773465	26172245	0.0328143685116395	23	0.165610500707727	0.841766620354823	307	0.375691299306851	4	4	0	-6.75818614417852
chr20	28559798	31068296	0.495853538229873	516	0.16313240281962	0.931070232038945	2658	0.613045285487555	4	2	2	-6.74179261386657
chr20	31170533	37674801	0.337566530785728	554	0.116550202684189	1.34074705377087	37998	0.819819962108687	6	4	2	-6.73388043687895
chr20	37675273	64327831	0.498895159820771	1210	0.0994342539213764	0.909370232005749	60686	0.446789369065918	4	2	2	-6.77225876558185
chr21	5218123	10397502	0.352509713955908	291	0.16193417079935	0.628542643544871	1748	0.529126246139948	3	2	1	-6.78171827737895
chr21	10397507	13035101	0.238068960198675	299	0.144273836312145	0.934976370571072	2099	0.616589160176877	4	3	1	-6.74840600916583
chr21	13258899	22406268	0.00870792085030553	124	0.0968814492620742	0.427758704368462	3329	0.182034440899394	2	2	0	-7.03695798610961
chr21	23101805	23964367	0.466254619329959	9	0.0389158636605234	0.872103708005668	294	0.529316757534275	4	2	2	-7.15403458372254
chr21	24585394	28557655	0.00767315250437384	31	0.132737545231101	0.43118187040115	1543	0.183929124704319	2	2	0	-6.82275995658119
chr21	28686525	30307943	0.00602672022814577	47	0.147559897056217	0.729565779111371	1910	0.406917794717303	3	3	0	-6.77826904633618
chr21	30333260	33311032	0.00562023359042296	81	0.0169044701517413	0.442751573840647	4098	0.195592875669566	2	2	0	-6.73798604735184
chr21	33384305	35286945	0.498670202886141	68	0.138056874564703	0.895979880978524	3824	0.640733315192295	4	2	2	-6.73323544705125
chr21	35788923	36453663	0.00401571423470093	22	0.0580325516953809	0.455379035186172	1436	0.188930067128956	2	2	0	-6.73710417098202
chr21	36675861	40062914	0.49877581365347	151	0.11964746044228	0.948171807261658	5894	0.553100419306014	4	2	2	-6.76014920226622
chr21	40167332	42219956	0.328868002955698	178	0.110785153566468	1.41168027232978	5594	0.800639655085589	6	4	2	-6.74075893162398
chr21	42276889	46649541	0.485600553255624	492	0.095155467133208	0.897764823809497	14831	0.4446749357773	4	2	2	-6.74789430357762
chr22	10685500	10783830	0.394373549001832	205	0.152378186800243	0.645397433304408	594	0.365643543684177	3	2	1	-6.8249502892598
chr22	10936320	12813749	0.170092043308179	334	0.150919926654458	0.889420741910533	2200	0.637442825690613	5	4	1	-6.89219762280719
chr22	15541341	50784338	0.498918077349277	3158	0.0993735224220047	0.890915110518735	118075	0.421303121868259	4	2	2	-6.73343597411376
chrX	267763	15267117	0.00549116986734222	226	0.0986722433248236	0.74507433771617	8542	0.383501055384565	3	3	0	-7.38344717368766
chrX	16898167	52862789	0.20170230040148	12	0.125538446362664	0.87627984104907	23134	0.378614330296452	4	3	1	-6.85826520019803
chrX	65956689	156005530	0.122306704655258	54	0.151376821206558	0.964172691567257	52224	0.545513101418639	4	4	0	-8.08384028076991
chrY	3852210	11856390	0.388040858823445	98	0.162517876470629	0.898512968599592	1729	0.535962473501222	4	2	2	-7.0067955354635
chrY	12777994	56763482	0.498209274340468	32	0.183157826244243	0.929758613146572	2359	0.396032595447981	4	2	2	-7.04708091704067
chrY	56826706	56837060	0.043640422511314	52	0.112386123024896	0.267598623271572	119	0.178402419949825	1	1	0	-6.7922758730558
chrY	56837080	56885614	0.41916870989574	109	0.158459977786105	0.591737946112334	327	0.27493257710334	5	3	2	-6.89040712357448
