chromosome	start.pos	end.pos	Bf	N.BAF	sd.BAF	depth.ratio	N.ratio	sd.ratio	CNt	A	B	LPP
chr1	76884	16577417	0.498890430663651	1212	0.0980087203833151	0.875809964650946	47759	0.427206237501528	2	1	1	-6.80750490064562
chr1	16580313	16947199	0.323101929056144	142	0.11354094019511	0.843863225797993	1461	0.504684829125895	3	2	1	-6.93060533266179
chr1	16975177	58599068	0.498917464674408	2255	0.0911821199989871	0.883654591167068	111091	0.410692228163296	2	1	1	-6.84979697422746
chr1	58630807	58631021	0.0711172984954044	9	0.0943186089804127	0.718432061693496	14	0.224590225145195	14	13	1	-6.74512329928293
chr1	58898943	124514275	0.498905979300363	1336	0.0960932056786527	0.914330454355007	75942	0.455975154290278	2	1	1	-6.73942391277875
chr1	125065988	143541564	0.365385390999349	35	0.132732580081629	0.563585542897334	1069	0.2124559590473	1	1	0	-14.1976193743057
chr1	143542957	248858435	0.498933120059942	3813	0.0955229279564709	0.901436134931255	197036	0.432107464213565	2	1	1	-6.75702585109258
chr2	41366	89610726	0.498920808323097	2655	0.0973696730956812	0.898255221536466	120334	0.434921735377209	2	1	1	-6.77346470284774
chr2	89611249	92075691	0.498537157818428	108	0.138906719623866	0.830319696730314	2103	0.383924571917406	2	1	1	-6.8143354807777
chr2	94190317	95939417	0.248944922738805	43	0.116576796583459	0.88397350009666	2587	0.447186957340125	3	2	1	-7.88454271140379
chr2	95939448	95954090	0.113995009867652	48	0.139650626311084	0.711148164905451	181	0.623213784391731	8	7	1	-6.7963885453022
chr2	95957268	97149219	0.497810405482286	54	0.0687518553208777	0.872546691831021	5303	0.341786706787392	2	1	1	-6.7439104567937
chr2	97151712	97163049	0.111884602638943	18	0.101181775206738	0.995908787761575	104	0.555118880956165	9	8	1	-6.77680595995697
chr2	97163117	135038430	0.498878564437478	1006	0.105504010073355	0.892691977421415	44901	0.448666034777043	2	1	1	-6.77014619386442
chr2	135055399	236493153	0.498928782562389	2579	0.0904521710495948	0.907717993220886	141791	0.455611456054136	2	1	1	-6.73375572058387
chr2	236497046	237735347	0.090322394759065	58	0.052930549526717	0.498685082258841	1346	0.177021100442044	1	1	0	-8.30698372769398
chr2	237821879	238273263	0.498565552008422	36	0.141112954306172	0.0826740099675555	675	0.0384064265650252	2	1	1	-24.3307453386262
chr2	238325755	239365795	0.0384555448524695	18	0.172317242393626	0.115148905786057	406	0.167832544771851	1	1	0	-14.8712254992844
chr2	239578719	242065899	0.499182548815579	263	0.0689921083110303	0.850482283805746	8037	0.377626243961339	2	1	1	-6.77918957982295
chr3	319825	75631061	0.49892610875785	2702	0.0943288748916284	0.934363523235117	130931	0.446623427176423	2	1	1	-6.89914567062363
chr3	75664574	75757007	0.11636706924386	81	0.133415753461145	0.721328438850522	465	0.440936529990193	2	2	0	-7.17314725577976
chr3	75996263	89706513	0.498794211204949	102	0.120726636228343	0.936596284803463	5264	0.481728203300568	2	1	1	-6.76448631583562
chr3	91404517	130082586	0.498900183601497	1046	0.101990880860929	0.95013528230884	52299	0.469435345803091	2	1	1	-6.93200860857842
chr3	130082607	130085361	0.0454791663136312	12	0.119598159254103	0.783731068569924	22	0.228325089117132	2	2	0	-6.81925780259384
chr3	130086421	195069705	0.498913666984033	1885	0.0981545042382614	0.956983720814969	79991	0.473221255849082	2	1	1	-7.16064636759683
chr3	195099612	198120692	0.498768940944677	354	0.115269702488168	0.91882083374125	9940	0.421780221498076	2	1	1	-6.73425965068536
chr4	46210	48986433	0.49891047191037	1629	0.100104977952297	0.896605891886887	59412	0.445868473126036	2	1	1	-6.76108708097341
chr4	49093016	49149459	0.084873501042485	24	0.161785217253429	0.0685523307555698	122	0.0778954921380835	1	1	0	-13.0007957339744
chr4	49157798	49711644	0.498402206877687	49	0.158138058063716	0.666176029473505	266	0.392653824873911	2	1	1	-6.93445954770058
chr4	51837444	101603135	0.498883287361885	1190	0.0989408271775779	0.931127126116442	54733	0.482895118195157	2	1	1	-6.80586479965669
chr4	101721296	102253334	-0.00319841251747544	9	0	0.499347493330824	195	0.209793796021383	1	1	0	-Inf
chr4	102271086	190179679	0.498914274554716	1939	0.0977782562752428	0.947136216474063	82575	0.502996748831808	2	1	1	-7.06499850290531
chr5	44752	2115498	0.243946471368267	172	0.115879852497655	1.74140529034613	9298	1.32072017606999	4	3	1	-6.73599032293829
chr5	2419294	9572457	0.49885208204011	197	0.100348019967333	0.881119482177541	4726	0.43283534651255	2	1	1	-6.75535479795515
chr5	9718249	17491508	0.00247430212351268	130	0.0651373032653683	0.449536598696409	4628	0.196550072773043	1	1	0	-6.74859764336634
chr5	17655230	18874490	0.211436698522852	24	0.148135018465089	1.42291034831209	606	1.14338367490854	4	3	1	-6.80684784572297
chr5	19028809	20889752	0.00243863586718052	13	0	0.410952528467924	268	0.136971180122446	1	1	0	-Inf
chr5	21478528	21842327	0.481166123011074	9	0.157506349078378	0.770014750574284	370	0.341497349603372	2	1	1	-6.79273715396165
chr5	21859334	23527130	0.00225187957326678	15	0.116189500386223	0.43557646749797	358	0.296402462316541	1	1	0	-6.75385064642421
chr5	23710267	46206800	0.498861249683568	568	0.10667178473858	0.927553562630043	23537	0.51192077853609	2	1	1	-6.75391182340953
chr5	49601573	49661822	-0.00055792922142972	21	0	0.0160501061385238	46	0.0146891132580962	1	1	0	-Inf
chr5	50307204	181285564	0.498925708665325	3407	0.0969017974792625	0.876497785824892	162091	0.41838314799912	2	1	1	-7.27793307903845
chr6	194624	32467393	0.253201978835046	3268	0.113835867906405	1.69861444452071	111492	1.0470065782918	4	3	1	-6.8140728005993
chr6	32473498	32668106	0.31224593803549	115	0.147594005777915	0.765060185791062	361	0.54689339419182	3	2	1	-6.87288964254126
chr6	32668126	48851338	0.255461820672585	1725	0.113788871325952	1.70544335028898	76738	1.04045826868111	4	3	1	-6.77090511692138
chr6	48863171	60964235	0.348732897454681	359	0.111704240035341	1.30805606011414	17029	0.760397244187526	3	2	1	-6.76604448003905
chr6	61133505	90324735	0.350899092933781	815	0.114274107770692	1.28509482827342	36829	0.766658033697667	3	2	1	-6.85014078281695
chr6	90454404	105333208	0.49884797038261	194	0.0951662320335287	0.924155964503253	7946	0.452101770876801	2	1	1	-6.74493836719814
chr6	105402761	170640200	-0.000365806754435205	1312	0.0423363571298954	0.454299983477022	49855	0.186532490556632	1	1	0	-6.73336536431213
chr7	31439	5131717	0.498892648719426	928	0.121273398544403	1.71394932674982	24565	1.08443596308201	4	2	2	-6.74212583189549
chr7	5131740	5132685	0.0640740898416106	9	0.0506359556046886	1.75713327073618	24	0.579375524326327	16	15	1	-6.73701550744756
chr7	5134483	29876411	0.498895303011276	1875	0.14279871705317	1.80581128789308	58340	1.1697834233293	4	2	2	-6.73356654152417
chr7	29888345	30293502	0.497768387437365	9	0.223586113164481	1.85036159043745	1268	1.33056199410172	4	2	2	-6.73313191136945
chr7	30401872	32472143	0.498892895953471	102	0.113678789196498	1.83164518146499	5322	1.22245632680338	4	2	2	-6.7331322615862
chr7	32576474	32988350	0.497608217015528	10	0.141353811409527	1.66705340190547	1514	1.24714732604133	4	2	2	-6.73439689601347
chr7	32997657	43552356	0.498867932265348	549	0.148110658230556	1.79501772384822	22371	1.0880344202286	4	2	2	-6.73393979403509
chr7	43576081	43908312	0.0578979888146377	9	0.198379756471717	1.81997495204569	1565	1.02428909464986	4	4	0	-6.7837068412774
chr7	43909464	55686703	0.498890736390762	719	0.130587028532217	1.76000990240965	28134	1.11900408325559	4	2	2	-6.73902263982547
chr7	55834887	56394139	0.0447886855758324	27	0.152156445954761	1.66605057222805	3640	1.04487322724855	4	4	0	-6.78691701083485
chr7	56429104	58100284	0.498794000986541	132	0.129973986925668	1.65087238035544	3784	1.03115184486088	4	2	2	-6.74185061887876
chr7	60958067	63033547	0.49825202852379	31	0.189006502704315	1.66286032986893	251	0.973829080269063	4	2	2	-6.74352634397151
chr7	63052483	65447345	0.498800994855091	198	0.13836227543555	1.71718148010337	8929	1.06253713998435	4	2	2	-6.73722465544757
chr7	65490423	66990050	0.00720779773414965	52	0.210135109700422	1.7128613643451	7840	1.11196646931129	4	4	0	-6.73632282197631
chr7	66994158	75905441	0.498837405422089	909	0.15996639437231	1.70874797496743	37962	1.15572090402234	4	2	2	-6.74843153878433
chr7	75915137	100467096	0.498891648619151	1439	0.14666760640954	1.79511213263282	68706	1.14420149442502	4	2	2	-6.73488909997163
chr7	100488005	100744207	0.497875624723402	20	0.1862328480269	1.68226609386332	3906	0.957873021286123	4	2	2	-6.73411816283411
chr7	100749379	100952148	0.414829880042294	82	0.155969704205435	1.79034850196711	3599	0.951960733514771	5	3	2	-6.74607836472902
chr7	100952233	100960708	0.128830537134726	76	0.0977725251114374	1.11730338530167	901	0.454351466484709	8	7	1	-6.76805611370171
chr7	100960725	105290777	0.498851111689522	560	0.14354933444731	1.56126739275317	24571	1.05217660868734	4	2	2	-6.7870189699389
chr7	105291548	105702721	0.498492325846232	41	0.190977750587633	1.81538616797225	2643	1.40455898621899	4	2	2	-6.73306740140176
chr7	105702917	107011342	0.498850708411306	85	0.130892613200578	1.79320323369413	3324	1.22138411766899	4	2	2	-6.7331762245117
chr7	107015177	107275215	0.49795415857891	14	0.2145019915889	1.84273793660711	925	1.46729433018514	4	2	2	-6.73309740741663
chr7	107298198	128347023	0.498867232500824	687	0.157313422810849	1.80797226892778	36171	1.1808554510822	4	2	2	-6.73334478495732
chr7	128365279	128483716	0.497848306515161	11	0.217062705644747	1.75346917001762	816	1.46234204103837	4	2	2	-6.73313224949076
chr7	128500328	131055417	0.498883118273795	362	0.14045848421652	1.77082993294898	15273	1.11679251307443	4	2	2	-6.73392143227712
chr7	131081530	131443834	0.000548024153695925	21	0.217896567861254	1.76498417617808	1056	1.17459748591585	4	4	0	-6.733172157298
chr7	131505863	134381559	0.00137271124475713	166	0.160023286458051	1.77048623530994	5867	1.0940127938735	4	4	0	-6.73408998347371
chr7	134389028	134562680	0.497849649652158	11	0.214030541575899	1.84435026667679	654	1.62832108929196	4	2	2	-6.73309834775306
chr7	134563293	140646222	0.498889337924184	591	0.136216648486105	1.79699526629009	22706	1.16608588874184	4	2	2	-6.73343634992325
chr7	140676914	141725428	0.498584552046925	38	0.205066170842237	1.80148156269972	3023	1.2826472970358	4	2	2	-6.73309064608119
chr7	141729715	142426676	0.498864489285963	94	0.148642091239443	1.73744019847427	4549	1.00650617166497	4	2	2	-6.73391515512841
chr7	142455771	142500167	0.0991834092562111	21	0.146369607175677	1.79087814009272	336	1.2340810998358	10	9	1	-6.74818313403429
chr7	142500454	142770269	0.498840319220453	57	0.153655825733862	1.85182015478258	1240	1.01419775700379	4	2	2	-6.73311697518622
chr7	142771903	142796459	0.0521401408275153	14	0.155415377490259	1.6303494733186	214	1.32077059266495	17	16	1	-6.75451694113053
chr7	142796922	152353790	0.498886716230306	618	0.14618617495779	1.71381975361412	33806	1.0444281177874	4	2	2	-6.75135712077132
chr7	152375437	152395309	0.0597887619066134	9	0.0463962402691329	1.55817872133545	100	0.860817697414393	16	15	1	-6.77302605925237
chr7	152401717	152410761	0.201943906127187	74	0.135437640625987	0.687661256052104	194	0.516421838342177	5	4	1	-6.76208933029936
chr7	152414888	159178282	0.498868836597163	579	0.144903058412167	1.7855259522283	16983	1.23863529437205	4	2	2	-6.73393195755329
chr8	227179	7055509	0.498859707209485	248	0.100971653920892	0.862674124648183	5814	0.418302700721055	2	1	1	-6.79666085612565
chr8	7365635	8221075	0.329873725425013	43	0.133189113586102	0.970499448035123	638	0.47055628757648	3	2	1	-6.99019651282569
chr8	8293458	43691210	0.498895936033068	1332	0.099431959078932	0.914630172722686	53434	0.485477878831071	2	1	1	-6.73646197277451
chr8	46556912	100688997	0.47672798130412	1124	0.0989868464235074	0.907251678448316	51524	0.484889579905034	2	1	1	-6.7665604894942
chr8	100706632	100709642	0.017459304494742	11	0.0134819744979597	0.764039191029813	63	0.33200349630174	2	2	0	-7.60124115008536
chr8	100730837	145055416	0.498908089901087	1465	0.087640334054969	0.883466388174362	53028	0.408004716962193	2	1	1	-6.86068461020596
chr9	117616	860050	0.498774319755744	80	0.0973035175382496	0.871092692516071	1499	0.373208359150202	2	1	1	-6.73894098502007
chr9	897746	5397578	0.351744122066244	141	0.121351980374573	1.29335120258915	5883	0.758043772267552	3	2	1	-6.7599212412541
chr9	5397599	21581208	0.150964889964644	356	0.085473165399917	0.912069164186176	15900	0.412427654541807	2	2	0	-8.18816372445542
chr9	21802646	26116159	-0.00225257755743091	22	0	0.450220460080453	639	0.164499157854341	1	1	0	-Inf
chr9	26178432	32198657	-0.000173400045065275	111	0.0984971602712006	0.929102120675432	3122	0.417486158851529	2	2	0	-6.74286920659177
chr9	32370014	38615782	0.000185583792688848	293	0	0.445559563928079	12617	0.159547338822382	1	1	0	-Inf
chr9	39027564	43242650	0.495640767945776	141	0.168749140565938	0.478553246368476	1235	0.269640154139722	1	1	0	-9.83170847827618
chr9	62601663	67800317	0.387626050488964	77	0.169687930767798	0.458739260694128	896	0.247210388083524	1	1	0	-8.88157060915388
chr9	67838436	112948310	-0.000212950151401659	777	0.0674767797854473	0.459318473461631	36947	0.194882597547778	1	1	0	-6.8102678005047
chr9	112997599	124548880	0.00237099290458231	355	0.0188665126927486	0.811826281510667	17576	0.394665157253607	2	2	0	-7.26388955812396
chr9	124714959	125199492	0.399107077140727	37	0.081076457075355	1.2377014469167	2282	0.696433411542646	5	3	2	-6.94666918511643
chr9	125213304	125631986	0.00108190323440083	16	0	0.807302290449481	1149	0.320849567641901	1	1	0	-Inf
chr9	125818837	127361386	0.360270764896124	54	0.11488852799314	1.2586317430271	3180	0.702310994198966	3	2	1	-6.77784871713159
chr9	127398191	129229037	0.00234259789429903	163	0.00202541976615086	0.792596070491148	10915	0.358229424727153	2	2	0	-7.60100610092235
chr9	129285928	138175768	0.35190762541179	1126	0.106177958049714	1.20652187043531	45194	0.628962919416987	3	2	1	-6.94677082507046
chr10	47864	38712197	0.498906725703604	1380	0.0945092239410969	0.864900439577753	50229	0.417072343816502	2	1	1	-7.046852125935
chr10	38712207	38950914	0.304383104793333	20	0.135051832154995	0.684968904341102	72	0.391640599472181	3	2	1	-7.17335799670258
chr10	41860304	41914709	-0.000862595890242068	10	0	0.0508581304822611	27	0.0332928386505733	1	1	0	-Inf
chr10	42070871	125847698	0.498914939603683	2811	0.0955150864534086	0.86863615489922	124443	0.412107515209198	2	1	1	-7.29042566961029
chr10	125850627	125905304	0.19583798694331	11	0.14492022884081	0.804467383480626	187	0.383629760610907	4	3	1	-6.96034477780104
chr10	125905339	133459908	0.498834710699208	203	0.1142462640417	0.868184632015087	9620	0.37841562614149	2	1	1	-6.79935998731694
chr10	133622490	133787106	0.462218424618788	9	0.196117595108422	0.723514914252868	96	0.592642073794613	2	1	1	-6.76983582576891
chr11	133366	1011490	0.47176275903722	164	0.0935790642259771	0.849982100783774	6250	0.355418627751997	2	1	1	-6.80594420979988
chr11	1016665	1099661	0.327002235095747	69	0.141484760098583	0.694364949010239	1145	0.289129540093877	3	2	1	-6.99397236135686
chr11	1099692	3450338	0.498897132179802	282	0.0722310172684292	0.784591145586546	8331	0.349515844720432	2	1	1	-6.97360565642534
chr11	3450413	3553936	0.498125461203345	16	0.17880080862979	0.978040426897211	113	0.678391056871318	2	1	1	-6.73381753784387
chr11	3557569	50339411	0.498924489600818	1624	0.0782110179312124	0.883459491575207	71553	0.422198653405173	2	1	1	-6.85898148660943
chr11	54591643	56700571	0.498905265412103	83	0.0944275575260474	0.852613623097678	3846	0.292134483492769	2	1	1	-6.7934334367252
chr11	56700635	56740426	0.0946679854400637	28	0.100074548931861	0.658152214457911	86	0.52611858868229	9	8	1	-7.0241131494672
chr11	56740556	135055593	0.498929034237242	3042	0.0892273577696204	0.884141839766371	153206	0.399684711084597	2	1	1	-6.95217954531443
chr12	12728	55748	0.233570272115398	13	0.0966252342684658	0.963256660123015	100	0.646980349646172	4	3	1	-6.77510815207264
chr12	55775	8311101	0.498892686255612	580	0.0964617618058033	0.88559639771084	24482	0.408397006693242	2	1	1	-6.7533514142523
chr12	8340187	8476338	0.0767594857021565	14	0.119379554455434	0.833548317660863	200	0.411975225843184	2	2	0	-6.97498349281004
chr12	8513782	10634198	0.498834981185736	167	0.107680694095166	0.911238725989586	6492	0.452025009435109	2	1	1	-6.73313556750526
chr12	10785440	11267441	0.081527909889054	31	0.149293605506603	0.85644525817921	1299	0.33890533812159	2	2	0	-6.91576381977314
chr12	11268787	25803954	0.498877369345343	442	0.0985369207892219	0.918025800349919	17250	0.479918792365354	2	1	1	-6.73675091129196
chr12	25804028	25804438	0.101879315562316	9	0.0495681349255749	0.550287111907651	19	0.202184517081226	10	9	1	-6.76060062040248
chr12	25847603	34523014	0.00109710091243129	371	0.0856859879225426	0.915035107481479	12312	0.481373023337907	2	2	0	-6.73409138691965
chr12	37540858	133095387	0.498927184728284	3682	0.0955542120107996	0.893407242822392	182739	0.447696845580089	2	1	1	-6.81820037159579
chr13	18177561	18212175	0.188193831642824	23	0.132286011856153	0.910471518331534	102	0.560753955182455	5	4	1	-6.79256771680409
chr13	18226578	30876851	0.34029336157559	992	0.117380481107797	1.35083306498354	29787	0.786769550022274	3	2	1	-6.73622215386678
chr13	31003945	31868331	0.0020957147441194	31	0.0224506627533469	0.952953064001446	1030	0.548324156905191	2	2	0	-6.74208619497823
chr13	31932441	91005609	0.342862527805127	1559	0.125109935516235	1.39135395824829	70000	0.813114267861199	3	2	1	-6.75820525855894
chr13	91005626	114301189	0.00130333232623842	661	0.0304036021923182	0.907729186910115	25858	0.450287610609067	2	2	0	-6.73428052029727
chr14	16037128	16098268	0.338292020795146	3	0.0484389650316079	0.852152277980309	25	0.264514259224968	3	2	1	-6.85300245787941
chr14	18296097	19679136	0.281386313297578	52	0.123894646713096	0.915702656042442	820	0.466682833523936	3	2	1	-7.38708450607586
chr14	19680240	104949214	0.498924481704967	3197	0.0910604154346025	0.901139903908797	142291	0.42770589455411	2	1	1	-6.75446386248141
chr14	104950777	104952054	0.181560632176142	9	0.126949902630044	0.623615149267609	60	0.241254663021005	5	4	1	-6.76759528324473
chr14	104952165	106875032	0.494038419778851	247	0.119804403064251	0.841811660903855	7053	0.444520158120717	2	1	1	-6.76880768263758
chr15	19858839	23364521	0.49871154337588	326	0.125886272149942	0.834164439749927	5132	0.396816287391176	2	1	1	-6.83025901100118
chr15	23439934	23553064	0.101211503448048	14	0.143168942700036	0.626380566482333	214	0.359517884073174	1	1	0	-7.07235808133692
chr15	23610589	46875437	0.49889831366744	969	0.0963108402469092	0.894042762991694	50157	0.447086478720763	2	1	1	-6.75242827747383
chr15	47070840	47581408	0.49790391711446	9	0.175148825605858	0.863462265879759	94	0.684459934857457	2	1	1	-6.73484697283069
chr15	47700493	101887448	0.498916457774676	2149	0.0914886757687766	0.895479691377264	101962	0.435993706408805	2	1	1	-6.77162537515076
chr16	11641	1228767	0.49888219556031	199	0.0880228630243547	0.856144397034106	8070	0.34671854597336	2	1	1	-6.75489790630839
chr16	1229554	1256953	0.490832318593338	19	0.169327911226909	0.743045654930429	87	0.2946232481096	2	1	1	-6.74247960003197
chr16	1256980	32918643	0.498892390029106	1370	0.109956815858548	0.872296822189226	85916	0.402831111470849	2	1	1	-6.92625976459523
chr16	32978438	34268522	0.498317384513514	44	0.167501891693587	0.916379058097898	934	0.422523563353287	2	1	1	-6.73336890552568
chr16	34572792	36100308	0.438815526181074	62	0.142060503567028	0.62507070127924	1483	0.362346782233015	2	1	1	-7.68977476807075
chr16	46384562	46401452	0.426741906557342	68	0.115276356115173	0.487485513082457	1136	0.151299400628814	2	1	1	-7.13321933191206
chr16	46401545	81123780	0.498908624282615	1500	0.100316510204961	0.898635715203083	68581	0.425145210143761	2	1	1	-6.74839966509188
chr16	81124448	81128117	0.0487316732688169	9	0.177979633666327	0.55457195949746	34	0.139536465247224	1	1	0	-6.78214824033474
chr16	81128132	83950203	0.498826513117702	213	0.081436950336741	0.892206678499363	3967	0.4757835178552	2	1	1	-6.73577319877331
chr16	83950262	83951151	0.497940729587574	9	0.198345027666438	0.243629028076399	34	0.265698931988619	2	1	1	-6.74616647296181
chr16	83951171	90167920	0.496634038788255	452	0.0944290290492621	0.892946848639024	18661	0.42817452325161	2	1	1	-6.74029395463618
chr17	138213	16394530	-0.00120310155271236	1295	0.0398022524219201	0.854458128369274	55724	0.419251056249576	2	2	0	-6.93929697609136
chr17	16426966	21299139	0.34022219213434	318	0.140114377589218	1.29714264809948	22258	0.732996173483775	3	2	1	-6.74802923534067
chr17	21299321	22715632	0.105002334865296	249	0.15118194085121	1.15751772833596	2061	0.647460760245745	3	3	0	-7.06327069860848
chr17	25074459	83170297	0.337337657532529	4667	0.118259153233675	1.30572795144819	245492	0.714606884360298	3	2	1	-6.85939643362058
chr18	47628	110425	0.112653070055303	12	0.121451418146092	0.470537015176759	172	0.441517050900132	1	1	0	-7.20958126848779
chr18	166819	15344994	0.498885511558966	623	0.105816893348664	0.897920462793354	21040	0.425413531750279	2	1	1	-6.74073912472609
chr18	21028723	80250865	0.498906356129708	1358	0.0915973280627542	0.8801995801553	55147	0.435915845424348	2	1	1	-6.92172420967519
chr19	107381	871724	0.499022661430424	128	0.0847954332612818	0.877831925850488	3189	0.39016077793164	2	1	1	-6.73678889993228
chr19	877718	879743	0.206715805151688	19	0.150518829814263	0.341090398481711	68	0.154718461208758	5	4	1	-6.91145190420409
chr19	880066	24394239	0.498923988597506	3117	0.0920170918203966	0.846642543201882	123302	0.395582251697342	2	1	1	-7.15779911966556
chr19	27392072	39877640	0.498897667862915	944	0.0847615642677078	0.859777708828582	37358	0.375690388920447	2	1	1	-6.89366056489998
chr19	39879009	39886005	0.18627005830209	15	0.103858053313622	0.870601291368718	66	0.235427608281736	5	4	1	-6.8124253932477
chr19	39886022	54573932	0.498917766599453	2288	0.0948423023044467	0.849026100489171	84069	0.377275366536174	2	1	1	-7.00904371879153
chr19	54573977	54667099	0.498476061832731	62	0.154112992261924	0.771324500046736	762	0.305596790418019	2	1	1	-6.74919622068801
chr19	54672418	58571468	0.498888638103678	664	0.0924085729015908	0.835600683280817	22462	0.35871283880677	2	1	1	-6.85950426710688
chr20	82090	5127163	0.000933631408003066	379	0	0.876353762452221	13450	0.440291105934598	1	1	0	-Inf
chr20	5132976	25595380	0.32629191511219	800	0.111018197946752	1.35536236327694	31521	0.764477266044484	3	2	1	-6.73621240217461
chr20	25659199	26271014	0.04823361780563	24	0.0979094153960098	1.31108115581437	821	0.790807560979736	3	3	0	-6.87612493368271
chr20	28560028	31068380	0.495756826288858	554	0.162504702287599	1.16275313060449	3045	0.922591515960253	2	1	1	-6.83868781527673
chr20	31170639	64327831	0.325239382752298	2034	0.116254012619757	1.32702619850047	110475	0.739773174586047	3	2	1	-6.76267792738257
chr21	5218123	13079168	0.386977877892524	585	0.139303061572075	0.922522722704584	4283	0.605632181587982	2	1	1	-7.10684872267718
chr21	13227689	30616477	0.498840846770801	312	0.102040241922676	0.888780822195295	11353	0.4066834719936	2	1	1	-6.76505023126653
chr21	30668078	30742335	0.0842954494478247	9	0.137819628500443	0.599319633086309	62	0.300061014860004	1	1	0	-6.98709185433547
chr21	30755099	32413035	0.499153109584576	63	0.0725109275448553	0.894661460238998	3133	0.422004088505055	2	1	1	-6.73453548351867
chr21	32432953	32514821	0.498174373283379	14	0.145223529864735	0.81586981500249	174	0.33391114175481	2	1	1	-6.73827389824544
chr21	32515005	46692808	0.498907038323079	874	0.0864198934309004	0.878324757710373	30397	0.416856764725213	2	1	1	-6.79049349769738
chr22	10534580	12705518	0.325206598663185	562	0.150494023430275	0.929049651670973	2903	0.629302145616774	3	2	1	-7.18373032553639
chr22	15343050	20719795	0.331084293142919	504	0.10848403975647	1.33535668011004	18372	0.754043925104619	3	2	1	-6.73577083764193
chr22	20751945	21129165	0.2365696231478	77	0.116080569280967	1.72317638072612	3790	1.21279231360029	4	3	1	-6.7414933548162
chr22	21129343	23807499	0.312347658776673	409	0.108402414369794	1.37730074265214	11116	0.706670745236306	3	2	1	-6.75575414327518
chr22	23808981	25318104	0.256108905573575	254	0.11808995806908	1.73388388760492	9480	1.10228598690537	4	3	1	-6.73631174632799
chr22	25319956	26382046	0.499021466641697	62	0.0945478608456121	0.967852579764096	2286	0.531948230113943	2	1	1	-6.74192486760611
chr22	26400441	30654728	0.340410401557836	248	0.128744196910825	1.26688271389215	14894	0.791553759509218	3	2	1	-6.75680843647207
chr22	30661597	30897713	0.153882431725415	45	0.110877163809981	2.11504605528445	1665	2.04083281068086	6	5	1	-6.74319272799519
chr22	30900010	31342768	0.339300710564304	63	0.0995588194252303	1.28005241261147	2913	0.804721483516881	3	2	1	-6.73682375987138
chr22	31348086	35784828	0.226194391968688	387	0.120431950417183	2.00188717235513	19295	1.43682236638083	4	3	1	-6.76831292538844
chr22	35853967	36650732	0.471258623540295	102	0.0810749304094964	0.934951741603198	2873	0.475594064060812	2	1	1	-6.80916769065071
chr22	36667206	36919717	0.189202715420555	31	0.0989565452583222	2.16225222410942	1113	1.16434785250409	5	4	1	-6.74044153463432
chr22	36922384	37813025	0.355151426013494	132	0.109656880795957	1.19137191849825	5439	0.551428814530955	3	2	1	-6.788556374196
chr22	37814417	38068253	0.0719850992491109	28	0.0696724289407033	2.29740834772883	3372	1.43309269096243	13	12	1	-6.80150229586297
chr22	38072625	40049147	0.320551167480457	194	0.126841958902904	1.3233636987868	9775	0.836920066910578	3	2	1	-6.74063456912409
chr22	40073774	41856798	0.184823140527504	376	0.118830623814017	2.24928022912796	17482	1.75054067181538	5	4	1	-6.74283830527723
chr22	41905708	42430294	0.297612288944279	111	0.103998420261422	1.48048790370209	3143	1.04064692253849	3	2	1	-6.80495882057209
chr22	42445588	44824865	0.19662954984599	430	0.111681895852084	2.33397650100327	15681	1.90067593229779	5	4	1	-6.73385624657485
chr22	44825783	46990114	0.321745729662727	166	0.11218041475474	1.33262620776048	8836	0.79252752027458	3	2	1	-6.74051555232649
chr22	47060397	48983382	0.196679608793457	111	0.120644141362972	2.08069000017526	2741	1.51643120736212	5	4	1	-6.73738917485407
chr22	49034313	50266475	0.498866564666573	94	0.0811440368993272	0.869549795845225	3765	0.409954536072555	2	1	1	-6.74182089199151
chr22	50277544	50740572	0.270836461078602	138	0.122237702266052	1.37115940650596	4908	0.790253982895957	4	3	1	-6.78562002507113
chr22	50742427	50798635	0.170870649551276	16	0.100217430287018	2.37541825073185	478	1.55568677878975	6	5	1	-6.73435108791196
chrX	267763	52370434	0.00228125481863234	173	0.0604856938110204	0.863494176962182	31162	0.406162768142072	2	2	0	-7.19733338139442
chrX	67546508	154358183	0.498091682121171	27	0.200223208777937	0.903306347906853	45815	0.388674341157871	2	1	1	-6.74696216691977
chrX	155774775	156010162	0.0619237820068498	14	0.0970625718654871	0.396844290601461	180	0.189488338715079	1	1	0	-7.03940229349519
chrY	11110692	11788326	0.0343742512748324	41	0.173145804200377	0.294806412504356	135	0.358510681247114	1	1	0	-7.2976623206175
chrY	26437016	56837148	0.0390649638506492	61	0.128877476019422	0.286958831054688	132	0.193688252754644	1	1	0	-17.4778527297325
chrY	56854987	56883966	0.293152627991358	89	0.138053477928413	0.669550865923644	290	0.245289434679324	3	2	1	-6.92617997422553
