chromosome	start.pos	end.pos	Bf	N.BAF	sd.BAF	depth.ratio	N.ratio	sd.ratio	CNt	A	B	LPP
chr1	76884	16508139	0.498891997817417	1237	0.0902181479271943	0.985948846425402	47309	0.461603798214888	2	1	1	-6.76857125119687
chr1	16509970	16946998	0.338689491783456	159	0.109721095928759	0.992708270707564	1711	0.604130645511837	4	3	1	-6.81308201606904
chr1	16947199	121179463	0.49892593762982	3448	0.0888237846168394	0.978988937689545	172624	0.444129624534967	2	1	1	-6.86571319641857
chr1	124124286	143267076	0.278951159155972	30	0.12703070494963	0.695120042153828	816	0.211792374977573	1	1	0	-8.28434219093418
chr1	143267085	248858435	0.498927812556833	3807	0.0877947084543885	1.03239134733954	189006	0.47018439490126	2	1	1	-7.98954701084395
chr2	119493	89213290	0.498919896380928	2538	0.091064020503152	0.996964313433899	110837	0.452008190884306	2	1	1	-7.10451261583694
chr2	89213474	92075691	0.498616116639839	132	0.127986238380918	1.06050511902961	2602	0.509425324006125	2	1	1	-6.79941083732273
chr2	94190317	242183364	0.498928864237678	4028	0.0899866575092457	0.982905101324054	187651	0.430010116302399	2	1	1	-7.01201413620117
chr3	27782	75379524	0.498920609892333	2629	0.0879373347470982	1.05768760794034	125131	0.488929901689388	2	1	1	-8.15330194258
chr3	75395611	90613961	0.309971752770046	192	0.108728208258761	1.08527652070789	5885	0.547812608894751	3	3	0	-7.15812544693254
chr3	91404517	198139899	0.498911097074126	3164	0.0936960722863913	1.04879257305986	129215	0.485169939409686	2	1	1	-8.37277534114122
chr4	46210	48986433	0.498896804416383	1555	0.0966269962335269	0.991491164678286	54813	0.457598784553587	2	1	1	-6.88531790176792
chr4	49091992	49711890	0.459442730573753	151	0.134100356805507	0.769452397023583	1601	0.395120274077253	2	1	1	-6.9007270866477
chr4	51911243	190179679	0.498906310851758	2959	0.0923118680404448	1.01438471857556	119791	0.481797363266072	2	1	1	-7.69110678510198
chr5	44868	1922231	0.498693472744777	134	0.1106459847749	1.34097275671464	6885	0.72393288020807	4	2	2	-6.73418836040742
chr5	1922279	46206800	0.498845715885011	908	0.0971326750720124	0.898823737207909	31306	0.434323421871237	2	1	1	-7.2722712964377
chr5	49600470	49666772	0.440663253914207	66	0.123447392606157	0.596169008158526	575	0.223815490712205	0	0	0	-6.87452266599757
chr5	49666812	181281814	0.498912724781613	3078	0.0884272620670079	0.914005915129134	141331	0.394106824868376	2	1	1	-7.72222671630603
chr6	194624	48820536	0.369003470473476	3567	0.101556417851581	1.33695400627323	128290	0.673087764224632	4	3	1	-6.79589696416105
chr6	49238024	58123392	0.499139810396961	250	0.0775482240429066	1.01117173341127	10945	0.42912054204583	2	1	1	-6.81341373752904
chr6	60291702	106284658	0.496609017957846	744	0.0948903792905107	1.00551901851937	31769	0.479457429327913	2	1	1	-6.99224218233827
chr6	106399883	170594710	0.351770340266559	1553	0.101561323923416	0.750932620551776	58547	0.320516021293413	1	1	0	-6.74268923125604
chr7	31439	56084250	0.498922794404289	2933	0.106420414755159	1.45996019795299	100802	0.78556314040542	4	2	2	-6.93970485280505
chr7	56240007	56336026	0.123445282261836	9	0.0872579190930224	1.51185402601983	284	0.940359937027083	8	8	0	-6.74217527120838
chr7	56338396	58091558	0.498696112113744	104	0.119753193651957	1.35899914744496	2894	0.802712033005788	4	2	2	-6.73323345759011
chr7	60958067	159177989	0.498922194895586	4853	0.114563610680642	1.43765585201736	212535	0.798887021137172	4	2	2	-6.93248048263244
chr8	227179	43438973	0.413029614931168	1641	0.102891971020773	1.04506353052168	57873	0.491053084215716	3	2	1	-7.79334892235109
chr8	46579375	145055416	0.41059243780511	2571	0.0941336959580917	1.02999882751049	99240	0.480627106283806	2	1	1	-8.31521363799785
chr9	117616	21077717	0.467094989209211	505	0.0890467314586387	1.00535227793845	18737	0.458330029344684	2	1	1	-6.94463204415203
chr9	21209571	25647494	0.317667657018151	33	0.125496793089535	0.837356736821125	1548	0.392236737789941	1	1	0	-7.00058817588903
chr9	25677935	32198657	0.0147184596139571	106	0.0923419564836251	1.01487720917768	2835	0.446828797391686	3	3	0	-9.35858381313906
chr9	32370014	42437272	0.328822098060271	556	0.103953641133096	0.788535443685354	17610	0.31564376844233	1	1	0	-6.92521476089878
chr9	61902966	123703307	0.319678096214083	1358	0.104556255513658	0.778829608350644	60697	0.341152313514138	1	1	0	-7.18238066849702
chr9	123869688	129166115	0.316573712159691	251	0.11321399277193	0.865075909815951	16771	0.414219510990844	2	2	0	-6.96975168299129
chr9	129215416	138177101	0.438151794863092	925	0.0851621534266976	0.966551362098147	34949	0.434300682269603	2	1	1	-7.03565752378712
chr10	47864	38527679	0.498883310583633	1191	0.0869844848989863	0.875066909823336	42117	0.413433451691051	2	1	1	-7.69350954762098
chr10	38527690	38950914	0.313232040511069	29	0.132444486000442	0.846210924677877	193	0.441750123827924	2	2	0	-6.78045675999061
chr10	41859741	133787145	0.498904388168148	2724	0.0904432085756144	0.867287295290983	115818	0.371043137628517	2	1	1	-9.29390655278251
chr11	196113	50339411	0.498914754789953	1983	0.0821185570886888	0.890214659400042	78075	0.386125996817694	2	1	1	-7.68221981541861
chr11	54591643	135055593	0.490303565801074	2907	0.0835056210531861	0.906747331294566	140438	0.374320331668847	2	1	1	-7.66334415226625
chr12	12728	34523014	0.483449165345323	1543	0.0905984823852092	0.981274757149086	56079	0.441199143427166	2	1	1	-6.80878719256215
chr12	37444252	133095387	0.49892609761657	3477	0.0876055452383482	0.981283983584271	168607	0.43621204124172	2	1	1	-6.88883495071896
chr13	18177561	90913018	0.437167608065151	1982	0.104983195596076	1.22538077256593	72374	0.637893814473047	3	2	1	-7.02959185182396
chr13	91091490	114301189	0.268078650745601	611	0.105233080487257	0.995771537246565	23596	0.476395754396683	2	2	0	-6.83436136992369
chr14	16037128	16047857	0.308	1	NA	0.617551924691128	8	0.0954642790337232	0	0	0	-5.77491215222301
chr14	18296097	19679136	0.30956897849764	44	0.121802790040843	1.03603256973761	717	0.455377273633493	2	2	0	-6.78116704228326
chr14	19680240	106875032	0.49892491891506	3270	0.0881026271161562	0.987428208587658	137595	0.43172462312942	2	1	1	-6.96431799573706
chr15	19882360	22438177	0.253621963361549	273	0.127602403836176	0.969664732025855	2985	0.454852215834011	2	2	0	-6.77000804281687
chr15	22587598	101980787	0.454921228979875	3102	0.09206986517205	0.975474651990501	142247	0.444213467899038	2	1	1	-6.94314976973837
chr16	11641	33048885	0.498910186723836	1695	0.0955296880148965	0.999829837763366	94891	0.446059837050099	2	1	1	-6.90186584762715
chr16	33336851	35485726	0.498663139774774	112	0.123699639077286	0.885246571648306	2176	0.421961280991936	2	1	1	-6.7790623186778
chr16	46386256	46401545	0.481318161890826	69	0.116290349724494	0.680083420519971	1150	0.148062847808879	0	0	0	-6.76838448506328
chr16	46568907	90102289	0.498915830662628	2086	0.0891569048093341	0.994790749896311	86882	0.468722000358248	2	1	1	-6.88904194520778
chr17	138213	16745860	0.26942687742509	1328	0.0990195973636555	0.985852149650132	56981	0.429542712245983	2	2	0	-6.78888394215419
chr17	16772049	25074523	0.424489206964454	529	0.110744719679679	1.22572496138597	19493	0.586884115099973	3	2	1	-6.7781943332965
chr17	25389854	27238129	0.498331214796861	27	0.145300935383644	1.18871643540482	506	0.593602463860751	4	2	2	-6.79668625547501
chr17	27238165	83135653	0.414537945414312	3890	0.104230652893023	1.23351890430833	203367	0.608438337993849	3	2	1	-7.01469658192467
chr18	47628	204780	0.432198875695369	22	0.149989812063832	0.923873092522218	657	0.393028909907044	3	2	1	-6.77708919367161
chr18	214959	15357277	0.498874316205823	602	0.0910853795355706	0.967492606972619	18623	0.448211106082486	2	1	1	-6.73667398273356
chr18	21121744	80250865	0.498903513746513	1267	0.0851001777909207	0.970085852893002	49740	0.44383240657696	2	1	1	-6.75702856274699
chr19	287786	24394059	0.49892458458373	3214	0.0837237595400031	0.922130596150116	123834	0.42071469893912	2	1	1	-6.85586440850981
chr19	27392054	58571468	0.498928453964437	3940	0.0887229288525372	0.931597734501589	141510	0.409948772909421	2	1	1	-6.82493423333331
chr20	82090	5189231	0.227477026458003	415	0.103911611936682	1.12031783048692	14755	0.563141995272002	3	3	0	-6.75064759621388
chr20	5280369	26271014	0.380522838769609	693	0.100888689491235	1.35621729349605	26435	0.677460789308201	4	3	1	-6.79204967535961
chr20	28559767	64327831	0.376589015247389	2442	0.116773445828028	1.35112022708162	101520	0.711765743219947	4	3	1	-6.77409076929479
chr21	5218123	10739746	0.393886741238407	586	0.123445626813517	1.02942351638174	4147	0.532803667198722	3	2	1	-6.91907343713863
chr21	13016011	13029023	0.205182293122645	9	0.0899121484808613	1.84957819061794	29	1.5118746070975	9	8	1	-6.73557438964009
chr21	13035395	46692808	0.498904580712079	1258	0.0844053810845598	0.988056876327443	43061	0.446141412751185	2	1	1	-6.82248055058615
chr22	10685500	12783532	0.318090324098588	543	0.131768645937249	1.12499553542209	2791	0.589667827721003	2	2	0	-6.86156339641597
chr22	15343050	31938243	0.478345260450714	1399	0.0981021926276023	1.26818948762706	57084	0.667985725491982	4	2	2	-6.89547567842075
chr22	31938309	34851180	0.29073378895832	113	0.111059471573999	1.61103128199939	6102	0.884599988208222	5	4	1	-6.74250548021019
chr22	34879532	40073774	0.498859620956226	478	0.0996856606163561	1.25257692562423	22062	0.656129517144246	4	2	2	-6.79189619010276
chr22	40130468	41831182	0.339491587718691	200	0.121159885955807	1.57423009263612	10727	0.928560645045644	4	3	1	-6.75970050197982
chr22	41905708	42425179	0.499086755833925	88	0.0841611133419412	1.25283593684172	2421	0.716373690386849	4	2	2	-6.73805425073723
chr22	42430294	44062397	0.335591175583949	173	0.100276767154302	1.51180945696723	7057	0.888835395953008	4	3	1	-6.75657210556217
chr22	44128068	44713331	0.263212627099021	52	0.135823037206129	2.09836483758345	2018	1.36665824037008	6	5	1	-6.73901142649883
chr22	44725917	50808384	0.461386601866045	475	0.102707757177393	1.1988690975714	18171	0.649388018353972	3	2	1	-6.87826463824572
chrX	267093	48831317	0.376048455377752	302	0.122071091178057	0.964819056823365	26171	0.395019972017974	2	2	0	-7.05645752183605
chrX	67546508	156010162	0.365853729044986	32	0.101175350816803	0.983203571891193	43696	0.397819210067891	2	2	0	-7.29585215403067
chrY	10796678	56836815	0.476390780828336	170	0.132531901077972	0.582448466778144	2734	0.291859117692278	0	0	0	-7.83784854299302
chrY	56836916	56887102	0.302886664853228	104	0.123967430495873	1.00007826935987	351	0.328755854970603	2	2	0	-6.74598593945095
