chromosome	start.pos	end.pos	Bf	N.BAF	sd.BAF	depth.ratio	N.ratio	sd.ratio	CNt	A	B	LPP
chr1	133483	77974423	0.498916255772725	3717	0.092860292930502	0.977663345539806	155722	0.352250412090618	4	2	2	-6.7501803333371
chr1	78015956	97898874	0.270471444579687	289	0.116139120743901	0.678099305496178	13884	0.249281711012352	2	2	0	-6.76491191878196
chr1	98272491	124377329	0.498862409230604	589	0.091910950765077	0.978288443482296	28869	0.344278081790517	4	2	2	-6.73804190106027
chr1	125098033	143937700	0.265556382449069	20	0.119074943230149	1.07892073220583	897	0.420915583300677	5	4	1	-6.96234519332071
chr1	144104365	248945592	0.498927076744379	3661	0.0881571164113445	0.971138715145188	166580	0.339503066516705	4	2	2	-6.83011022766876
chr2	171440	1558605	0.379981070906206	76	0.0855578710478797	1.34024275467068	1326	0.527956398248277	6	4	2	-6.73605020009186
chr2	1594914	69431994	0.498892694470517	1464	0.0906869614891013	0.985847014369244	76065	0.376568039415383	4	2	2	-6.73384673593279
chr2	69478860	73671232	0.277305101647457	158	0.106390615911722	0.715465852451547	6360	0.279975573669098	2	2	0	-6.87883583111642
chr2	73690164	89040479	0.49883692080596	342	0.0948241440600405	0.990524669149977	16381	0.390094292696226	4	2	2	-6.73554091827933
chr2	89045885	91987666	0.498591718721158	113	0.142258665714686	0.988988158164916	2526	0.413232470374651	4	2	2	-6.73332402999833
chr2	94190317	224481929	0.498907191222725	2916	0.088762923533671	0.984770494973574	145740	0.357093252793325	4	2	2	-6.73327369550051
chr2	224497761	241500806	0.244653428046873	661	0.101081025212007	0.703089063921	23604	0.26380169153034	2	2	0	-7.08796356172853
chr2	241503350	242183450	0.190190516676317	53	0.11768265610178	1.00092632683727	1608	0.365009960496865	4	4	0	-6.73815012049139
chr3	276611	14496359	0.252780234189849	326	0.112435387685391	0.671859053700589	14173	0.233006761594902	2	2	0	-6.7419266936625
chr3	14504599	90261565	0.498910376220721	1622	0.0905410707236825	0.967441161130854	93900	0.341810233776732	4	2	2	-6.84676175976537
chr3	91404517	149519702	0.267060021015971	901	0.112026004415538	0.679857136590217	50042	0.233684732736407	2	2	0	-6.87791402167821
chr3	149649257	153050521	0.380938040823099	59	0.0976547162211523	1.27625503821645	4803	0.539268274447785	6	4	2	-6.73548496413648
chr3	153055778	189620094	0.498871639890926	671	0.0941123326006798	0.987090299915962	33804	0.367821180023765	4	2	2	-6.73443514004357
chr3	189868063	198139813	0.259586903216195	460	0.118753544609407	0.655526009851477	10323	0.245985591747788	2	2	0	-6.77094494673305
chr4	68161	36507741	0.260924445300079	864	0.113016617755815	0.672534781951498	28089	0.238721228920981	2	2	0	-6.74125268697615
chr4	36520474	48892964	0.4988517416817	330	0.0890275216612976	0.977259603045115	14078	0.372631171876512	4	2	2	-6.73586652244644
chr4	48982840	49711665	0.487449299209305	132	0.13191749519234	0.882249869107142	1404	0.428551123315601	4	2	2	-6.76683604258388
chr4	51848345	60718340	0.209360601368844	460	0.10108076696495	2.25214780270567	16448	1.387115762472	12	10	2	-6.73899113201229
chr4	60762421	62539561	0.136441615617938	80	0.0993753202367263	3.3743990298862	2684	2.58675997072452	20	18	2	-6.7342669173022
chr4	62725843	126189393	0.259807330568959	1164	0.111401557984395	0.703662877178149	46014	0.31714133145139	2	2	0	-7.54699118341846
chr4	126431082	153397402	0.362514469565871	490	0.118161778318322	1.35022030508392	23914	0.658991482184354	6	4	2	-6.79975252259913
chr4	153421366	158236767	0.279955894598295	112	0.11498203898406	0.709820838275043	3553	0.287978231186917	2	2	0	-6.85955817858987
chr4	158249180	168752130	0.491638006826397	221	0.111415625605026	1.24044891215924	7984	0.778496352186429	6	3	3	-6.75843010867528
chr4	168813545	175384404	0.213228965847842	139	0.113545756539238	1.93812776483516	7149	1.19818263580171	11	9	2	-6.77172776491974
chr4	175630061	190179746	0.498687054279071	142	0.116701728467191	1.01855359063918	12398	0.572435898407503	4	2	2	-6.76415924279261
chr5	58660	843700	0.34111293539308	159	0.0906848963056161	1.25312243087326	2817	0.368567850832141	7	5	2	-6.81107412161307
chr5	848627	6633666	0.380723134483453	190	0.108143200544484	0.868102023307232	4713	0.413849053944889	3	2	1	-6.81024095147103
chr5	6636860	19028865	0.261650801471935	183	0.129478277220169	0.692045066174311	7041	0.316277984881036	2	2	0	-6.81332350180497
chr5	19204527	20107418	0.192894200971982	28	0.10528738072382	2.56979499668369	830	1.33720336485682	14	12	2	-6.73304914664933
chr5	20304377	37579323	0.274877866143787	276	0.116788850154549	0.699250343112535	10348	0.263771441932729	2	2	0	-7.00511694075288
chr5	37599630	40634483	0.499085351884555	64	0.0858656896942351	0.976543860364463	2672	0.377336679554097	4	2	2	-6.73389369360621
chr5	40805745	42327189	0.352747318090963	41	0.0923617292193593	1.45340728511505	2343	0.528929131720257	7	5	2	-6.74844324481032
chr5	42646346	45246993	0.266142859428029	37	0.109811994673506	0.671657925356365	1606	0.251956690665382	2	2	0	-6.73333130857961
chr5	49599621	49666415	0.323291932466774	72	0.139576578562648	0.716874080599922	537	0.311147517670156	4	3	1	-6.78306995358566
chr5	49666481	138082628	0.498890385086896	1371	0.0921114804565271	1.03939751657693	73941	0.469713775477772	4	2	2	-7.37349159479785
chr5	138084039	138427926	0.292054572202369	31	0.114214088730402	1.57016229614125	2626	0.570487470280269	8	6	2	-6.74117708223106
chr5	138429974	147907049	0.49886736241019	316	0.0805134984196298	1.04091033940434	20099	0.389736833895081	4	2	2	-6.8480729718131
chr5	148516598	150000334	0.315038400684918	77	0.106459661860981	1.8365714010429	4282	0.950489071478785	11	8	3	-6.74963824017824
chr5	150000595	152132008	0.223260693061715	251	0.0873016128235534	2.19973397634507	11049	0.947580613504834	12	10	2	-6.73474342591068
chr5	152313866	156891344	0.499024022768077	69	0.0835353603959882	0.979455401889598	3569	0.346898116305666	4	2	2	-6.73366230667667
chr5	156900969	160186496	0.258826960735871	100	0.124471677034731	0.690797514805055	3286	0.273400167033366	2	2	0	-6.76006861172736
chr5	160190452	170082925	0.369892462222349	216	0.104445040029365	1.31187010816041	8538	0.551192184616093	6	4	2	-6.73935970044821
chr5	170106236	177665633	0.498821551141839	350	0.0952027749950713	1.05746595123733	13512	0.417970474335507	4	2	2	-6.86378580986326
chr5	177692258	178535263	0.241891357106779	56	0.120536441652447	1.33573061872168	2013	0.702046655088715	6	5	1	-6.7441728896108
chr5	178549232	179726796	0.197829656253824	203	0.0966166002748288	2.58395395129393	7272	1.43932110515548	14	12	2	-6.73495355042333
chr5	179735781	180551351	0.123738801056513	231	0.0778391027540831	3.74527211191501	7296	2.25475178064724	15	14	1	-6.74299027501372
chr5	180569111	181100410	0.274474496682495	67	0.105578831413762	2.12200402037584	2296	1.21436321950465	13	10	3	-6.73713343508548
chr5	181114186	181281936	0.274241067364706	36	0.0843863563786063	0.631914540551225	580	0.206867036127207	2	2	0	-6.74808880143666
chr6	175346	12653065	0.132414767176278	526	0.0869985130184828	1.35084935542523	17629	0.561577457690904	6	6	0	-6.77059123309968
chr6	12728045	23451215	0.187457510740437	288	0.108718456817541	0.969982473889817	9424	0.414443300822914	4	4	0	-6.74365723375025
chr6	23607724	25206743	0.113934080756361	110	0.0569011228490666	1.56696023672203	3644	0.612200025353644	8	8	0	-6.73816612663522
chr6	25279891	27305586	0.197333100140465	124	0.0741489612202311	0.952064143247925	4324	0.314054726053373	4	4	0	-6.7782424319539
chr6	27309272	31094954	0.2594231266842	252	0.0988721226737012	0.667680206129453	9786	0.206977949897643	2	2	0	-6.73536481773469
chr6	31104104	32366481	0.173540750629616	333	0.101053406233503	0.969399007321894	9486	0.323135366070061	4	4	0	-6.7373735150365
chr6	32368809	32666731	0.196415703896699	140	0.0998620865540834	0.77617962954075	754	0.280163394250682	3	3	0	-6.76192539967457
chr6	32668106	34035559	0.278399335657909	118	0.0977973807605082	0.666051981127976	5131	0.229968815955873	2	2	0	-6.74470416519721
chr6	34035908	39790586	0.185196671411837	208	0.105861911625295	0.857353624205796	11837	0.349810203864211	3	3	0	-6.8155011605004
chr6	39927306	53902854	0.254420060706305	333	0.110128796185828	0.664664968329873	18009	0.225320976390486	2	2	0	-6.74750418238894
chr6	53982874	60964236	0.49896437258477	101	0.105351897829311	0.991239089571726	5119	0.387250815749669	4	2	2	-6.73447441620203
chr6	61134729	61697162	0.332614729693286	10	0.092678896075524	1.70560863374146	168	0.929062324202547	10	7	3	-6.74014227261419
chr6	61816538	65119885	0.136270099606696	113	0.104646343944186	3.07287173748881	4906	2.57485986373984	20	18	2	-6.73912802131461
chr6	65295995	170640022	0.2629810644998	1635	0.116588652114574	0.675379088867236	75006	0.243494721144393	2	2	0	-6.81153023507398
chr7	97900	58100284	0.49889133239595	1606	0.0928489863402999	0.989168628540846	65647	0.360400375204718	4	2	2	-6.73968856221102
chr7	62388077	90065464	0.498848624970279	987	0.0993506564997474	0.985692607713853	33719	0.396398818195134	4	2	2	-6.7333280944262
chr7	90123998	159260919	0.370641634203885	2871	0.0985005649317846	1.27749769129951	125522	0.495234430736263	6	4	2	-6.78388032006651
chr8	233002	1577294	0.181471553869162	33	0.104614697095986	0.938806933707694	934	0.353188782866491	4	4	0	-6.7475394705055
chr8	1594729	43617971	0.257850719134989	1224	0.115849734497398	0.669513773970353	38331	0.239600523126138	2	2	0	-6.73531780395338
chr8	46596061	145066250	0.382251386808482	2472	0.0967526524508809	1.29252921902977	110907	0.508135050343898	6	4	2	-6.73942999902539
chr9	117713	42975562	0.265834749767146	835	0.114962232199127	0.665288353444859	32295	0.242377469570005	2	2	0	-6.75108231640351
chr9	62039266	114048610	0.275103676828901	863	0.107157933158874	0.681693481309208	43455	0.252220216640689	2	2	0	-6.89211343943681
chr9	114078058	122133188	0.498703618787226	167	0.115229367596854	1.0429439876903	8874	0.476271144112511	4	2	2	-6.80368218132194
chr9	122144444	138214444	0.498898791250621	988	0.0863863454920958	0.970918412542075	50172	0.348668957026277	4	2	2	-6.74790429802809
chr10	47876	39475684	0.269451801701652	1121	0.119705882446691	0.685207552193972	33838	0.267361375477033	2	2	0	-6.90509498662947
chr10	41859741	133787104	0.262890022908553	2333	0.108831794886984	0.673345363212005	92988	0.23582890708011	2	2	0	-6.76432597163952
chr11	87016	50553108	0.26232173705322	1785	0.105571106066102	0.668710304526602	60695	0.224152919003056	2	2	0	-6.73442736251241
chr11	54855109	57018744	0.499148703338377	126	0.0751934495627302	0.949843770725723	3228	0.253503842932471	4	2	2	-6.75861591581155
chr11	57096768	58565260	0.370343338403797	87	0.0989820522721813	1.26796516462539	4735	0.427647996875528	6	4	2	-6.74028689468455
chr11	58610951	66156553	0.2561133323344	472	0.106084836065542	0.663873813345806	25228	0.213747267520837	2	2	0	-6.74448000728105
chr11	66171618	66760505	0.0914573183429717	130	0.0736946628956016	4.35218412488685	12562	2.49158774307822	20	19	1	-6.73761540922888
chr11	66761223	68143722	0.133805723498698	319	0.0879109341751545	3.64558995934839	16928	2.38857999978636	20	18	2	-6.73677880724725
chr11	68143840	69604775	0.0880952442856215	376	0.0716462879817251	5.07194064431232	13667	3.46451694054891	20	19	1	-6.74961349243813
chr11	69617057	69837086	0.165865357920634	49	0.0812111445554119	2.90528407937851	1384	1.433037724439	17	15	2	-6.73421587585938
chr11	69849812	72936503	0.252216923969733	221	0.101186740627492	1.9614755919597	13109	1.01647262739155	10	8	2	-6.7340729908645
chr11	72940660	73610698	0.0494351048264452	81	0.0459311716687502	6.4880365934582	6609	4.454949413035	20	20	0	-6.74115585397609
chr11	73610762	75179920	0.0769100488119943	376	0.0652144653926865	6.28143933215713	17525	4.23341159050958	13	13	0	-6.7825136301558
chr11	75196537	75820650	0.287429887062892	39	0.108961457361231	1.86513338149604	2301	0.773552372837101	9	7	2	-6.73930920884182
chr11	75821527	76809944	0.170786754427101	98	0.0946316193622747	3.1101620888596	4240	2.22409599555425	16	14	2	-6.73380698052265
chr11	76865535	81466945	0.116252440632772	378	0.0795723535893102	3.88616299914003	17951	2.67579032488185	17	16	1	-6.75996315740395
chr11	81525403	89228020	0.298294039908299	112	0.130846001997534	0.66527289475549	4448	0.232611560910875	2	2	0	-6.77517838629174
chr11	89399535	89710794	0.0970084988524326	16	0.0603141774378131	4.32957870112814	1360	2.25343600690776	20	19	1	-6.73501093845165
chr11	89753680	94800207	0.290537641001491	55	0.107771337931109	0.730128587366084	3968	0.344963210276891	2	2	0	-6.95142609674144
chr11	94912372	101306320	0.253647762037118	179	0.122725774975448	2.01565185703098	5435	5.92737910776221	10	8	2	-6.73334064476176
chr11	101306353	102485287	0.065617600143973	125	0.071104046434467	6.08814116175663	7319	4.31058390592644	16	16	0	-6.75618836193868
chr11	102606646	135055588	0.279188316891048	955	0.110964134430069	0.685298640972933	38086	0.268079497722307	2	2	0	-6.88530222346627
chr12	12906	31129850	0.264983391052515	896	0.116385039113322	0.666725474663114	38446	0.235770513423042	2	2	0	-6.73914223958207
chr12	31130512	34523014	0.498766363101478	141	0.103505599944439	0.976311234619273	4257	0.390821237929536	4	2	2	-6.73399513634614
chr12	37418138	130796169	0.498921528554412	2752	0.0865686529347415	0.976542152757461	147687	0.358865081323387	4	2	2	-6.76009108830187
chr12	130891406	133234117	0.262313063362963	165	0.10993434242871	0.683153284252055	5264	0.219658664457216	2	2	0	-6.74510293988991
chr13	18177561	18309717	0.406266247507806	29	0.117121857723698	1.50846800409361	433	0.56743701593544	8	5	3	-6.73477280594862
chr13	18317338	25581815	0.280823403880167	264	0.123163531073793	0.67949920558461	8402	0.261187939661229	2	2	0	-6.75670942626528
chr13	25646361	27677325	0.209005089894603	163	0.104816537224815	2.3444012343322	4873	1.18517985145641	13	11	2	-6.73438044521125
chr13	27690627	27948923	0.117824554554565	53	0.0750519413753502	4.64126697408734	1170	3.37414177406382	16	15	1	-6.73633495100923
chr13	27949989	44436480	0.262884354968695	326	0.105287830128628	0.673479970522456	13566	0.271478483074939	2	2	0	-6.73780179943494
chr13	44516342	47944978	0.17750966961062	208	0.0940976971161574	2.81811528819364	10902	1.67699343814241	15	13	2	-6.7349950243298
chr13	47973332	99938570	0.260341416291708	388	0.13128347297247	0.889346640887309	23419	0.720615962241787	3	3	0	-7.1072766048185
chr13	99983123	102046109	0.17147279021911	54	0.13968487545353	1.17544423490247	2296	1.02584252836844	5	5	0	-6.74194031668798
chr13	102618856	114346441	0.242018693238656	355	0.113891210713449	0.786848945343096	10470	0.747902763469187	3	3	0	-6.79855741137778
chr14	16099232	16401976	0.499523915660634	3	0.0626125652990942	0.897535006013758	12	0.129635736748877	4	2	2	-6.82367925169521
chr14	18289867	19784991	0.49863774576908	103	0.129061336849313	0.856140362048873	1488	0.407466848662231	4	2	2	-6.83640489911428
chr14	19796516	32806996	0.262768286637828	549	0.104085862560663	0.66979711753656	20994	0.218284571485546	2	2	0	-6.73332319696829
chr14	32823537	47792299	0.375689998188999	295	0.0934993121106045	1.31768560547956	13204	0.566199561732595	6	4	2	-6.7394434256745
chr14	47802151	65957887	0.498875466113416	611	0.0976293777159373	1.60692407992067	36357	0.717594684257995	8	4	4	-6.7334818008633
chr14	66516288	106324377	0.180349232059061	1501	0.097459741099816	0.979773310868551	64000	0.358177892179121	4	4	0	-6.7369461095029
chr14	106324410	106366158	0.499224404381802	36	0.0726656345492451	1.03656086411359	173	0.238272373884327	4	2	2	-6.73427962902419
chr14	106392909	106874913	0.206090699301215	115	0.0890705391576972	0.980674840317682	1601	0.401643007746251	4	4	0	-6.78304859189117
chr15	19987698	31223805	0.346878735211784	672	0.115627749254286	1.33022083453669	17787	0.559709978570278	6	4	2	-6.79072969797319
chr15	31371968	62954211	0.275413317648961	1069	0.111706285739712	0.669624104747705	43553	0.235145379819781	2	2	0	-6.73824091234132
chr15	63048874	75358699	0.373910908817846	447	0.108738936719027	1.33508463458254	32908	0.533385690609019	6	4	2	-6.75372452566089
chr15	76905075	81964241	0.10574846133898	9	0.132142704847617	1.54606791325359	11804	0.662933600336965	8	8	0	-6.74626649799095
chr15	82346874	88984931	0.291431229027696	56	0.109677253794941	1.55547730789612	12637	0.634231474519226	8	6	2	-6.75550335214694
chr15	89106045	96496188	0.00197952067556491	293	0.0956013354491483	1.13078332709352	12173	0.443891377107038	5	5	0	-7.98180570770461
chr15	96509240	101876423	0.35100430720153	277	0.104919434900349	1.33303275253205	7562	0.477448222794244	6	4	2	-6.78449012821415
chr16	35629	36162801	0.269355229865586	1707	0.111747688443295	0.670034937214361	65901	0.232906919240608	2	2	0	-6.73412750316926
chr16	46386441	90095170	0.265736867360022	1923	0.110197227422758	0.668799859778036	60923	0.231675573688383	2	2	0	-6.7337159227996
chr17	137603	16474717	0.271896471869453	812	0.110838453252936	0.665393561487711	38894	0.220936418251656	2	2	0	-6.74323060783339
chr17	16477017	21302292	0.498844633835958	385	0.0889699705984555	0.968993974439724	13627	0.325368444699033	4	2	2	-6.73982204320992
chr17	21302330	22715632	0.44420360780395	209	0.115583072230792	0.948654446545972	1340	0.391277293302374	4	2	2	-6.87720876695467
chr17	24421526	30808851	0.498980213448621	162	0.0948399199756094	0.967676141461174	12448	0.336325651521132	4	2	2	-6.74288786645759
chr17	30971286	32337986	0.241403301117974	65	0.114437924052905	0.542688386622078	2465	0.269931647004855	2	2	0	-7.21817348073589
chr17	32344109	83135282	0.498912173386258	2473	0.0859494617602488	0.972854260732569	131271	0.341119760299641	4	2	2	-6.76861098599189
chr18	47554	1263418	0.474461070375672	96	0.105200559813566	0.954408502791255	2121	0.369287145389664	4	2	2	-6.77325968925649
chr18	1263645	2820294	0.25081157109689	35	0.14379174950911	0.687036845659322	904	0.260829480034398	2	2	0	-6.74794898971201
chr18	2885120	8864813	0.49887666093246	219	0.0827445198507449	0.978485719435706	6295	0.358586366835076	4	2	2	-6.73411235625113
chr18	8937747	15341512	0.420371964029652	286	0.0952483362844798	1.1929061346117	10002	0.493498536858762	5	3	2	-6.77091186185854
chr18	21239143	54171414	0.498875959063478	421	0.0826508289017966	0.958422812517456	27002	0.356005134537323	4	2	2	-6.84163295339836
chr18	54204938	59048106	0.241699264201107	89	0.104497066343327	0.709551034248909	3947	0.272204746037891	2	2	0	-6.89176458128516
chr18	59140076	80251092	0.498812586073823	383	0.108562572744954	1.01968063111117	14780	0.439083441247543	4	2	2	-6.81403415530849
chr19	263280	24394098	0.180956499213953	2564	0.0966207390526099	0.968329172546055	109785	0.343616004810229	4	4	0	-6.76561036430942
chr19	27392072	30548762	0.498671186426222	35	0.120465602329204	0.707113009256349	1385	0.29708747587156	2	1	1	-6.79627497707958
chr19	30792123	32344285	0.243465527459198	25	0.080441241495475	1.95383158399264	1632	0.926407857816632	11	9	2	-6.74288301500785
chr19	32376877	32979968	0.256912782168174	72	0.0955273631619551	0.967480926458449	2066	0.372502633892413	5	4	1	-6.88924184790621
chr19	32989170	35322342	0.261308753637918	335	0.100985616657278	1.93198068588624	11256	1.19241346908805	10	8	2	-6.73522188057422
chr19	35345037	57254064	0.26018167480792	2349	0.106975725055677	0.661628713506353	85595	0.220442469952004	2	2	0	-6.77257893654742
chr19	57284824	58089855	0.323045590826763	94	0.0928466637749994	1.54177895234321	7097	0.508279975371774	7	5	2	-6.7544841923598
chr19	58092952	58586610	0.401566692252634	91	0.0870378708643023	1.12142344908685	2873	0.468315905355694	5	3	2	-6.80168967421103
chr20	153555	26273425	0.498892948006559	783	0.0899624915624719	0.976706996293138	30402	0.357860743399923	4	2	2	-6.74040942181773
chr20	28559767	37499105	0.411524190931913	848	0.112945791065638	1.2492044725768	26733	0.513479366094701	6	4	2	-6.81367603289792
chr20	37649333	64327831	0.498896001985245	883	0.0882950319123664	0.980425548216537	45439	0.348208281224739	4	2	2	-6.73515384960586
chr21	5218123	10396861	0.300862069880883	271	0.131822896812711	0.833140581269134	1669	0.375435282789659	3	3	0	-6.98091744984703
chr21	10396948	13035101	0.421532056444356	279	0.124853149706031	1.06720722073003	1879	0.402250958524657	5	3	2	-6.78066926616226
chr21	13258899	33276503	0.269746704478324	278	0.114729957716688	0.709866388683041	11056	0.280166825124844	2	2	0	-7.2156485817387
chr21	33276818	39926067	0.49879373215996	165	0.106590679812599	0.919726785856196	8988	0.390001568338983	4	2	2	-6.85143034320045
chr21	40057783	42219956	0.39446202757526	132	0.09548689889342	1.27440965703489	3767	0.483439109491897	6	4	2	-6.75101706012084
chr21	42276889	46649541	0.498857984487297	414	0.0903113040844631	0.981298525247169	11688	0.341343542625427	4	2	2	-6.73333269530086
chr22	10685500	12800959	0.498689831279941	500	0.134675851844866	0.992670008064776	2487	0.480155456228273	4	2	2	-6.73348324796284
chr22	15541395	50808396	0.498906700844107	2351	0.0924951245873876	0.93826036218811	87079	0.334333471945313	4	2	2	-7.13845925049752
chrX	267093	52862789	0.26440706159147	246	0.135075006846926	0.944906291939896	28269	0.331118229518102	4	3	1	-7.3609148164053
chrX	65956689	155991011	0.450229117587298	36	0.143671141240671	1.02193742134901	43454	0.385923439423405	4	2	2	-7.27632765641683
chrY	3852176	11856390	0.405609069483576	133	0.126929142347349	0.975600489606478	1730	0.38502871419196	4	3	1	-6.89111072745433
chrY	12777994	56884113	0.449489089244945	191	0.123573030674853	1.01763880579455	2560	0.401279439267251	4	2	2	-7.00888189456367
