chromosome	start.pos	end.pos	Bf	N.BAF	sd.BAF	depth.ratio	N.ratio	sd.ratio	CNt	A	B	LPP
chr1	139213	1646352	0.0329236939500897	160	0.0581486218653784	0.645407783399044	5258	0.322557842031747	4	4	0	-6.79705377959589
chr1	1646398	1734812	0.498083004050444	24	0.190716683226375	0.666781995031827	523	0.26055093250564	4	2	2	-6.73519634814108
chr1	1739131	3865551	0.0285177327445291	158	0.0576220105317256	0.609963296495027	6088	0.21530430097197	3	3	0	-7.16636503618032
chr1	3872647	4144631	0.158973363327183	12	0.162687910001346	0.611994179929611	257	0.258006793048164	4	3	1	-7.02173784243659
chr1	4175623	13116324	0.0297921504276346	487	0.0557590395470332	0.614265455840735	20923	0.226923873787736	4	4	0	-8.18621293891419
chr1	13175583	13245418	0.498509064463434	30	0.162778140389015	0.611552333082216	194	0.199525207221703	4	2	2	-6.75316903605978
chr1	13258593	16056853	0.0290977389190616	192	0.0384696336439059	0.616069474069834	6277	0.212110870465922	4	4	0	-7.31369463735461
chr1	16057020	16059513	0.498349092852971	9	0.16930626424061	0.755306950284018	32	0.348071250990554	4	2	2	-6.73315209341329
chr1	16059921	16587138	0.0296197264253241	68	0.0828414926595239	0.621820513076903	1891	0.212282287326347	4	4	0	-6.8353168219661
chr1	16587644	16648171	0.384902648784706	54	0.156453925765675	0.737978868677341	554	0.332956377436585	5	3	2	-6.75120701536092
chr1	16648477	16704234	0.121042506835017	10	0.132899293535452	0.595787839948949	161	0.267662122607742	3	3	0	-6.96331483792845
chr1	16705636	16721581	0.285904184491933	9	0.0958149257683791	0.701457399221462	85	0.28891272319621	4	3	1	-6.76268448422514
chr1	16757287	16772011	0.497866813541149	11	0.178370299199064	0.679934313158442	144	0.290620609599141	4	2	2	-6.73322527265038
chr1	16868650	16947199	0.423848639713552	44	0.16645767164118	0.603212993448571	521	0.189035019160262	3	2	1	-6.87920882999229
chr1	16970140	21986704	0.0293167363545487	343	0.0513217916223719	0.610785844216793	13748	0.241668694583988	3	3	0	-7.50293503468404
chr1	21989169	22002727	0.0413850868622627	11	0.19978761450373	0.730754635811607	82	0.152296239892309	4	4	0	-6.73584982011321
chr1	22002914	30464705	0.0310238775784648	403	0.0629671597151835	0.628908992847242	22767	0.247478837524273	4	4	0	-7.60439329306867
chr1	30655501	30718669	0.0466372958185706	9	0.175409520836242	0.543902639510011	122	0.184777067735346	3	3	0	-6.73464659634256
chr1	30723408	58554949	0.0354272960706041	1011	0.0592253648408052	0.536581968077938	54903	0.199305907511098	3	3	0	-6.73442291066397
chr1	58576509	58631181	0.265930342850481	9	0.107386891399483	0.456701067068547	48	0.130125226101956	4	3	1	-7.07204277177856
chr1	58646032	74200710	0.0384709275209347	279	0.0592957159003761	0.498524040538582	11303	0.199138534895454	3	3	0	-7.81171327925969
chr1	74200823	77730843	0.282433747179145	95	0.107403638417666	0.702450443869642	3789	0.369837236392266	4	3	1	-6.749619118823
chr1	77790553	88853507	0.39433430195889	208	0.0959110647627488	1.12217699521548	13049	0.502366216200603	7	4	3	-6.93098614988392
chr1	89013171	89299374	0.265175348595132	26	0.0635364099128632	0.677453481839435	893	0.194549920969866	4	3	1	-6.73897678817705
chr1	89541438	100337781	0.0388350836515559	207	0.0815968085360344	0.508342621648027	9767	0.194680430298188	3	3	0	-7.20629974165179
chr1	100567913	109508616	0.254113280570457	190	0.118246944003141	0.696645903786004	8274	0.299818742341279	4	3	1	-6.74162217643677
chr1	109543829	110518440	0.0760490020201534	65	0.0515255491143807	0.783845728856878	2797	0.926229885949515	3	3	0	-7.13859900445974
chr1	110753723	114538254	0.348376964693172	118	0.107205620772923	0.87601122820642	8695	0.346050414046851	5	3	2	-6.89602320286494
chr1	114563473	114854384	0.0549959295520964	76	0.0479346118952043	8.2003494614756	7270	5.10711819613532	20	19	1	-6.73845961441326
chr1	114857319	117191415	0.11987465805101	212	0.0908231853742213	3.64178930644275	13752	2.41120239761057	18	16	2	-6.74242808637843
chr1	117271343	121564769	0.499074970145929	101	0.086916939979762	1.02815104050935	6520	0.370988965436268	6	3	3	-6.73351874462664
chr1	125065988	248945478	0.420602154800089	3858	0.0940147450084875	0.843438267080057	214298	0.313450446110978	5	3	2	-7.3032237678364
chr2	41404	89840490	0.395722004655822	1979	0.0946929371524345	0.592550547440835	100700	0.226586558685499	3	2	1	-11.3354280168401
chr2	89843654	91960731	0.163305539928816	53	0.141079574350733	0.511323616579016	1369	0.189662332593894	3	3	0	-7.25545461595414
chr2	94244288	95954125	0.4957277372424	86	0.123209470406342	0.601228258059267	2194	0.252678158538221	4	2	2	-7.09871802767664
chr2	95957191	127514444	0.347202952551546	647	0.111001684501751	0.539115571875124	30992	0.200126017144171	3	2	1	-6.74069406259269
chr2	127521007	242004138	0.254764029212298	2931	0.10167481132898	0.680211484586612	152060	0.246511799997699	4	3	1	-7.71657819115483
chr3	176516	90613961	0.498898891485648	2023	0.093646941232095	0.704776441492023	125529	0.254049455296681	4	2	2	-6.74336005478451
chr3	91404517	195289265	0.498905659346575	2177	0.0919485618909989	0.708500369334264	118957	0.267496760183681	4	2	2	-6.79928815796349
chr3	195534195	195984171	0.412881261504162	134	0.128678489166737	0.706983512439672	2252	0.235864852798017	5	3	2	-6.93241718983572
chr3	195984626	198139850	0.498804228374546	124	0.105250533474885	0.721587975094278	6200	0.255752254213037	4	2	2	-6.74755709478474
chr4	46210	48798893	0.498897666457164	1382	0.0857870109085427	0.702559820446264	55396	0.265239615508747	4	2	2	-6.73317801786276
chr4	49092102	49711665	0.484731992089211	167	0.129099137050066	0.66906497433989	1614	0.321469386880483	4	2	2	-6.74986138668458
chr4	51995812	190118731	0.498853727791282	2431	0.10226156939441	0.611706709354613	111550	0.237719617601684	4	2	2	-13.737527419882
chr5	114459	710226	0.0627501066767926	89	0.127882185709578	0.391984326686634	1394	0.173265869175274	2	2	0	-6.76901072236169
chr5	710687	1292868	0.171353745242777	69	0.0863882273877757	1.45279951987223	4050	0.722596458260591	7	6	1	-6.77904342596461
chr5	1317366	5376628	0.0653805804757901	54	0.110352924720687	0.364467775383287	1699	0.153285102951008	2	2	0	-6.77698195764446
chr5	5653652	7870860	0.20780354017286	98	0.123198063220983	1.45527001607105	3160	0.991927386210143	9	7	2	-6.75514500047167
chr5	7872190	20305532	0.0523733390434641	136	0.0574048934019773	0.367299469208713	5912	0.137946135524542	2	2	0	-6.78686642093628
chr5	20615042	29267181	0.308569008782641	95	0.11168456420338	0.77346862365127	3225	0.411420157176393	4	3	1	-7.09762004582022
chr5	29361223	30495059	0.0260525706497555	12	0.0350076831393893	0.344237118822799	163	0.146592439284299	2	2	0	-7.29722285344655
chr5	30661289	34197037	0.252618322866578	150	0.105781300073265	1.27895242915652	8864	0.628775200843794	8	6	2	-6.7563420648506
chr5	34314590	35614125	0.12148758303352	162	0.0903007338228609	2.57027417275198	5631	1.72563707443518	17	15	2	-6.73605879172674
chr5	35619458	37183388	0.178781339531551	119	0.103580922019223	1.83395555679239	6749	0.870295666701864	11	9	2	-6.7388935975209
chr5	37331882	41149182	0.39747344428276	88	0.0968600767991331	0.670026590265789	4814	0.332195106432619	4	2	2	-7.38524463947302
chr5	42926955	46206800	0.234863417347985	75	0.110254369282791	1.35758948909534	4102	0.843894973578126	8	6	2	-6.75825734583722
chr5	49599598	50405921	0.340853762692387	86	0.127987707279935	0.661374631173753	824	0.24900641787581	4	3	1	-6.96706814367138
chr5	50448053	124799893	0.498886240519033	1296	0.0876232000913106	0.713818109480658	64179	0.275061572688619	4	2	2	-6.88477040133117
chr5	124845691	175836076	0.0455402195082203	944	0.0654047654570519	0.375058796055164	50030	0.132784705463061	2	2	0	-6.89117363522411
chr5	175920006	175967178	0.498356822803357	9	0.187647941635393	0.400423388049228	80	0.187048343781474	2	1	1	-6.73758796361667
chr5	176009659	181199927	0.047473227549194	260	0.0820804733088455	0.37357178851469	11444	0.130851976085138	2	2	0	-6.74317649357503
chr5	181222596	181281775	0.49803809282644	10	0.197009334240228	0.366499133620911	355	0.120335771850231	2	1	1	-6.73355707000718
chr6	203722	32639042	0.405534182579012	1873	0.0916843045530169	0.870019467475469	68858	0.33449558743344	5	3	2	-6.73434025501572
chr6	32642231	32660697	0.0771523972391408	16	0.0615323424441705	1.1207890556912	54	1.0397179709515	14	13	1	-6.73914538115038
chr6	32660818	60964235	0.404614461906984	1277	0.0929544776215546	0.871410881299091	62731	0.325182271645468	5	3	2	-6.73598740883806
chr6	61181989	61803671	0.104432050581456	26	0.0776594241148243	6.56516818139528	659	4.25118307896896	20	18	2	-6.74239447372931
chr6	61931807	170640200	0.35089445316497	1887	0.107794069579122	0.527027351270929	89143	0.191408565118921	3	2	1	-7.29810875328196
chr7	35489	58091527	0.498897021308324	1833	0.090505926676254	0.708493193392645	74109	0.268822591588058	4	2	2	-6.76983176086979
chr7	60981665	76953337	0.498834609062983	656	0.101869051741712	0.704249430727302	27088	0.287281250505797	4	2	2	-6.73398377101434
chr7	76978826	87566300	0.0508420035603213	126	0.0847755700059945	0.370868313996429	6052	0.132284467574955	2	2	0	-6.73587066325737
chr7	87605430	102772454	0.444307402735896	608	0.088056923658955	0.699277903933554	35236	0.253327487455699	4	2	2	-6.96658449251089
chr7	102777306	128679906	0.0429762199885144	248	0.0677728384645201	0.376710125282542	17215	0.136229091755644	2	2	0	-6.90432343827751
chr7	128715404	155895017	0.345573356201577	941	0.105969015729845	0.534581827933074	40510	0.192050782052085	3	2	1	-6.74172109505214
chr7	156640099	159093073	0.0506034361746896	87	0.107520934721421	0.377986722722543	2621	0.141732594521184	2	2	0	-6.75525483593489
chr8	243622	43302033	0.49888392887012	1218	0.0928627536494068	0.705984097735222	56283	0.266281648510245	4	2	2	-6.74297607060899
chr8	46930694	145066250	0.498899912152991	1999	0.0909425359168418	0.704001963472409	99234	0.268907756149865	4	2	2	-6.73778334791753
chr9	111919	271638	0.0752569081653216	10	0.093884148466785	0.425993494011471	85	0.184502451533438	2	2	0	-6.81291921552674
chr9	286491	673552	0.499445223613997	32	0.043068166149534	0.697635401548413	864	0.25567350607204	4	2	2	-6.73328827328103
chr9	730460	908214	0.192512933705083	41	0.0961689189687071	1.68786875772563	912	0.959315254443625	11	9	2	-6.73500935825279
chr9	936473	2275859	0.0630202316662314	19	0.0863459314793751	0.390015374168008	652	0.218835678415256	2	2	0	-6.77721962756173
chr9	2530718	3577936	0.49908220787892	29	0.10312201630256	0.70477000609961	1086	0.294976737820545	4	2	2	-6.73316495519562
chr9	3617602	5122932	0.0521908407688449	38	0.0695930918646196	0.398744734066178	1124	0.229285663265327	2	2	0	-6.8182324268759
chr9	5320596	16181430	0.316544138461418	267	0.111260844544293	1.04079718943586	12557	0.551924042604738	6	4	2	-6.76061390712302
chr9	16208456	17074482	0.182817093625596	40	0.116337693695375	1.7760457492395	1941	1.16633879614594	11	9	2	-6.73543383412444
chr9	17494913	36034773	0.0427284074351222	301	0.0558685900815169	0.372440594391823	15536	0.128082903331869	2	2	0	-6.76532447893004
chr9	36063691	37468651	0.418057711208403	72	0.11541070432558	1.00464557048344	3907	0.463056443892505	5	3	2	-6.82433218248595
chr9	37486386	38693549	0.0655829996181703	33	0.0665127009971734	0.42117987379399	1679	0.238985006519782	2	2	0	-6.94080814658327
chr9	38838846	41209702	0.153702612472558	176	0.1181522504471	1.0977069746858	1449	0.759283592353453	7	6	1	-6.7520520333758
chr9	41215021	41280687	0.485695311564628	36	0.108562409817565	0.904765671180451	134	0.462577356553091	6	3	3	-6.74666383852775
chr9	41280717	41969110	0.0763276351188696	26	0.116894482333428	0.849300020168718	210	0.43074816834144	5	5	0	-6.85391213632186
chr9	41996327	43242650	0.192911463412622	44	0.166651899803888	0.427480232482464	506	0.346111859243948	2	2	0	-7.23820400944802
chr9	61902966	63357527	0.173522349184667	48	0.14109550485172	1.41259248069645	842	0.784531922191636	8	7	1	-6.77638689939995
chr9	63762247	63858467	0.498396157092608	47	0.149627208664126	0.61695345043058	197	0.313958035718584	4	2	2	-6.7429189592505
chr9	63987173	69014201	0.181692581668284	140	0.128397562154085	1.64322581060101	3699	1.10618035977059	10	8	2	-6.75900875881151
chr9	69211000	77580491	0.0460173166923237	133	0.131606363901472	0.408425536007017	6949	0.201969864450137	2	2	0	-7.67248048577432
chr9	78099030	138177194	0.347601906825781	1928	0.105260486019523	0.544638271314086	96557	0.200738427021862	3	2	1	-6.90839782124712
chr10	47876	77330	0.498121609625713	10	0.150616658367452	0.694854709007807	79	0.286057182146016	4	2	2	-6.73314769351169
chr10	239260	38452933	0.498885521408976	1291	0.092428533583014	0.704648378696215	49493	0.272865518646415	4	2	2	-6.73649394728685
chr10	38489211	39986522	0.350606998241227	66	0.122449224527608	0.621686341903435	463	0.259982285702752	3	2	1	-7.00643741205155
chr10	41858434	133787136	0.334924765878719	2650	0.106775085857841	0.539879282832134	109987	0.196378527655816	3	2	1	-6.78132770454202
chr11	197557	43370880	0.405697991053743	1812	0.0912087981810408	0.855410100106997	78734	0.315544895113572	5	3	2	-6.78540040431793
chr11	43956708	50247420	0.498842107569146	148	0.0932706247983072	0.665773656188312	14628	0.234712942864418	4	2	2	-6.92264690931121
chr11	54591643	60518154	0.498836646466791	226	0.0793630454263887	0.624333594584484	11902	0.220014047782862	4	2	2	-7.60944132226389
chr11	60751904	61616944	0.162163569159283	109	0.0855733198391745	2.12534682959116	8744	1.04549607067023	13	11	2	-6.73374635779991
chr11	61720218	67489566	0.347194503971477	340	0.098947174256891	0.540392591526736	28621	0.170653775926307	3	2	1	-6.73794386465635
chr11	67527912	67808594	0.0317320129315984	84	0.0335038124751933	4.60989520465141	3715	5.39421741293527	4	4	0	-6.75714961741797
chr11	68066546	68642422	0.280782320431264	32	0.0912905621292309	1.1306770774821	2635	0.469132987110041	7	5	2	-6.74910584099106
chr11	68681508	68798889	0.183399678925809	15	0.0925852502908999	2.17120847033053	1265	0.928072423488655	11	9	2	-6.73703737128733
chr11	68800357	68857015	0.0943372318882162	11	0.0838110428827306	2.22335234375623	547	1.72711252852085	12	11	1	-6.73370378317975
chr11	68858341	69107072	0.17066439972522	66	0.0747343952730591	2.28547760140118	2429	1.90995047067041	12	10	2	-6.73442828409727
chr11	69113871	70434886	0.0306138805833779	392	0.0417056837693251	7.71544582045367	19330	5.11575300477461	5	5	0	-6.89140593101855
chr11	70441335	71453075	0.0199373033197507	268	0.0415247205948681	11.3060686984701	15909	7.65008663839087	8	8	0	-6.78759472089868
chr11	71453425	71623108	0.0209876044717006	59	0.0463419052263897	14.5530493170007	6651	7.49840745058807	6	6	0	-6.74607831007585
chr11	71624867	71949609	0.0160883685398023	182	0.017475928612506	23.2092094956714	7795	14.9598602349058	8	8	0	-6.74240042832897
chr11	72138695	72578247	0.274537352409207	9	0.0904356738854259	0.523963024309757	1071	0.175683551630577	3	2	1	-7.09138813797244
chr11	72579155	73309013	0.375540823035432	31	0.0892833353907358	0.540384583450814	1741	0.184016702865951	3	2	1	-6.798437490737
chr11	73337222	73653323	0.290139047416852	16	0.0774402995861974	0.563122845734601	680	0.202727251085679	4	3	1	-7.01495091467285
chr11	73653584	77243853	0.37940383927164	183	0.0982959873185106	0.533660526747966	7257	0.175666203972719	3	2	1	-6.80409467220516
chr11	77255600	77735072	0.358029182786847	24	0.11321772662966	0.539641281598238	912	0.188100082648314	3	2	1	-6.73997409471249
chr11	77803384	78176729	0.397977876541382	29	0.0986278770332142	0.546265198838275	910	0.197986338092316	3	2	1	-6.89677087805406
chr11	78183770	79235314	0.0125259973514061	356	0.0249096946294546	24.3194412913551	27095	16.8074022990046	10	10	0	-6.74904612301241
chr11	79252241	80304624	0.0757957749978417	62	0.0736131731393979	4.50692685010443	1901	4.35095154656711	15	14	1	-6.7447519930032
chr11	80349299	130547026	0.347838102927446	1133	0.104863067237198	0.531686482500639	55566	0.187023147426743	3	2	1	-6.81585919976346
chr11	130846262	134204291	0.116411191007913	41	0.13036373130217	0.197375189486724	1155	0.0738256995956521	1	1	0	-7.38324588845356
chr11	134234839	135055605	0.371701590001288	25	0.088334553450693	0.519027707662248	960	0.160256841340347	3	2	1	-6.8053529242867
chr12	12820	57698	0.143065551470739	20	0.0618831666593547	1.57714453356247	127	0.759335623951145	8	7	1	-6.74130735349499
chr12	60022	34523014	0.498892627199031	1208	0.0873304682005837	0.706441173377032	58776	0.258495335231518	4	2	2	-6.74371042773563
chr12	37418138	41862446	0.459155324860584	73	0.113366386531147	0.875579216259047	5077	1.50979432092743	6	3	3	-6.8417447443419
chr12	41990787	42442468	0.121039499824645	95	0.072036840456663	3.37641353169436	3223	2.32481878982272	17	15	2	-6.73496178461637
chr12	42447153	45071694	0.449825386547401	48	0.0991878165955522	0.885437440170374	2363	0.904773827173223	5	3	2	-6.85544701280537
chr12	45598113	45836248	0.107183127265851	13	0.131173842373687	2.54266263730303	689	2.93502937309626	19	17	2	-6.73421165814045
chr12	45896165	57405292	0.342073500635568	570	0.0965389938085304	0.557383348419851	39853	0.211349271491114	3	2	1	-6.94212610259409
chr12	57473820	57672194	0.281912669474699	47	0.0774752205917184	1.22887365228639	2819	0.346188158246156	7	5	2	-6.7459701312088
chr12	57692781	57846798	0.0673874113544767	35	0.0555534113498446	5.17157476298204	5850	2.69792945994521	17	16	1	-6.73849937151283
chr12	57878703	68474276	0.353631690101085	157	0.123134644261249	0.588563724072105	8270	0.326568647179243	3	2	1	-7.19947601544532
chr12	68681501	69277661	0.00800224313495396	175	0.0604524527841431	30.6455360448447	26382	19.8868056532608	20	20	0	-6.7380516006618
chr12	69289722	69536703	0.0152125450553557	125	0.0178583602902972	20.1496675241662	5302	13.9770155943465	8	8	0	-6.73862189705634
chr12	69547374	72506995	0.0947262527808462	259	0.0729359586625566	3.27292670335927	14569	2.35901526419763	20	18	2	-6.74480805720339
chr12	72568767	75920967	0.257824303596235	61	0.126625295947415	1.22632234790693	2396	0.877551912688493	8	6	2	-6.76236132496813
chr12	75989560	76291634	0.0511487697522015	120	0.0501040031779276	6.12252694703414	3131	4.70152006534424	20	19	1	-6.74052449278059
chr12	76306878	77182260	0.365474202081636	37	0.106928718082425	0.94873328618751	1775	0.527939912477982	6	4	2	-6.78070859973206
chr12	77192597	122543549	0.376853596796023	1037	0.106153632792303	0.561706683229471	61893	0.205482074594693	3	2	1	-7.86918915934022
chr12	122552924	133259913	0.493077876357431	468	0.0871728705954485	0.697824817084296	21250	0.260861887291074	4	2	2	-6.74069717090543
chr13	17907349	114282225	0.49889808471741	2096	0.0943392397708514	0.703871488140331	87093	0.279174168351861	4	2	2	-6.73673087794243
chr14	18330620	19679223	0.498592086847881	68	0.127222350860156	0.705161618236588	827	0.277777221783273	4	2	2	-6.73327440749445
chr14	19780669	24580891	0.485974463049441	592	0.0713322826676568	0.71336639141341	22981	0.226572417651226	4	2	2	-6.7697745683707
chr14	24620226	29593996	0.363595200088062	40	0.109207257084866	0.686502051260315	1540	0.264327917465274	4	3	1	-7.21200790815438
chr14	29597723	106874951	0.498907589664999	2275	0.0891760640044878	0.71661339731257	118327	0.271900175799228	4	2	2	-6.97753270927716
chr15	19881189	82694006	0.498877710567333	2479	0.101923171169281	0.653453872133139	117442	0.240105370184136	4	2	2	-9.00602112862324
chr15	82726502	84399551	0.072545073798347	26	0.11057144575063	0.413828860545583	1820	0.176568900859125	2	2	0	-7.09974074496743
chr15	84483639	89333005	0.49892907987356	171	0.0887749511431259	0.706631616349411	7282	0.254956287340298	4	2	2	-6.7347947353136
chr15	89345600	101915195	0.321340520996602	394	0.104887401500139	0.539716348119964	14890	0.188138432814328	3	2	1	-6.77165805313056
chr16	19781	5162252	0.498910660278073	793	0.0796661928781217	0.719780199509607	30372	0.244336860546063	4	2	2	-6.76415426313044
chr16	5241839	5876122	0.13293404855158	14	0.118417681334956	0.398929181212619	271	0.201367795505034	2	2	0	-7.02917290792944
chr16	5881346	30761624	0.498875865841618	1193	0.0962013643195775	0.703716843897337	54247	0.259650041057284	4	2	2	-6.73398804149826
chr16	31094233	31487764	0.2445451134902	30	0.122868161284652	1.38098252622345	4932	0.586987849456389	8	6	2	-6.73979345457015
chr16	31755600	35344301	0.427024974899401	89	0.105237019075329	0.664144678805445	2784	0.273011901199684	4	2	2	-7.0973948407581
chr16	46386441	49375342	0.447504574058138	84	0.109802035262518	0.662257708027217	5842	0.263606138571803	4	2	2	-6.95485696027489
chr16	49378620	90092111	0.498908423298807	1844	0.0866009105666504	0.706324349786088	80958	0.253913218588634	4	2	2	-6.74535897165392
chr17	137603	20357788	0.343031423232045	1281	0.10275395855623	0.538877926465182	56840	0.182429057383716	3	2	1	-6.73818024076543
chr17	20428825	21817880	0.498704115159911	233	0.11812334161605	0.350492954081953	1932	0.144835706019939	2	1	1	-6.86593941216029
chr17	21969336	22715632	0.444726797936789	54	0.151447284142747	0.463044492596303	408	0.253308117581956	3	2	1	-7.12692756716717
chr17	25074459	28490025	0.108507156115832	59	0.147735580921629	0.211610793682881	2056	0.104810683741807	1	1	0	-6.8564571400183
chr17	28529243	29429553	0.223830875949689	99	0.114290022465696	1.25478323549476	8372	0.517675187237082	8	6	2	-6.79858223620389
chr17	29508120	31578397	0.498600327910247	100	0.136132594305417	0.518636587698407	5520	0.237654232447893	3	2	1	-7.43183750216657
chr17	31709542	32005268	0.0763757125932557	17	0.111277673359193	0.242946743143916	389	0.111680369252471	1	1	0	-7.1173205094319
chr17	32026754	34952106	0.498686795884657	73	0.126229240498282	0.677748465208088	3738	0.355460759406803	4	2	2	-6.75065867925214
chr17	34980567	35265572	0.0451780164532498	15	0.102437762754246	0.404424987859774	1087	0.148408927831314	2	2	0	-6.79367339114154
chr17	35442015	38837402	0.49877715272552	175	0.114477053867004	0.867913656763396	10595	0.431867091453403	6	3	3	-7.04738849121834
chr17	38852819	39297232	0.212884791688526	96	0.099455491235236	1.75807108353231	4201	0.867692529263874	10	8	2	-6.73544471135171
chr17	39301089	42338541	0.315293156298598	204	0.107960506438462	0.623797744348855	14086	0.232762738396173	4	3	1	-7.3018119726764
chr17	42391974	45383980	0.0415044538850021	173	0.0536975530909748	0.414532801647046	11238	0.141525155693056	2	2	0	-7.68694675720838
chr17	45470489	45582690	0.498611201890793	9	0.19745829376802	0.373156062983602	205	0.208541770774632	2	1	1	-6.73308654308528
chr17	45918774	51635250	0.0459849095365675	242	0.0656216590495476	0.405560701687772	12683	0.146182553592355	2	2	0	-7.77351877184509
chr17	51831684	53642883	0.208777587605244	45	0.0887339229996572	1.53674743298802	1276	0.849105263847403	10	8	2	-6.74756625979283
chr17	53673537	57647957	0.421293250825737	112	0.11458722855202	0.933535170227392	4546	0.500944931203432	5	3	2	-6.79600028985121
chr17	57705303	58945428	0.248912540032009	145	0.107219480291703	1.66378515644156	8702	0.804802568737856	9	7	2	-6.76051026853591
chr17	58958988	60948360	0.358635733050147	165	0.119621181756859	1.09167553145586	8713	0.549241571681979	6	4	2	-6.75970476183178
chr17	60949164	61527580	0.121135853596273	99	0.0888715392262123	3.02794907589081	3795	2.42995432896648	17	15	2	-6.73354152149214
chr17	61558674	65126597	0.360354284287524	329	0.110179180990738	1.10944648025353	17036	0.504274602951489	6	4	2	-6.79614173698542
chr17	65163105	83151013	0.498901613773078	1472	0.087702764799337	0.755503323012872	55276	0.2884474403964	4	2	2	-7.35515906631165
chr18	47858	110425	0.33592478494027	32	0.127733593732197	0.621822618234626	358	0.221606223890602	3	2	1	-6.75318980581399
chr18	118580	15341512	0.498865709538515	468	0.0894139011005782	0.708320664024485	19961	0.282410742744422	4	2	2	-6.74140935957379
chr18	21355440	80186948	0.498886614197251	1050	0.0921765617227464	0.697331925919373	52401	0.26797678867212	4	2	2	-6.75796746428412
chr19	372531	24394204	0.498921478744493	2944	0.087732285656005	0.705684970756545	122352	0.248372728551792	4	2	2	-6.73845942886904
chr19	27392167	58572351	0.498920715362528	3142	0.0948184943457436	0.695922590185527	139441	0.240062263259553	4	2	2	-6.760151919184
chr20	157484	25693324	0.478807444880825	752	0.0901858175324469	0.703035561646076	33451	0.260999248531316	4	2	2	-6.76621409279249
chr20	25773465	26081442	0.247108422521927	22	0.0894268425762655	0.671501949665294	211	0.332297344910306	4	3	1	-6.7591350268128
chr20	28559257	33548497	0.374651069682966	686	0.118582303572333	0.655707920123664	9945	0.332542807094237	4	3	1	-7.33523661386914
chr20	33625679	35324568	0.290699917534883	92	0.121540156144633	1.28324272739932	10102	0.587136574323998	7	5	2	-6.74705242968892
chr20	35327768	47665981	0.423516913215644	494	0.0877312733639188	0.863342021236664	33149	0.352131565269104	5	3	2	-6.76197221766299
chr20	47722697	50973944	0.37313002928003	94	0.0915048902109047	0.555163627286428	5857	0.213335534577151	3	2	1	-6.83251542852901
chr20	51125403	52697871	0.141112030947077	310	0.0854832778522109	2.49440784017766	9237	1.72879675976462	15	13	2	-6.73334221065374
chr20	52699991	60660410	0.0805285617073768	1154	0.0677007834352572	3.81701146705521	46696	2.57322133338722	18	17	1	-6.81928619194596
chr20	60679837	64331973	0.126662042159441	646	0.0851317750916011	2.76136515719097	32107	1.47091815361924	17	15	2	-6.73512037411425
chr21	5218123	13035101	0.347369002143151	578	0.126060061149395	0.673174174286641	3382	0.285048127564768	4	3	1	-7.08336399316751
chr21	13249755	46692843	0.498893350385565	1174	0.086354862560866	0.703294374213702	43769	0.278369269929734	4	2	2	-6.73362787209789
chr22	10685500	12783532	0.493712402636732	632	0.12813056541754	0.703384274489434	2762	0.268462327623825	4	2	2	-6.73451438982987
chr22	15541395	50744827	0.498911325289737	2540	0.0924862176779717	0.705919331066958	96445	0.253253319654753	4	2	2	-6.74171507898082
chr22	50772319	50808287	0.279649579220382	12	0.179433177399039	0.696967587125341	136	0.523903687368532	4	3	1	-6.73728005704146
chrX	278445	52862789	0.498918737474035	308	0.0976751168134426	0.721089098436316	31698	0.266022827765053	4	2	2	-7.02826241761266
chrX	68119116	154400837	0.499188647016422	12	0.0766967167722085	0.699980542809009	42639	0.236718436335972	4	2	2	-6.74334807975918
chrX	155740785	155994259	0.256841084913506	17	0.16040983815362	3.34901909697008	893	2.37370276424194	20	15	5	-6.73336445687484
chrY	10796678	11856342	0.460559861285725	102	0.14162993448445	0.746835393639738	829	0.531179910751251	4	2	2	-6.78770027122662
chrY	26437016	56826098	0.0723593668192178	18	0.131740448426571	1.06155205448849	158	1.12861331646426	6	6	0	-6.8376916599271
chrY	56826657	56881273	0.268647797791011	202	0.124552005241799	0.918373590373643	725	0.536746758633352	4	3	1	-6.74185079215885
chrY	56883078	56886992	0.106426516416523	20	0.141875742520663	1.69557300750663	61	0.826594819833069	10	9	1	-6.73333927247135
