chromosome	start.pos	end.pos	Bf	N.BAF	sd.BAF	depth.ratio	N.ratio	sd.ratio	CNt	A	B	LPP
chr1	133160	69903332	0.335780207479877	5458	0.117880376468139	1.07493729983526	194263	0.387432878285487	6	4	2	-6.85494536315038
chr1	69931464	74489385	0.00223539560243102	64	0.0588071720298031	0.740548717392007	2824	0.336450200834731	4	4	0	-6.79833619123931
chr1	74540343	84658477	0.498803260999316	261	0.0970551758630302	1.37494611901294	10774	0.529413156064938	8	4	4	-6.74141500831905
chr1	84746899	105242693	0.000591923600860522	508	0.0202320994673358	0.718402632033908	19783	0.27530113180494	4	4	0	-6.81532852347711
chr1	105265734	111037660	0.00137783816004722	231	0.033641811280235	1.08241171023939	10663	0.38527749117899	6	6	0	-6.75136250406629
chr1	111104886	116133414	0.00105076634593387	167	0.0208306683719847	0.710168089378761	8623	0.271983148870003	4	4	0	-6.74037550312971
chr1	116567414	124741523	0.434245936732812	245	0.116821940037557	1.77229300300838	9845	0.748974174724199	10	6	4	-6.78474138593014
chr1	125094663	184708407	0.356030152135993	2553	0.111105786105307	1.08826733987929	100346	0.365265009254778	6	4	2	-7.0423834909543
chr1	184726461	198195511	0.000301694586337165	228	0.0129432427559575	0.682206914723297	9169	0.252946244013038	4	4	0	-6.8605126295424
chr1	198198157	248945580	0.498877756933378	2483	0.12186781446127	0.719599659922317	78425	0.262581471934793	4	2	2	-6.96899123229194
chr2	173150	8038668	0.000532126621507312	91	0	0.356957746583723	3561	0.150690522203969	0	0	0	-Inf
chr2	8176766	87405494	0.00521937036153972	2515	0.0349405710739998	0.707697877221468	97005	0.267908466829543	4	4	0	-6.76797021166764
chr2	87554235	88056782	0.497881432852554	9	0.177082686273328	0.823784663349869	323	0.341052157732202	4	2	2	-6.79777600713681
chr2	88081198	89610726	0.0133669040530628	81	0.0568953962207059	0.761333162540367	2246	0.308355729116696	4	4	0	-6.81585753420927
chr2	89639439	90083143	0.00370638899639453	9	0.237300969235273	0.21629935560885	213	0.256876263481102	1	1	0	-6.87989320941422
chr2	91467353	91987666	0.0357299176613151	27	0.176264014617286	0.667815793715922	618	0.292956321212527	4	4	0	-6.7637492783431
chr2	94190317	95939051	0.498638066869268	37	0.126775072151109	1.36479240949724	3146	0.536435066337423	8	4	4	-6.73575469575149
chr2	95939297	95954051	0.0860413745300844	58	0.0991714434533058	1.08989572914237	167	0.463609165345175	11	10	1	-6.74829124834871
chr2	95957191	105029894	0.349973140316777	559	0.109836238151811	1.65753371324219	24265	0.620392623817988	9	6	3	-6.78107717305616
chr2	105033866	125298913	0.374866192039946	627	0.12141673855949	0.95464962745519	21122	0.365889936544931	5	3	2	-7.34135227936148
chr2	125376774	224946864	0.498882684318003	2956	0.102087851653041	1.21413153104277	152238	0.424182035397733	7	4	3	-7.0418697390539
chr2	224983673	242063016	0.00326470943729645	892	0.0245720599945359	0.551369773383712	26551	0.205252005573622	3	3	0	-7.15747724525703
chr3	51295	7649401	-0.00131031915035279	239	0.0215805911768992	0.848700902101572	5515	0.315275059146669	5	5	0	-6.79840723954408
chr3	7672846	17325573	0.00201801759905718	614	0.0269789986805505	1.03780309624149	22150	0.366275364906975	6	6	0	-6.74163192451761
chr3	17397651	22381829	0.261383901429557	126	0.127928901881115	1.33513359164885	3908	0.496496676782747	8	6	2	-6.76621262943179
chr3	22562233	45329333	0.0021526038188841	876	0.0112439657514	1.02015612037904	32774	0.379714580055401	6	6	0	-6.82492388256592
chr3	45374066	45485726	0.0204921057809351	9	0.145976881731321	0.877627922135585	184	0.360523240265041	5	5	0	-6.74263021645962
chr3	45488909	75665397	-0.000106933362442996	1362	0.02331764494081	0.843596630448659	60167	0.295542477919265	5	5	0	-7.04637084907997
chr3	75665457	75701398	0.498336885255327	35	0.164147274516187	0.703727046388052	116	0.40641132211545	4	2	2	-6.7330915263531
chr3	75701429	90227511	0.00790305307074246	235	0.043794668776863	0.805556358629521	5550	0.347754061405837	5	5	0	-7.23160669362926
chr3	91373993	99326374	0.26574695714531	200	0.108569490055237	1.23188513137699	5433	0.477892351615221	7	5	2	-6.75480903596892
chr3	99533780	128645954	0.384583838559236	1142	0.105972524958807	0.918191282771745	39054	0.31738514109859	5	3	2	-7.08049605806898
chr3	128675467	177051820	0.498846966658238	941	0.125532166339008	0.702960546625156	45596	0.267236232663641	4	2	2	-6.73309359938985
chr3	177186849	180920860	0.00588774528444436	67	0.0147262829737045	0.360098052060613	2727	0.17148022727439	2	2	0	-6.76372124814893
chr3	181345897	198150609	0.498841602029318	990	0.126817274980853	0.70088944215043	26870	0.261278694262983	4	2	2	-6.73421285370937
chr4	44248	161625	0.00710979758097086	9	0.178716333270851	0.710736482423449	280	0.32483256035734	4	4	0	-6.7335101684368
chr4	324484	1355241	0.00223734074057091	119	0.0015490830088643	0.713443770800769	3705	0.240203575919239	4	4	0	-6.75431514585088
chr4	1394971	1671270	0.0131217027254702	12	0.176454990398015	0.751322516029526	324	0.327700908001365	4	4	0	-6.74206100695724
chr4	1681439	33238526	0.0012500655267314	1198	0.0158244697465468	0.706631900337574	30445	0.273462514696892	4	4	0	-6.74419233240633
chr4	33700065	44998350	0.332414738005435	563	0.122887105186944	1.03153494359972	14841	0.390703729573791	6	4	2	-6.75101463544114
chr4	45006443	48937804	0.498837508642269	127	0.0872477004272678	1.38640085412163	5758	0.466258004611811	8	4	4	-6.73451778738761
chr4	49097725	49154530	0.0137171141011111	14	0.133630620956212	0.102178283890278	63	0.0996975251356681	1	1	0	-7.64426885037208
chr4	49157669	49709723	0.262600913639647	82	0.153052579169266	1.01588205680733	378	0.592294965918935	7	5	2	-6.7809813595839
chr4	50662314	63770365	0.498767713324627	351	0.122824752012612	1.23729033311969	12688	0.52756469881589	7	4	3	-6.92364946722071
chr4	64105230	77791014	0.498824216904734	510	0.123304870721828	0.715246261070784	14912	0.266449134852954	4	2	2	-6.76832534958968
chr4	78057987	87491654	0.308233604249483	351	0.123038702693918	1.16990729409449	13946	0.49622505446476	7	5	2	-6.8042661145083
chr4	87499135	104519002	0.47605444581474	459	0.12286655912044	0.873742724346471	14496	0.384027560629514	5	3	2	-6.95367356925015
chr4	104612259	106549340	0.243089780046143	73	0.1014228849825	1.33273428477389	2719	0.450394583108696	8	6	2	-6.7510721836313
chr4	106627833	118554275	0.49878933809603	226	0.120585875673713	0.781385799003752	10141	0.327354820161481	4	2	2	-7.40218352901954
chr4	118694389	126632103	0.336202092024872	176	0.114466061294655	1.02941258632516	8459	0.379181257017509	6	4	2	-6.74950408093371
chr4	126852615	160214972	0.49877361256443	497	0.130253038737716	0.709237387988455	25173	0.286401470661066	4	2	2	-6.75309232004386
chr4	160371124	189941972	0.0032628630826963	589	0.0303548176478921	0.352953607401348	15885	0.15803870913457	2	2	0	-6.73529320072499
chr4	189948757	190179679	0.273464998216185	31	0.196881553825032	0.41181862785764	237	0.219758797287381	3	2	1	-6.96221896553652
chr5	134912	46381390	0.33997476980561	1619	0.12153239988462	1.02796104317922	47545	0.387079234718371	6	4	2	-6.83574462262936
chr5	49599598	49661820	0.0336783565232753	13	0.219264504826757	0.107689141834115	44	0.161386020690823	1	1	0	-7.08442051052674
chr5	50387043	122853945	0.32862623459204	2133	0.117025853953286	1.04149664411743	72085	0.395107955779225	6	4	2	-6.7647654144545
chr5	122855431	181241646	0.498870576287526	1946	0.119143424108231	0.703221544477568	83991	0.257634016770484	4	2	2	-6.73324434271375
chr6	171132	14932347	0.375174444999955	521	0.119067134782294	1.06409811289522	20076	0.399353150686106	6	4	2	-6.81098177787464
chr6	14940257	18122275	0.215870697406042	125	0.127823082372069	0.879710943999849	5219	0.348066386524144	5	4	1	-6.74100125058376
chr6	18147788	24205008	0.401380529242675	271	0.111227820705737	1.84558108624321	9070	0.854350015269147	10	6	4	-6.74661222645026
chr6	24286274	26883780	0.220136765251682	129	0.107127309953115	0.957039222682686	6719	0.390644624637094	5	4	1	-6.82731162407855
chr6	26897010	29927920	0.49887004596694	345	0.0931266318794865	1.45416678970404	9925	0.442359547913697	8	4	4	-6.74543096840564
chr6	29928039	29928343	0.0933854204074979	10	0.0677803642493737	0.745320389299815	20	0.164751255885318	11	10	1	-6.73947382273356
chr6	29928491	31290478	0.422415912555634	331	0.104833506150078	1.67396021677439	10618	0.490587526465115	10	6	4	-6.76685442357769
chr6	31321295	31357279	0.297883305351877	17	0.130502619987223	1.28561847030239	160	0.253714314651577	7	5	2	-6.73845024462647
chr6	31364926	32222629	0.498859837394054	249	0.0849872697614494	1.4394781799705	10771	0.421653214002452	8	4	4	-6.73513677193254
chr6	32222843	32473499	0.256018378136	85	0.102388359643449	0.885394116847511	937	0.268962003399435	4	3	1	-6.8431803269867
chr6	32475489	32553513	0.300419769978842	27	0.120300277203158	0.348764818896391	62	0.179011559086616	3	2	1	-7.02194251710198
chr6	32554045	32584219	0.388548792758646	22	0.138347639170566	0.247142799109299	66	0.160525216777443	2	1	1	-7.18737933516789
chr6	32599377	32661987	0.499063574892988	28	0.088132416007521	0.625238930558609	108	0.446259532215793	4	2	2	-6.73567795610391
chr6	32664851	32668213	0.302271125872104	17	0.141452678638892	0.370281118400642	34	0.222293153266818	3	2	1	-6.76905311745649
chr6	32705792	33606247	0.208725711119941	242	0.10039077175688	0.897564136308027	5328	0.272131976345641	5	4	1	-6.74006009495867
chr6	33652620	34270227	0.499052218897432	87	0.0829776123338299	1.60799626521666	2481	0.540024226557728	10	5	5	-6.74241455747887
chr6	34291767	36298988	0.239927351067534	152	0.125740676974237	1.05982029681675	7237	0.538084113293027	7	5	2	-6.90188947901641
chr6	36307681	37384390	0.499098281277032	138	0.0840146328426368	1.50974541378961	5155	0.572896012628019	8	4	4	-6.7438420500869
chr6	37450487	39161574	0.227919975488389	94	0.107836525341215	0.905843471625372	3381	0.30939284820987	5	4	1	-6.78031953096544
chr6	39194451	42376767	0.481861254397086	233	0.112392573805998	1.5766839835976	8490	0.59888230005817	9	5	4	-6.79836976338349
chr6	42383119	45521021	0.34914987843453	263	0.105262879465097	1.94992617564728	17902	0.692688519079042	11	7	4	-6.74533387939555
chr6	45624246	52438601	0.00164301375618381	188	0.0014463909833713	1.10341154447549	7671	0.414635361157559	6	6	0	-6.78601475351131
chr6	52462568	52949877	0.00796760391805418	24	0.00612372435695794	0.42572792913599	764	0.197417272225341	2	2	0	-7.12174978466971
chr6	53098339	60932338	0.498718291757037	153	0.112733422938376	1.40175982395886	9045	0.531453280620475	8	4	4	-6.73310847455491
chr6	61077116	66904644	0.289062565646476	166	0.103396492963788	2.30811323722792	5850	1.09158564466675	14	10	4	-6.7441291653269
chr6	66929027	69745554	0.196307405452825	115	0.10408351469871	3.65544681611125	3591	2.67163614489733	20	16	4	-6.73436049066303
chr6	69849665	89951857	0.36109029059024	484	0.122309323310855	1.02369253284554	24096	0.378364657948142	6	4	2	-6.82668126035461
chr6	90410745	170640200	0.00250384272169726	2236	0.0354901253687746	0.673138590310835	75527	0.256161679881626	4	4	0	-7.85948862288551
chr7	31439	2079539	0.462593553049845	188	0.117740344458321	1.07380073558853	5603	0.447213249692989	6	3	3	-6.79545685712516
chr7	2107961	34440733	0.496421455270919	1028	0.120677870923097	0.834971553958846	41090	0.314982825103738	5	3	2	-7.5412081738043
chr7	34750392	58091549	0.498802100534931	915	0.120975098933889	1.18163244527337	35012	0.574181602073842	7	4	3	-6.98810640423177
chr7	60958181	69541890	0.385776442024094	420	0.140919398334339	0.927664412766733	12809	0.395344272275063	5	3	2	-6.83899416197639
chr7	69551582	100952148	0.498814065096503	1040	0.128961948909325	0.730487695537799	47690	0.276563365616098	4	2	2	-7.07918410240257
chr7	100952233	100960725	0.140486421816796	80	0.131516931094658	0.750642718222291	441	0.199586105613358	7	6	1	-6.76419022336812
chr7	100960738	152401737	0.430534490629351	2279	0.125088310504107	0.843744185015234	78336	0.308980089827487	5	3	2	-7.23189336748503
chr7	152401832	152407402	0.498310898332626	66	0.186996686083098	0.296573744520351	142	0.152811174393362	2	1	1	-6.73744297745631
chr7	152407544	158138571	0.378932700713354	257	0.12982349551073	0.739803185284619	6059	0.288446077986726	4	2	2	-7.32079621854242
chr7	158167187	159177989	0.0039769952308959	41	0.0100560623627692	0.464672393940619	1392	0.204223971432585	3	3	0	-6.96389903502433
chr8	213553	43691375	0.498867124708101	1738	0.125244314544036	0.67403636458956	50463	0.260467857999786	4	2	2	-7.34026609134318
chr8	45952307	52642661	0.498770289280641	106	0.112854354373185	0.693673759334848	4797	0.270077399147355	4	2	2	-6.74255683698364
chr8	52656634	53487417	0.498333445207936	22	0.150800009473285	0.830053505925261	646	1.07563500414197	4	2	2	-6.74500438105889
chr8	53532750	56871387	0.0530750399262241	553	0.0550982446823683	5.52254564818248	19021	3.37546262296648	20	19	1	-6.77073441311486
chr8	57133348	59578778	0.11545694207958	84	0.0966856936187823	2.85768175349189	4031	2.70768429675949	17	15	2	-6.73380536323761
chr8	59786378	60666797	0.498528187020443	11	0.132296842537736	0.673889335497476	470	0.27370731842154	4	2	2	-6.74554875320307
chr8	60712681	61716287	0.0746317024209	98	0.0594887150348269	4.86697589777497	4767	2.82113405277001	14	13	1	-6.76955260033249
chr8	61772774	97794323	0.498784337859415	620	0.126557250686348	0.693140064385549	27830	0.311027772515103	4	2	2	-6.77587083906486
chr8	97805589	119707078	0.356432043468937	544	0.123952242210078	0.97507609073441	20938	0.380684564943597	6	4	2	-7.24016540628811
chr8	119716558	126039543	0.32159839164217	392	0.112041693984089	2.06683182557	16386	0.830119786233422	12	8	4	-6.74143923800762
chr8	126231602	145003236	0.00153816311900318	852	0.0253283852648611	0.696310480509464	24646	0.249122399021389	4	4	0	-6.74965528181338
chr9	215086	2833267	0.00264852072453964	100	0.0256286987968606	0.334140913441341	2084	0.144738066705696	2	2	0	-6.95999784857913
chr9	2855997	5979284	0.00231144876764405	160	0.0101090729999461	1.60814566681593	5581	0.627309930002635	9	9	0	-6.74318071220307
chr9	6007500	19636748	0.00120240045266862	567	0.00953842900767803	0.979861156658959	13036	0.562377484301088	6	6	0	-6.86386771677266
chr9	20620576	38638945	0.00335437140723621	359	0.0393076442304046	0.365238011656747	13305	0.153072998030586	2	2	0	-7.21342901578662
chr9	38993493	43242683	0.495674875008083	276	0.172441382490564	0.582632071799499	2013	0.311826369949427	3	2	1	-7.46031935860687
chr9	61733163	66874859	0.460913337730816	112	0.164410682703018	0.624967363521807	1108	0.323791604251816	4	2	2	-7.14727487851745
chr9	66901663	118900735	0.498870059054518	1913	0.121714206996304	0.708012968527918	61122	0.263544205630846	4	2	2	-6.75719990590973
chr9	119122603	138130794	0.389448952083788	1774	0.1175300991183	0.939584324541221	63042	0.320333066141245	5	3	2	-7.21492431802636
chr9	138141594	138214444	0.498072101322336	22	0.18555519242864	0.727661966978633	118	0.383719621420703	4	2	2	-6.73345225736702
chr10	47663	9889993	0.00174225041152148	350	0.0164943295184373	0.349794567383768	7770	0.153948286271263	2	2	0	-6.77940855138359
chr10	9911977	30707531	0.498838611202047	874	0.130395969144167	0.675770858694522	27133	0.26435282831605	4	2	2	-6.9964593478307
chr10	30707580	39967657	0.309862245335913	251	0.13100664026235	1.03877557705872	10522	0.414268141788551	6	4	2	-6.75870959671956
chr10	41859953	42280334	0.0759888972238882	18	0.18778593013204	0.675193505310823	128	0.411364270137871	4	4	0	-6.82590843796534
chr10	42337130	49735975	0.00101194478064699	271	0.119130944479115	0.770734783067799	10330	0.272817205287968	4	4	0	-7.20182372124201
chr10	49988956	63144054	0.00375115828231898	191	0.0327637467757144	0.490814552231325	6785	0.205569990541433	3	3	0	-7.59360096568927
chr10	63145353	120753727	0.000666384507751971	1958	0.0244152403140954	0.643673892093453	80256	0.244883969805963	4	4	0	-9.46778162338642
chr10	121133332	133689399	0.367588406722059	600	0.127881293199007	0.888013051443189	18659	0.318357348245395	5	3	2	-6.78248430625151
chr11	199256	50553126	0.00105308787730599	2477	0.0472493131178311	0.704860496130077	73984	0.247054423656225	4	4	0	-6.73770423774803
chr11	54591999	56700571	0.498834421949386	120	0.104347469196579	1.29566161743896	3768	0.344866124165201	8	4	4	-6.79872787323357
chr11	56700635	56701244	0.0921573997111328	18	0.0994799713805867	0.79318906652116	49	0.154245800613186	11	10	1	-6.74511630281171
chr11	56740914	81466852	0.454028719990942	1989	0.0961382398862089	1.26152665010411	94214	0.430142121331065	7	4	3	-6.834165365161
chr11	81890942	93017255	0.00429702940751603	274	0.0695214111737379	0.89929091256576	9391	0.396296533004692	5	5	0	-6.75877264275636
chr11	93196625	135008793	0.00127444881260913	1414	0.0275241236387013	0.673484147893889	53190	0.242413020205383	4	4	0	-7.42501989240812
chr12	12815	60104	0.134683340842779	18	0.150451531725977	1.10368600168606	84	0.413112656526297	7	6	1	-6.73714660525327
chr12	67053	25803890	0.498882506063299	1550	0.0968157564544572	1.34026321880217	60431	0.46522359898493	8	4	4	-6.87501792740563
chr12	25803898	25804438	0.042266805097347	13	0.0711296216559815	1.1202365793289	27	0.229030030750893	20	19	1	-6.74897436641281
chr12	25846106	34614483	0.498858276383989	601	0.0950893385864681	1.35873261164513	16301	0.508154723030393	8	4	4	-6.7531932643164
chr12	37420530	41458402	0.108418883742056	131	0.102400628828626	1.35360867123895	5617	0.455226630134515	8	7	1	-6.76502237077405
chr12	41506593	42314034	0.00841301953511153	21	0.0781101176301155	0.752765421298798	648	0.346163806088556	4	4	0	-6.75543592596798
chr12	42323697	42797900	0.498953196948496	43	0.106184944907067	1.31229772971099	965	0.526892494739316	8	4	4	-6.73757840636725
chr12	42992453	48569086	0.000344961035763258	250	0.00271505101389129	0.714306948188583	7397	0.2510709746935	4	4	0	-7.10686319817406
chr12	48604308	49485394	0.499145930583347	81	0.0786693521983538	1.32145315511665	6561	0.438719891187675	8	4	4	-6.74273173220161
chr12	49489588	133219447	6.20807169274262e-06	3891	0.0294175024058737	0.701567483480952	140386	0.260221572843922	4	4	0	-6.73979294957399
chr13	18177561	18211813	0.403698232971105	10	0.11169228561842	0.720960072793195	82	0.23555047675662	5	3	2	-6.74784533130891
chr13	18211882	18213312	0.126676864846885	19	0.10352427181005	0.276117671739006	32	0.273589638551208	8	7	1	-6.76317404658161
chr13	18214973	24878980	0.498731529929338	298	0.139508037394567	0.696246732555053	9776	0.283778367252276	4	2	2	-6.73747828186618
chr13	24884512	24960054	0.00201723472078708	13	0	0.320042447195614	226	0.130397625090727	0	0	0	-Inf
chr13	24967329	113498543	0.498870201173855	1922	0.128341591496939	0.693563517864114	68283	0.267934942521143	4	2	2	-6.86076030024295
chr13	113501650	114346426	0.00129687734188555	50	0	0.353794101949134	1344	0.149450883708637	0	0	0	-Inf
chr14	18289867	19936744	0.0186145344057655	128	0.188393721573326	1.33710733069235	2156	0.534979290632678	8	8	0	-6.74589291135939
chr14	20014171	20976128	0.00239662834697579	129	0.00189728360492557	1.04897666297562	3287	0.312821136612602	6	6	0	-6.81799669867304
chr14	20980390	43144319	0.00113298667632306	924	0.013044319881268	0.715492345569093	31001	0.284426069654165	4	4	0	-6.79166205455601
chr14	43165242	48770946	0.000378586716173079	99	0.0476117461934832	1.01915013788983	3599	0.392666127845847	6	6	0	-6.75598760841149
chr14	48793191	51854802	0.00145052898843673	167	0.0299536869267858	1.70969777470164	9203	0.684751216640954	10	10	0	-6.73547682514067
chr14	51912735	67650779	0.00136840956350226	408	0.0174101946258218	0.752958645116134	22215	0.312146860441231	4	4	0	-7.16353392638201
chr14	67662467	102621191	0.000610549438942398	903	0.0257030412677911	0.364301869652699	38450	0.155111430898648	2	2	0	-7.48922781624358
chr14	102662440	106874951	0.0116684214993532	412	0.11512967457289	0.669823271985147	12430	0.242926101200368	4	4	0	-6.83433664424246
chr15	17081956	17081995	0	1	NA	0.294	1	NA	NA	NA	NA	NA
chr15	19882428	24879122	0.40328898824084	481	0.129787755266768	1.15753501457703	8013	0.438129527622001	7	4	3	-6.80911650289539
chr15	24889749	30613791	0.150148486732658	288	0.112088032426138	0.849568728313505	8047	0.344761722981052	5	4	1	-6.88543700547829
chr15	30619824	47994157	0.00239771249058873	923	0.0486567402592428	0.702766579341513	34983	0.259086733488843	4	4	0	-6.73303447922303
chr15	48134287	67522204	0.391007578663813	948	0.110914689184543	1.13137517832967	43924	0.406839590683106	6	4	2	-7.23444297312932
chr15	67526506	82108805	0.498826623097659	926	0.101088500744544	1.23341639373375	36951	0.526869663493193	7	4	3	-7.00890872422691
chr15	82138878	101980715	0.2089830550182	1448	0.109939218558323	1.64365613494755	46979	0.652988133578142	9	7	2	-6.79008319885141
chr16	11730	21376789	0.00118399463765961	1771	0.0440454575780518	0.703375662935283	52465	0.260625492444984	4	4	0	-6.73368774480833
chr16	21501907	22690922	0.316316561535872	74	0.142707401502303	1.05794986082203	4241	0.407752999083598	6	4	2	-6.74223230189711
chr16	22695623	26073450	0.498788924946934	224	0.103927433408886	1.3351965261982	10602	0.506900409592368	8	4	4	-6.7519266932238
chr16	26160009	34267320	0.331708300637094	510	0.12075362701607	1.02913238135244	25918	0.340528899719584	6	4	2	-6.75427077009064
chr16	34571817	36162586	0.377486125728964	88	0.125748292625481	2.03020697904047	2173	0.802157793145681	11	7	4	-6.74410570503608
chr16	46384562	46401545	0.405011321250739	65	0.112706963473357	1.92256978210255	1490	0.436006675338966	10	6	4	-6.73458602286427
chr16	46531107	48497497	0.00348819475379686	91	0.10479343481566	0.697932945242343	3705	0.264399733036914	4	4	0	-6.7339079205324
chr16	48718243	65951473	0.0037250486258128	445	0.0501868492741354	0.353823058928921	14940	0.151083781954582	2	2	0	-6.73490289932963
chr16	66292362	67947066	0.340147173102284	171	0.112853931730892	1.04527363525537	10786	0.329770056919382	6	4	2	-6.73530356031834
chr16	67947993	74237247	0.49881387129907	395	0.11571393813634	0.699954575525831	16409	0.268988347115745	4	2	2	-6.73397136381064
chr16	74287327	74423346	0.498178848533471	29	0.179050127829784	0.419239504307305	571	0.192897681253731	2	1	1	-6.7968859138753
chr16	74433795	88880650	0.00144484109970217	855	0.0265383714317744	0.347192137213079	16552	0.152186569418267	2	2	0	-6.8513551696037
chr16	88890870	90014742	0.49873014187987	168	0.111948470645384	0.690665927653832	4720	0.232395070246673	4	2	2	-6.73691252027052
chr16	90041571	90102292	0.0109714669231925	12	0.0650046618374872	0.331210274367876	266	0.157738204262131	2	2	0	-6.7441237346359
chr17	137637	8205021	0.00115004071363278	1278	0.0349829131450894	0.885350384424763	38299	0.362757838419871	5	5	0	-6.73619305156484
chr17	8207446	9437970	0.00180089123895255	68	0.00675682921205486	0.358945797355561	2580	0.162606633966295	2	2	0	-6.87190866361808
chr17	9537037	16448278	0.0029891933439149	345	0.0540510511220773	0.690606983820582	12129	0.272447893375451	4	4	0	-6.75023239354142
chr17	16474717	21263659	0.31468701017902	183	0.127923708160723	0.949188605762837	14890	0.394335284445045	6	4	2	-6.93749755568665
chr17	21285032	22129953	0.287827078206237	239	0.160927124601508	0.557428433800232	1080	0.224522483929778	3	2	1	-6.81239057210447
chr17	22130010	22146864	0.498384809742776	34	0.207016631984011	0.198922671100968	65	0.112406099701039	2	1	1	-6.98586591716802
chr17	22146943	22481997	0.49822554657827	15	0.171446368123845	0.606725963728995	288	0.328748369287565	4	2	2	-6.7730454166887
chr17	25074459	26952458	0.498254096892974	17	0.192581228087695	0.669995223033117	141	0.338190890053978	4	2	2	-6.75555154885568
chr17	26981904	29122041	0.32401470213163	134	0.103185977617516	1.12560973573677	9488	0.348418091143323	6	4	2	-6.78587394367965
chr17	29129990	33437155	0.00246049369037327	149	0.016980249087113	0.528397111255171	9269	0.283004887810805	3	3	0	-6.73467291113363
chr17	33569540	37347347	0.498792303175187	241	0.094564484720222	1.51702819829289	11799	0.527804863487967	8	4	4	-6.78317644373824
chr17	37378649	45517209	0.00279327974711108	752	0.0222111974729765	1.06930686405194	42717	0.386983138922176	6	6	0	-6.74273035362041
chr17	45537693	45586395	0.385548744127033	15	0.0722363844478338	1.17268633553105	151	0.530440961713115	8	5	3	-6.74836279964574
chr17	45671346	47222852	0.00105516385560661	85	0.0034708873250985	1.28604672562384	4527	0.550203662537338	7	7	0	-6.74706551124737
chr17	47242933	50805132	0.374379576107233	367	0.108556614316835	1.78727304393032	22227	0.703142469630348	11	7	4	-6.76289550434748
chr17	50814544	59850929	0.498845554654497	378	0.0907808548491716	1.37697589818511	19040	0.513976787776474	8	4	4	-6.7398479684697
chr17	59856248	65386858	0.2647488913446	363	0.11767086806762	2.44938391063044	34780	1.09344242312291	15	11	4	-6.74665721326287
chr17	65452978	80113047	0.498887400430029	1384	0.0945533043325499	1.36960228894603	51904	0.491304064026687	8	4	4	-6.7531290789766
chr17	80117129	80134520	0.497824417925352	9	0.178315030213384	1.22243338206591	99	0.392229609257214	8	4	4	-6.73439463253125
chr17	80134890	82151015	0.498846309553339	322	0.101976506135686	1.3478464053716	13503	0.417093915437646	8	4	4	-6.74392967382607
chr17	82151152	82151427	0.35967534566619	15	0.156387705033722	0.417736095297954	21	0.140776587609757	3	2	1	-6.74905900928791
chr17	82151473	83214512	0.498759721546208	124	0.101421145821899	1.37854078068905	4920	0.459716201994094	8	4	4	-6.7339885385626
chr18	47858	108505	0.225660514348662	18	0.122533548827394	0.44345097060654	108	0.31271122207432	4	3	1	-6.83699782127108
chr18	118580	15350708	0.498810093513034	726	0.130541037151331	0.690661920058276	18547	0.269053843966297	4	2	2	-6.77136484877541
chr18	21078092	70431783	0.498856097873174	1231	0.127933512186537	0.703014265163101	42314	0.294892483346059	4	2	2	-6.73310018498816
chr18	70863724	80250865	0.0033311537138474	149	0.0276755056225503	0.353320179850774	4632	0.153159290045091	2	2	0	-6.7352469774262
chr19	282753	2515876	0.498829557513205	585	0.111614633301086	0.686687318778858	12540	0.238902791725717	4	2	2	-6.74574945995916
chr19	2524479	2603124	-0.00298151111405176	15	0	0.31452324518374	166	0.172481193581987	0	0	0	-Inf
chr19	2647717	24163431	0.498887219935742	3490	0.120957214987668	0.748256867290393	100552	0.269149958513836	4	2	2	-7.361369363721
chr19	28284385	43873517	0.289596061369875	1693	0.111883478662648	1.17558268225921	67918	0.408895901482513	7	5	2	-6.83551942935215
chr19	43889823	46406678	0.433028422350842	465	0.100863746673566	1.42013409367172	18053	0.498984306386079	9	5	4	-6.80669376477582
chr19	46411664	54573977	0.430032415595836	1890	0.109726036245159	1.04416300838449	52350	0.350179253954065	6	3	3	-6.97009637292641
chr19	54574172	54632090	0.137827962884894	42	0.120502230089098	1.03901287402123	445	0.24321620890416	7	6	1	-6.75079738530438
chr19	54632388	58565545	0.49884231269146	825	0.109032065860011	1.0078027527452	22845	0.310792038696812	6	3	3	-6.77872696697062
chr20	101574	17659212	0.32513382345707	905	0.117750835414014	1.01997140168309	26973	0.368103062423473	6	4	2	-6.81193915646027
chr20	17673703	25773465	0.405894886074418	491	0.104411147159634	1.61392913952924	15419	0.690601490171351	10	6	4	-6.80250082628016
chr20	25773519	26274736	0.0181405591677892	47	0.189548719143047	1.6631969414661	546	0.656423124620709	10	10	0	-6.73980641328644
chr20	28559767	28641171	0.498333510033124	47	0.173044779861132	1.16783261658821	198	0.460112483544191	6	3	3	-6.73557951535215
chr20	28889650	30663240	0.310421121070526	366	0.169807680720776	0.64412920392721	1526	0.309468335608787	4	3	1	-6.88835987169941
chr20	30664698	30919502	0.485580337050416	90	0.164015641286941	1.13766374134948	360	0.82696800026843	6	3	3	-6.73901735056209
chr20	31058918	31074237	0.0962002171813396	35	0.150459447620119	0.666137066609589	113	0.743138079231609	10	9	1	-6.74911153416714
chr20	31257640	34920785	0.00282970677838867	391	0.0182306043440644	0.690130417360633	11461	0.260755124610204	4	4	0	-6.74394605306907
chr20	34921472	42741641	0.000352106726040413	557	0.00632357243128119	1.38902671423358	24314	0.494110264199938	8	8	0	-6.74705232421206
chr20	42761201	52249654	0.386567987693765	1346	0.102239584596756	2.27248839287507	48291	0.954314576090077	13	8	5	-6.73322748848005
chr20	52283154	64327831	0.00241122055156312	802	0.0312136836404657	1.35873226803705	27742	0.498709532636055	8	8	0	-6.76243971552793
chr21	5033665	13079168	0.26758828900418	691	0.168740448719198	0.581864772873604	3456	0.34566198978113	3	2	1	-7.18457419392185
chr21	13284328	18575491	-0.000862791729227208	141	0.10210162904924	0.354281065643157	2691	0.172735498510421	2	2	0	-6.73603303043191
chr21	18691858	19244955	0.28767914693958	13	0.122633234713964	0.964726398126277	208	0.417858780590449	6	4	2	-6.8314210263251
chr21	19261918	23102813	0.00262388141465786	45	0.063951544156494	0.377077751788463	1014	0.292588899425674	2	2	0	-6.84706608977961
chr21	23590884	42477245	0.345016940983698	878	0.120875275715214	0.971866788831497	28869	0.360546157282678	6	4	2	-7.2461435490619
chr21	42564800	46692843	0.498817081421861	427	0.108341326133663	0.727584937063916	10640	0.243871028049339	4	2	2	-6.7825785915293
chr22	10684417	11051544	0.498587139708319	365	0.160955223815385	0.79807880901862	1241	0.386709817010879	4	2	2	-6.75677246070057
chr22	11051632	12813658	0.498527215259579	297	0.15930971534588	1.14901260181466	1555	0.601060741067395	6	3	3	-6.75552960760975
chr22	15327050	19092287	0.395526684534434	274	0.132478510763126	1.09672932533562	7010	0.4331274337519	6	4	2	-6.88051636472816
chr22	19134985	38826647	0.49889395487731	1778	0.100304828120479	1.36659135326	76936	0.480994177622314	8	4	4	-6.76658450574679
chr22	38828243	50743331	0.337064684555564	947	0.113050706216698	1.01159890701238	36886	0.364559418799706	6	4	2	-6.81677995459871
chr22	50744057	50808038	0.0334281888372067	9	0.174032324583682	1.67950924243316	239	2.0593725235227	20	19	1	-6.74364321872737
chrX	256702	52862789	0.498694490187592	394	0.144539358763974	0.908715120891657	32389	0.341267567734995	5	3	2	-7.30942660709883
chrX	65956689	141698461	0.0306278663380097	25	0.185025385645682	0.835054627282418	32814	0.324681639849405	5	5	0	-7.66056406914348
chrX	149699842	155985579	0.0979866637644337	23	0.0970097179435858	2.99334565621382	16380	1.45324946587704	18	16	2	-6.74939634606839
chrX	155985708	156030645	0.0310510745919175	9	0.146982992213385	1.81793689309812	110	2.66259042912055	20	19	1	-6.74509887517993
chrY	10796683	11856383	0.47765003001549	63	0.188790642803175	0.590285690718108	395	0.472113054191262	4	2	2	-6.82706893089095
chrY	26436990	56836969	0.017404680092298	49	0.120833531550389	0.297242168813474	126	0.192937774655169	2	2	0	-12.0420776323353
chrY	56837047	56884113	0.498503455664088	105	0.164837497401078	0.666198846623399	302	0.292758788597793	4	2	2	-6.73402323341684
