chromosome	start.pos	end.pos	Bf	N.BAF	sd.BAF	depth.ratio	N.ratio	sd.ratio	CNt	A	B	LPP
chr1	13273	12794395	0.498889612510591	1504	0.107958564530815	0.958536129644006	61707	0.412598804849762	2	1	1	-6.85630927805676
chr1	12795591	13323202	0.295677189869396	200	0.135355269642894	0.859640259094511	1327	0.326447201536869	3	2	1	-7.35322311839147
chr1	13326006	16946949	0.498793501303027	755	0.118263458885916	0.947484031583841	17959	0.393769297035996	2	1	1	-6.75683326270692
chr1	16946998	124570364	0.498904134515454	6841	0.103643976421123	0.941376563066027	318568	0.405435610482328	2	1	1	-7.17415636448959
chr1	125067377	143267085	0.304881921289744	94	0.146178363813284	0.49178098455384	1298	0.219989844925611	1	1	0	-9.75610106099563
chr1	143534459	248945460	0.498921238648753	7711	0.104361214882262	0.909773316433519	310349	0.388696799960688	2	1	1	-6.73325988860451
chr2	171440	53893563	0.498890834099851	4000	0.103511740660425	0.955119416183859	130584	0.438569340830782	2	1	1	-7.11460280854702
chr2	54101373	54849924	0.00347634953108911	38	0.00373566487176505	0.512435376103511	1465	0.21815443191432	1	1	0	-7.34460812366633
chr2	54866722	89244990	0.498874986566182	2257	0.103295177135131	0.955492221797437	81929	0.419807042278957	2	1	1	-7.00869243569165
chr2	89245365	90313866	0.498425417375356	61	0.1598429557153	0.93511734722051	1770	0.401285129600542	2	1	1	-6.73623136874102
chr2	90380805	90402254	0.498394089171774	66	0.180518265158803	0.389605178724935	260	0.163208710020124	2	1	1	-7.06139897806393
chr2	91440375	92012853	0.289096321916338	101	0.135504575203165	0.94855785036484	1492	0.438020324420637	3	2	1	-7.02349782778877
chr2	94190317	95939302	0.466404260763391	66	0.140056911509352	0.980893443187183	3928	0.419333619486624	2	1	1	-6.80153829758847
chr2	95939402	96162849	0.202674069625255	74	0.125307984890743	0.948835622153708	1024	0.42072166963631	4	3	1	-7.1219063063205
chr2	96208569	97151732	0.484212204148844	98	0.0799268785331664	0.943568574920183	6747	0.347541334861186	2	1	1	-6.76279221275036
chr2	97151774	97163117	0.0784484737672307	19	0.129464393714125	0.932783073482314	95	0.377902643630221	10	9	1	-6.86683660805116
chr2	97163192	231973707	0.498917978708756	8217	0.102430857233743	0.967361091973208	301260	0.421468115360588	2	1	1	-8.11214637635592
chr2	232048458	233116573	0.00105937971635883	147	0	0.461679587991905	3851	0.193847831941333	1	1	0	-Inf
chr2	233145086	242143228	0.498880239699032	1012	0.0971654754209239	0.97759870010102	31405	0.398068027340435	2	1	1	-6.90721205166937
chr3	13132	90507212	0.323193333516225	6172	0.113875690758373	1.40887277158115	286514	0.634207371249021	3	2	1	-6.87720534365151
chr3	91355137	95288847	0.493632420766282	36	0.104407443631737	1.7702580203389	3217	0.846376326996113	4	2	2	-6.73763180079501
chr3	95367950	167974948	0.000895676269881185	3673	0.0277282271698833	0.947025368300291	149954	0.440849371219306	2	2	0	-7.08470292186478
chr3	168182825	172578405	0.498779270220445	308	0.115886963346252	1.75363908517399	15117	0.930908390070505	4	2	2	-6.73709598344859
chr3	172603369	174043162	0.00053841543728117	82	0.0449456311124625	0.931425991419027	2031	0.403536712717283	2	2	0	-6.73620850620816
chr3	174070659	176547028	0.388388065174126	117	0.11628235996243	1.62790504308286	3179	0.883856293603284	3	2	1	-6.92361400830453
chr3	176751848	177396434	0.0115613251953969	26	0.0488133020962367	0.896191740839245	1620	0.57729219549147	2	2	0	-6.76674145737154
chr3	177433853	177717341	0.134066040615141	28	0.130612937406634	1.83904703324754	653	0.784013187244439	6	5	1	-6.81286781960125
chr3	177748679	195568790	-0.000823871861891812	1341	0.0285149655441914	0.931875970423487	47455	0.409205951039576	2	2	0	-6.77203059951858
chr3	195617886	195987741	0.0189744279150932	269	0.177622875798049	0.803121256609946	2979	0.406214403529779	2	2	0	-6.76049601806156
chr3	195993984	198139899	0.001605112418608	518	0.0329453227770446	0.906852476989777	11750	0.40313175662855	2	2	0	-6.73450657269481
chr4	46210	49082354	0.498883442053416	3038	0.10450798153879	0.94449710697691	104065	0.407970106033473	2	1	1	-6.97915334333885
chr4	49101587	49153744	0.0181999002611173	29	0.163120327915654	0.0684541733466869	103	0.0575398338256203	1	1	0	-14.2676671779109
chr4	49157662	49630055	0.299958422459696	113	0.147473880778971	0.955307272072459	717	0.529334085303947	3	2	1	-6.88914010303897
chr4	49634491	49711644	0.0596074650938744	14	0.14473355588046	0.0870571214006945	35	0.0549079137428899	1	1	0	-14.9537400294994
chr4	51838815	181273545	0.498902222093123	6310	0.10315199348601	0.943421996698541	216459	0.43509801273227	2	1	1	-7.24656743599451
chr4	181283286	181674158	0.0015984106569531	12	0	0.427199144090038	260	0.240235699527758	1	1	0	-Inf
chr4	181731396	190179673	0.498821378002498	714	0.118641969326577	0.929071846065097	20892	0.411177910168401	2	1	1	-6.74707116738723
chr5	44595	46206868	0.498911406629261	3710	0.0980368818758401	1.86444064879274	125205	0.976361723646928	4	2	2	-6.75121330476082
chr5	49657199	50230159	0.000223222210228857	17	0	0.159754883025377	54	0.280851210013981	1	1	0	-Inf
chr5	50269093	54269896	0.498869344711238	243	0.0959103467452527	1.82465219173668	8095	1.13698757542171	4	2	2	-6.73313497589177
chr5	54314472	54660891	0.00108190323440083	16	0	0.905172268122855	646	0.333288164063469	1	1	0	-Inf
chr5	54687422	55586397	0.498785449700882	64	0.108623713392201	1.86551776209741	4230	1.00103104421937	4	2	2	-6.73345695736385
chr5	55622989	56287492	-0.000370814237971917	56	0.00668153104781061	1.0377194150257	2979	0.583782887803846	2	2	0	-6.75525847459805
chr5	56303472	56948481	0.498704997193569	48	0.124000155499216	1.80720877891547	2140	0.799756982688824	4	2	2	-6.73311822754861
chr5	56984963	57498332	0.00158920956274389	18	0.0195632876128278	0.858368564868322	1625	0.347309023270804	2	2	0	-6.74542681197888
chr5	57518980	58808011	0.498887293147389	57	0.0947622007274883	1.85200484035133	1777	0.914315468468764	4	2	2	-6.73342264336246
chr5	58819629	59221589	-0.00225257755743091	22	0	0.92059882587623	683	0.419119920403651	1	1	0	-Inf
chr5	59377074	60429844	0.396031438123553	48	0.147967554427045	1.26144507915413	1098	0.852403515155119	3	2	1	-6.84415506803707
chr5	60492352	77337472	0.000219398888765487	1021	0.0519101784279024	0.877158014547051	34168	0.436393233440339	2	2	0	-6.80059251175175
chr5	77350979	77474957	0.354427350163956	18	0.0668840573244701	1.35382226545331	608	0.681788134812615	3	2	1	-6.79213192663345
chr5	77490189	115361356	-0.00118871158591066	1427	0.0349758474500684	0.8721710312522	53404	0.404840704159804	2	2	0	-6.96432518673352
chr5	115380435	115526169	0.499289144977384	10	0.0672944607263068	1.75375334871988	410	0.443014055131785	4	2	2	-6.73368043388224
chr5	115568213	116366234	-0.000195538061417921	97	0.000913811548620257	0.897272544339377	1522	0.368421900575323	2	2	0	-6.7609924828979
chr5	116412797	119568252	0.491021665795416	223	0.118798892364581	1.46278087785782	6244	0.767807557339963	4	2	2	-6.88481452086865
chr5	119625408	120112676	-0.00132340384423557	28	0	0.870150533997153	464	0.357567918597337	1	1	0	-Inf
chr5	120200929	121127249	0.499264129609221	41	0.0778889844743082	1.71483154741127	1044	0.865432083836941	4	2	2	-6.73563415414675
chr5	121334597	122628652	0.0232864360606235	37	0.138885417374032	1.58593149432802	1919	0.80510356080799	4	4	0	-6.77217845547496
chr5	122669402	123243213	0.49910245252555	96	0.0881603179818827	1.77463461712505	2172	0.859180402070138	4	2	2	-6.7333687296266
chr5	123389562	125722795	7.71905504609038e-05	77	0	0.871600610078277	2702	0.408313046493622	1	1	0	-Inf
chr5	125841609	125989354	0.498753875378963	9	0.160063095198251	1.67121047745224	91	0.779712308329607	4	2	2	-6.73410481520567
chr5	125989425	126155904	0.00201723472078708	13	0	0.823673934092748	149	0.391288732769712	1	1	0	-Inf
chr5	126216003	127490404	-0.000861855095982966	145	0.141817164144461	1.64445807701704	5537	0.821749188750735	4	4	0	-6.74447768345783
chr5	127494941	128655335	-0.000578330410163974	33	0	1.11874186843288	2814	0.994466379987706	1	1	0	-Inf
chr5	128712010	130041991	-0.00104215672229105	26	0.105716893344732	1.79448525608048	2362	1.02312238898128	4	4	0	-6.73322164862096
chr5	130144908	132730188	0.0351608252300634	36	0.146507020797152	1.47978562863325	8226	1.06294991914952	3	3	0	-6.77652288475076
chr5	132796886	132868305	0.463697366877818	14	0.0837932109290615	1.32887871414923	653	0.965992231478439	11	6	5	-6.81976202660218
chr5	132881963	133671662	0.00351507454305255	51	0.0186237251175725	0.855972558053362	2288	0.426646168952836	2	2	0	-6.76378646918882
chr5	133688146	134147691	0.322416415538092	59	0.0995518039005223	1.39739664732216	1654	0.600759171330872	3	2	1	-6.74068874285195
chr5	134160081	136571079	-0.000443869244076411	164	0.0312347523777212	0.86731238770823	7494	0.389713715922515	2	2	0	-6.75426598827851
chr5	136612101	138346297	0.335466786522769	210	0.124822394307898	2.55289611781785	10574	1.38793104973195	6	4	2	-6.73557082137046
chr5	138372745	175901232	-0.000147730351841124	2753	0.0123145191983842	0.858607413558043	94607	0.389212691589061	2	2	0	-7.1846154794093
chr5	175919942	175937749	0.498446928169764	17	0.178550721908699	0.7145581151046	130	0.365758292378518	2	1	1	-6.73770635217795
chr5	175943113	181279836	0.00203541454403416	821	0.0657835795025234	0.855828470192947	27137	0.369586079793069	2	2	0	-6.81819156748565
chr6	160049	256765	0.373998896761644	15	0.0607706069302148	0.921833816610185	232	0.395333296242459	3	2	1	-7.04676549402963
chr6	263891	377839	0.162697003068019	38	0.100903630629691	2.03967264537503	718	0.779939869158089	6	5	1	-6.74343672889246
chr6	407656	30967586	0.498876582228664	2384	0.110912524922865	0.914342287756414	83850	0.379731312758067	2	1	1	-6.73713255389391
chr6	30986579	30987434	0.272060737608282	28	0.127160581518266	0.401007453740663	65	0.0873878264493314	4	3	1	-6.90075548374037
chr6	30987582	32477370	0.498885041336968	581	0.0970851289459349	0.929464867800186	15271	0.338006100751768	2	1	1	-6.73690819415736
chr6	32479741	32668051	0.114547599682465	101	0.134261354406727	0.780523672786579	571	0.317001601378242	2	2	0	-7.16683041573824
chr6	32668069	60931731	0.498886423795108	2057	0.0985313421589245	0.93348628788949	87702	0.387075741835373	2	1	1	-6.81074323713459
chr6	61077116	162885625	0.498897139661133	5122	0.106627069731937	0.935724800314925	193070	0.442196798647312	2	1	1	-6.98089032170682
chr6	162912926	170610647	0.00185364833017243	367	0.0637619709779093	0.481877733530099	9606	0.206924348655209	1	1	0	-7.07912198571261
chr7	50354	56333027	0.498891042209695	4032	0.107041722894931	0.935815858139131	134644	0.404900913764649	2	1	1	-6.89985220861462
chr7	56335183	56353555	0.0110433149270246	11	0.0753778361444409	0.808524872709079	123	0.448659037607835	2	2	0	-6.74663466767985
chr7	56363416	58100446	0.49872838014161	215	0.129817045118184	0.896576206442756	4043	0.387996848868906	2	1	1	-6.73444049978925
chr7	60959079	63015929	0.194505775655744	31	0.15787625479456	0.705342284555778	273	0.424538442888758	2	2	0	-7.94011016458289
chr7	63016869	65762926	0.498816404436851	420	0.121393901968604	0.921707754651742	9168	0.494732136571508	2	1	1	-6.73434306455
chr7	65771470	65822609	0.134707269538083	127	0.148599462566207	0.746297868686031	461	0.355044596973192	5	4	1	-7.13436588522251
chr7	65829754	100952200	0.49887903092699	2596	0.113669326230476	0.917627113050272	110834	0.409036583574274	2	1	1	-6.74378884208747
chr7	100952302	100959720	0.125318081293285	47	0.0749445616876201	0.603535672090569	401	0.228967214872095	7	6	1	-6.99164084464982
chr7	100959889	102223041	0.440169428977873	165	0.152477041515138	0.858198842036544	10617	0.373043101063481	2	1	1	-6.84211395746482
chr7	102234188	142267509	0.498883170570401	2485	0.102897929054121	0.926427740143063	96519	0.410483799586312	2	1	1	-6.78291061126238
chr7	142286380	142507523	0.20766598672072	46	0.160334952837643	0.959970377175183	1104	0.415778497291484	4	3	1	-7.07249078630809
chr7	142512116	142721177	0.469466808889281	14	0.0788903815917524	1.03659392373762	557	0.362842103546026	2	1	1	-6.83792489375934
chr7	142750586	142774547	0.0547766898050723	51	0.14667042686802	0.867517697268214	400	0.542415535944616	2	2	0	-6.81567829649203
chr7	142791806	152005673	0.498868884944064	725	0.0999312623348973	0.949749917921129	27393	0.39282227768677	2	1	1	-6.80055034019113
chr7	152231395	152416512	0.49851127475836	138	0.153770897244966	0.823263080071342	1130	0.425494543969674	2	1	1	-6.73912797407184
chr7	152449986	159195401	0.498823592000645	502	0.108572584821866	0.948006940679017	15925	0.417589980721007	2	1	1	-6.7733732466949
chr8	75951	43372784	0.498887296770165	3500	0.106114349928595	0.918236577689841	106404	0.393866500380372	2	1	1	-6.74942882715887
chr8	46036002	145055379	0.498894683882172	4645	0.102842450853853	0.925189612932682	187380	0.406884835241713	2	1	1	-6.84022605439969
chr9	12704	38766923	0.498875916527379	2330	0.109029406317903	0.924735757065492	80955	0.394221589223256	2	1	1	-6.775736605424
chr9	38773523	43242683	0.263067348537865	581	0.144539344765683	0.88111240911828	5438	0.408520801257727	2	1	1	-8.03911250662315
chr9	61158770	65652606	0.266530893789096	201	0.155201643192819	0.896743795232501	2914	0.42145213116838	2	1	1	-7.85594298602063
chr9	65657817	85840322	0.498846593264962	931	0.111056424042008	0.929130120846571	37459	0.512261607874567	2	1	1	-6.75471277467218
chr9	85841367	85841910	0.0517361171921445	9	0.0895083794960003	0.585931169832045	18	0.16350480195223	17	16	1	-6.81679718223226
chr9	85849336	138214444	0.498907287709434	4408	0.105200267940904	0.930599233218892	185593	0.384525643249379	2	1	1	-6.8459397778103
chr10	48038	468614	0.100975197235798	27	0.104586460095596	2.25675407149197	2395	1.27196157110505	9	8	1	-6.79336871208211
chr10	502064	38454352	0.00175948835518996	2406	0.0321119659787866	0.455510956366434	68115	0.210879847397482	1	1	0	-6.73688073172881
chr10	38527530	38950914	0.498435901911652	52	0.1666892718456	0.498060492481273	351	0.310949496728439	2	1	1	-7.55963987994157
chr10	41850732	42083586	0.00312694992798801	23	0	0.102232500547666	91	0.106012033090358	1	1	0	-Inf
chr10	42086620	42283297	0.498343944558396	30	0.182142599182019	0.487547940064742	187	0.229469320504852	2	1	1	-7.49725316996529
chr10	42387728	46485118	0.00123990115296241	245	0.0427815015539322	0.464475618835667	7479	0.208290809009509	1	1	0	-6.75959091329571
chr10	46519899	46584599	0.499278829625125	41	0.06720970095484	0.483701737144254	237	0.204472495797311	2	1	1	-7.08183067704289
chr10	46756488	59337978	0.00167618231978617	381	0.0732262491273817	0.468013427702423	12478	0.200935015508625	1	1	0	-6.88741387055859
chr10	59627386	133455038	0.498898061075652	5316	0.107497201529749	0.93743810539861	205972	0.403937774512469	2	1	1	-6.97687185662707
chr10	133456451	133787328	0.0982816659249918	9	0.171142078727329	0.941074319716689	788	0.488258660790512	2	2	0	-6.92563743192697
chr11	206089	50553108	0.498913379647867	4061	0.101170664052109	0.927668419822476	137289	0.383518998996276	2	1	1	-6.81501661828151
chr11	54591798	56664358	0.498879820946375	147	0.10346306542973	0.879126930275877	4444	0.351047958422334	2	1	1	-6.74449514944457
chr11	56700357	56740376	0.112544589016863	34	0.138588504640675	0.623074679677992	102	0.153178475036545	1	1	0	-7.20472198491631
chr11	56740404	135064821	0.498912303865415	5178	0.101864297931822	0.9339367733657	241059	0.386130508516014	2	1	1	-6.95202691376262
chr12	12749	8336357	0.498864466446933	1148	0.100332099439574	0.920260725657278	37382	0.374692527653118	2	1	1	-6.73830282044085
chr12	8340187	8393474	0.0988607142537289	31	0.159625569946187	0.815276977716417	187	0.382057162862214	2	2	0	-6.95737317872344
chr12	8512597	34672954	0.498871264887553	1991	0.112017061621878	0.921552551075113	63086	0.410294998762129	2	1	1	-6.75002110677068
chr12	37323770	133219374	0.498919987647035	7457	0.10392343642734	0.927486551297571	305310	0.399257522932178	2	1	1	-6.87290611308983
chr13	16161526	17742959	0.327485390543989	5	0.148044587878112	0.695121117034804	68	0.481395312485727	2	1	1	-7.73531330524033
chr13	18177561	18336070	0.318424912475836	69	0.148366489105573	1.24745287411251	704	0.625112102858554	3	2	1	-6.74101645915214
chr13	18338542	114332365	0.325726190862609	6414	0.110780480516028	1.3716852139503	220438	0.651829672320972	3	2	1	-6.74035893494778
chr14	16098225	16402213	0.397854464350235	2	0.0707106781186548	0.894484380990729	28	0.527496001639853	5	3	2	-7.25554526109442
chr14	18289828	19784991	0.274129591401474	127	0.136327891362166	0.927397324522094	2206	0.436913809270855	3	2	1	-7.47239606191236
chr14	19785151	106072118	0.498908138605533	5661	0.105223154326051	0.931627839791854	244800	0.403537583978896	2	1	1	-6.91617459583874
chr14	106072250	106874951	0.498639930354549	170	0.144325699558604	0.919205134812344	3146	0.360818203339631	2	1	1	-6.7335260254823
chr15	17081956	17081995	0	1	NA	0.159	1	NA	NA	NA	NA	NA
chr15	19841474	101980832	0.498906023492319	7419	0.107639357361731	0.922193216946291	260861	0.399011215384636	2	1	1	-6.79477555686653
chr16	11641	32406772	0.338566058587253	5058	0.112714593325376	1.38288000399008	205581	0.61631193593828	3	2	1	-6.74418304202924
chr16	32419461	34266408	0.115467501751264	99	0.13229199727022	2.71400959806738	3456	1.84197764366795	8	7	1	-6.76399169198797
chr16	34572792	36162457	0.489887602301229	90	0.180633336132473	0.84961558275078	1818	0.91511867751887	2	1	1	-6.74013773889767
chr16	46386256	46543225	0.495592054682803	69	0.143813138030142	0.21761209831417	643	0.145007871547761	2	1	1	-10.9315273216337
chr16	46568907	54976120	-0.00128459263957859	233	0.0486128055313102	0.487646259080562	15222	0.349453023274649	1	1	0	-6.93025009146044
chr16	55023366	55636560	0.332590480070956	62	0.109382445126979	1.37045044468548	1477	0.593998142725116	3	2	1	-6.73308206683653
chr16	55667160	56110786	-0.00234561114985699	61	0.048013829974836	0.511569458441994	998	0.275548985989674	1	1	0	-6.782934244728
chr16	56334583	64626340	0.322734297192733	490	0.108561132328488	1.36719026337554	28252	0.628915040547218	3	2	1	-6.73882097965497
chr16	64714566	66094201	0.498151456981891	34	0.195212414587979	0.71649343877038	1213	0.618164623668238	2	1	1	-6.85353994873408
chr16	66350590	69919170	-0.000418811747523229	183	0.0943936427468961	0.472834448084289	19552	0.259141020182797	1	1	0	-6.78195270303609
chr16	69919195	70357065	0.49867617539605	50	0.137200398642843	0.780230026605764	3079	0.612672260810776	2	1	1	-6.74942018542212
chr16	70467411	86567761	0.000795292648776424	1231	0.0576397710067154	0.472915278497085	35238	0.223403830103708	1	1	0	-7.02085694397193
chr16	86613459	87349659	0.33635716966263	58	0.110755618446848	1.38685649042589	1731	0.593260980363255	3	2	1	-6.73382961818387
chr16	87351801	89356415	0.00172246873912318	297	0.0716969439373239	0.521559348154046	7856	0.291024595243962	1	1	0	-6.99018160111109
chr16	89405134	90056154	0.327173896388229	194	0.103793828874607	1.38669792749039	7678	0.571285103376099	3	2	1	-6.73547370495197
chr16	90057865	90092185	0.0015984106569531	12	0	0.43863763278175	234	0.195752713328117	1	1	0	-Inf
chr17	137603	7370454	-0.000234024608688765	1242	0.025116870033543	0.456745228210684	34631	0.196206048753565	1	1	0	-6.73557869528436
chr17	7370474	7385193	0.00526623411802696	9	0.0476666666666667	0.450078789865554	148	0.164388333877838	1	1	0	-6.74037700796288
chr17	7387502	8351740	-0.000918821059566088	225	0.00181624066652252	0.4583837047482	8785	0.163948254049227	1	1	0	-6.88426301618317
chr17	8352097	8415242	0.0196054566834334	9	0.0833333333333333	0.440426082024662	308	0.158817405679604	1	1	0	-6.76756390921735
chr17	8418983	21209588	0.000117838133584014	1189	0.0609638105865518	0.458969739679207	36932	0.202706083523536	1	1	0	-6.75007393960353
chr17	21290701	21319138	0.498630821553562	136	0.132312977929379	0.698422489337023	443	0.312875845063298	2	1	1	-6.7451935874778
chr17	21325651	21817880	0.418285198325019	210	0.171512389160236	0.519991160662584	1022	0.268442782250956	2	1	1	-7.93192797926464
chr17	21844866	23016487	0.498593566874826	138	0.151109339999691	1.24680380949702	1651	0.649040809732541	2	1	1	-6.89502744410395
chr17	24421438	26952542	0.253295956739213	31	0.153985168954885	0.819567147588052	330	1.89583981478041	4	3	1	-6.99032568698889
chr17	26964867	83194874	0.334282219656292	7412	0.106874337302103	1.3880101249465	364656	0.631881427947652	3	2	1	-6.75912501396186
chr18	48107	139489	0.498244132580002	36	0.180797569428107	0.673077882358638	480	0.413618940541832	2	1	1	-6.7619267597352
chr18	140972	15379023	0.498862189369089	1485	0.11198046079914	0.903868659104221	38232	0.403133773495307	2	1	1	-6.73503715457328
chr18	20944392	35732121	0.498837417422968	721	0.104002571683503	0.911708314304903	31860	0.423080888817006	2	1	1	-6.73348075626752
chr18	36089099	36823702	0.000121539468290188	57	0	0.476501277122737	1690	0.196498479555403	1	1	0	-Inf
chr18	36885961	80226462	0.498874751704559	2239	0.104703111444212	0.920730498220326	68411	0.412880953456527	2	1	1	-6.75722634317381
chr19	107381	877718	0.49878933809603	226	0.107176740237723	0.906650569281978	4831	0.380066513270208	2	1	1	-6.73313152025099
chr19	877815	879743	0.498113335505012	18	0.200426473405661	0.376516069588548	71	0.165556776598441	2	1	1	-6.76570775539157
chr19	880602	24394239	0.498901852294523	5066	0.107370853150733	0.889069031760291	194657	0.380874290268914	2	1	1	-6.78145840417597
chr19	27392054	58586647	0.498912899409645	6646	0.108670771490098	0.889723572545034	220043	0.359607548147264	2	1	1	-6.80020402707636
chr20	101433	25657502	0.326229374007968	2624	0.108978449580876	1.39667615922687	80360	0.654110421141615	3	2	1	-6.75584343903555
chr20	25773519	26273425	0.040640845235805	64	0.174715408474277	1.35209649521909	906	0.622121157022568	3	3	0	-6.76537780800955
chr20	28513612	30980140	0.378262759713612	841	0.161306509102482	1.16874609185698	4469	0.650194002478331	3	2	1	-6.86147638154767
chr20	31055892	31075736	0.498250801287487	60	0.196250908810735	0.196260420856425	178	0.142576749058825	2	1	1	-7.86612087445542
chr20	31166554	64327831	0.337367507919863	3716	0.110131664153018	1.40064618933015	168312	0.622362686286666	3	2	1	-6.77011985069545
chr21	5218151	13120980	0.498725974673782	924	0.145428712160513	0.914992086205739	5871	0.513188315687109	2	1	1	-6.7338016188993
chr21	13337421	30707029	0.498841786743375	813	0.108811556058683	0.920337205504943	23072	0.406905652204813	2	1	1	-6.74241267419584
chr21	30707308	30742335	0.00583522625648514	9	0.0899047335300601	0.678277835040758	71	0.393449506653286	2	2	0	-6.74718930057915
chr21	30796857	46697396	0.498893199320803	1888	0.104434543881702	0.937299401657854	55060	0.398407460179686	2	1	1	-6.78826876975199
chr22	10685500	12797396	0.34094870411385	931	0.146912398278241	0.994384599611925	3857	0.599083693504922	3	2	1	-7.06778368960271
chr22	15322900	16556302	0.190931558100187	126	0.126227633379429	1.78498391891054	2173	1.11250266685482	5	4	1	-6.77085139954557
chr22	16556395	17117622	0.339642560623963	83	0.0981198389300269	1.38000200392293	2577	0.924949682890438	3	2	1	-6.73556438057118
chr22	17120087	23629411	0.202144658098248	1821	0.0958835400711363	2.32314123995773	57337	1.22026499329564	5	4	1	-6.73457831872575
chr22	23629774	25761177	0.32782052506355	536	0.116292955847369	1.38975341996416	15137	0.638651425018529	3	2	1	-6.73549169684404
chr22	25768225	28957642	0.000423072619266496	211	0.0217388949385261	0.454919176475546	6328	0.198132032282556	1	1	0	-6.73328094248345
chr22	29006501	30856590	0.320231589287886	349	0.106515663955984	1.37879531038866	15822	0.594959817280298	3	2	1	-6.74246879045699
chr22	30875563	31470511	0.00218294494673588	85	0.0729510887138624	0.458798330003823	3280	0.193329408719067	1	1	0	-6.73437382920761
chr22	31486044	31618264	0.318965279801965	43	0.113707898394323	1.33369132107178	1398	0.545011327268486	3	2	1	-6.74272757704023
chr22	31621310	31662283	0.00202711158677749	14	0	0.456814652763332	203	0.240021416133847	1	1	0	-Inf
chr22	31666622	31791394	0.343906345176493	30	0.117428168310008	1.3185801314598	1591	0.605137302067961	3	2	1	-6.73812234657328
chr22	31802876	32000936	-0.00132340384423535	28	0	0.452631786575121	922	0.230279135862612	1	1	0	-Inf
chr22	32063719	36446230	0.308589714929187	637	0.11705674404148	1.27994200168456	17297	0.627674588098432	3	2	1	-6.78647930780913
chr22	36447217	36854391	-0.000166429055687756	65	0.0155043418236511	0.462487158108578	1267	0.192777788649823	1	1	0	-6.73504310169408
chr22	36932709	37057412	0.499002184201384	39	0.0931663654969916	0.938459539687636	781	0.353132763130532	2	1	1	-6.7337004363446
chr22	37078673	37422435	0.000313089083548768	72	0	0.458952601736888	1128	0.189729675281751	1	1	0	-Inf
chr22	37461581	38225344	0.498794340215335	252	0.098051887179815	0.955636257090023	7277	0.408308309932403	2	1	1	-6.73993289016521
chr22	38231884	38642791	0.245227410270494	90	0.107391131180278	1.84122402026277	4005	0.85975500427923	4	3	1	-6.73426639172546
chr22	38643850	42255215	0.324939129403458	671	0.11101566609759	1.36445742158368	30386	0.683465352906916	3	2	1	-6.73645921506003
chr22	42260675	50808180	-0.000180034340443169	958	0.0402594640951562	0.474549070394632	24773	0.224589247899216	1	1	0	-6.91494342522953
chrX	257225	55260763	0.498816554756478	794	0.124900266062558	0.916778051420734	60568	0.367493362293985	2	1	1	-6.74987007111404
chrX	68119116	94704765	0.0362877496394792	10	0.148018204586088	0.933086464387708	17722	0.354139737637679	2	2	0	-6.85321149135436
chrX	94704986	155990989	0.498511982358127	31	0.141912884075642	0.94158323847513	50297	0.355728473652685	2	1	1	-7.06942756476475
chrY	4895145	11277765	0.498373914187351	54	0.169447822765923	0.913757583402822	2116	0.412272533942109	2	1	1	-6.73364812829495
chrY	11292729	11329952	0.029535668938207	33	0.170926535920606	0.1782633740031	122	0.222495798845724	1	1	0	-7.12230287595476
chrY	11336571	11812749	0.318911082709413	79	0.16458652273624	0.536513167816627	384	0.40073160082491	2	1	1	-7.84165535376855
chrY	19413593	26634736	0.381048766091118	18	0.145285205198854	0.916515655446126	1484	0.400778117377075	2	1	1	-7.11219490645493
chrY	26650798	56831762	0.494553059282362	49	0.156190850028589	0.371573122287839	245	0.174984860789499	1	1	0	-16.631612102842
chrY	56831904	56837090	0.0530028572275796	57	0.164926905279924	0.22566833363479	121	0.107626313771205	1	1	0	-6.92331374003457
chrY	56837147	56887153	0.495773857116592	155	0.143152584988969	0.829400099775837	456	0.287251464799231	2	1	1	-6.73661956284323
