chromosome	start.pos	end.pos	Bf	N.BAF	sd.BAF	depth.ratio	N.ratio	sd.ratio	CNt	A	B	LPP
chr1	13273	16508139	0.49887505140685	2262	0.111640126712078	0.890974409622535	62531	0.379169808400222	2	1	1	-6.77342180341217
chr1	16509026	16947843	0.31108667588821	222	0.125188386760478	0.903616474294581	2406	0.371992352319702	3	2	1	-6.99794335218515
chr1	16954508	124514236	0.498903210470644	6578	0.106145700052629	0.877298728932332	243731	0.371020458704947	2	1	1	-6.76933117977742
chr1	125094469	248945592	0.333070052854376	8925	0.107377914641705	1.29850516294912	315949	0.539380120193213	3	2	1	-6.73825939434626
chr2	188171	89578654	0.498893441192897	4424	0.105726957412974	0.890943165295159	160969	0.38004287758582	2	1	1	-6.94391174553132
chr2	89599001	92075324	0.498637682808027	222	0.146864733510275	0.942733789969082	2963	0.426094885732061	2	1	1	-6.78598036157643
chr2	94190317	242183387	0.498906684549236	7635	0.105586093300705	0.880503718553778	265116	0.366661490186304	2	1	1	-6.83400076076053
chr3	10374	90303819	0.498894711171876	4650	0.104927399230615	0.8825840620529	169338	0.36607351706017	2	1	1	-6.82065487389002
chr3	91404436	198113542	0.498898867214676	5493	0.106816371044983	0.87993525457493	175564	0.366437420802865	2	1	1	-6.79897266133775
chr4	46210	49061855	0.498883677199757	3064	0.106878888941772	0.943804485674627	82088	0.410559084073436	2	1	1	-7.72102370645823
chr4	49092094	49158390	0.480538762718983	79	0.13562960401009	1.1933997780176	1017	0.399955715946132	2	1	1	-6.77016919906986
chr4	49158493	49711644	0.41032445996848	122	0.152883947784955	0.993489541379479	783	0.546231281673872	2	1	1	-6.95233784952826
chr4	51819050	190179679	0.498896357728602	4964	0.107435139749604	0.937743751196884	180460	0.397732050451335	2	1	1	-8.80615701437428
chr5	44595	796859	0.357195597857605	76	0.161987092294959	1.044934646831	3058	0.636872195135634	3	2	1	-6.80026514591158
chr5	801038	1225561	0.0162316330159865	91	0.108500688991359	0.420778160948089	1349	0.19377643819446	1	1	0	-6.7537062415137
chr5	1253629	1387106	0.25261043855557	29	0.107782816199895	1.72961048799998	1029	0.922268364594998	4	3	1	-6.73338452557009
chr5	1393845	1466698	0.0015984106569531	12	0	0.408743251939094	237	0.187105199409695	1	1	0	-Inf
chr5	1489591	3383787	0.338711435324577	99	0.144451487071228	1.21467121566289	1880	0.643957837588509	3	2	1	-6.74774852604213
chr5	3384089	4095539	0.00410128090620221	17	0.104047783140587	0.518958691118151	346	0.515234936640225	1	1	0	-6.78388812428005
chr5	4210499	12409478	0.298325202102987	437	0.121735040936798	1.48409054927728	11897	0.755680820862534	3	2	1	-6.92241343057255
chr5	12439481	13650357	0.151360330862236	45	0.0813503645854265	2.84559544668574	1310	1.48821001459175	7	6	1	-6.74106176163254
chr5	13652281	16182832	0.355716564766543	197	0.105110310901382	1.33037932165233	5882	0.561646567258835	3	2	1	-6.76198783810779
chr5	16197538	17450962	0.169987582272736	224	0.0947765300431554	2.5105865901064	6699	1.23765863619419	6	5	1	-6.73448901595394
chr5	17487910	30495188	0.332822234965613	416	0.115232655821007	1.3525853324826	9668	0.654747845088393	3	2	1	-6.75690683317092
chr5	30514345	34549896	0.23275053673577	441	0.113322432858236	1.74035775152454	12392	0.762187227172905	4	3	1	-6.74690126920415
chr5	34551604	37656989	0.303701792964025	223	0.112138453546076	1.3822281042195	10134	0.606728684842454	3	2	1	-6.79158781345536
chr5	37712271	45816754	0.244304624568768	395	0.10961705570412	1.74571593449651	17009	0.883753562914409	4	3	1	-6.73473626299274
chr5	49599598	49666526	0.475808589050048	73	0.129523490050592	1.18456802498077	601	0.408046383214129	2	1	1	-6.77684293615127
chr5	50399214	181288546	0.498900381512284	5845	0.107685959909331	0.898814698003429	219258	0.381762947918568	2	1	1	-7.27046306974092
chr6	160049	58414703	0.329122515928616	6591	0.108166149588037	1.31668928622024	190952	0.546274885586036	3	2	1	-6.74422981070428
chr6	60281479	60964235	0.000223222210228857	17	0	0.444131354215463	314	0.253340058362751	1	1	0	-Inf
chr6	61531726	170640200	-0.000682058263708624	3174	0.0352809280734468	0.43451697257812	107217	0.197827615553226	1	1	0	-6.73395410220814
chr7	37991	413634	0.499016137412073	66	0.100276044405357	1.68921015660435	948	1.27263171904381	4	2	2	-6.7332058111909
chr7	430570	552420	0.284603831458555	39	0.122538583529602	3.44057775399086	797	3.27077080439658	7	5	2	-6.73318171914114
chr7	578854	1777913	0.312012305405376	478	0.107382570764308	2.74043544845759	11472	1.39015322410258	6	4	2	-6.75749284349358
chr7	1779543	3424032	0.498801677912489	379	0.101220328971695	1.954352632254	10278	1.0518395036251	4	2	2	-6.74522219685787
chr7	3586416	5231042	0.000388206418428794	225	0.031422029351578	0.883742479536329	5455	0.40471716258217	2	2	0	-6.7346895767898
chr7	5235906	5367749	0.44949445042719	62	0.0875477734657795	1.82926421914796	1380	0.8215259062548	7	4	3	-6.79733396935534
chr7	5377790	5732595	-0.00207967772528583	59	0	0.947792914710878	1947	0.582760003203724	1	1	0	-Inf
chr7	5771669	5840988	0.498804915361042	30	0.10480633480898	2.3939184496001	669	1.10212960110051	6	3	3	-6.73336070082767
chr7	5841223	6295555	0.245833830030829	272	0.1177579595558	3.27618228598765	6540	1.99657925335739	8	6	2	-6.73402590229322
chr7	6296610	6334273	-0.000862595890242068	10	0	0.875186091783576	209	0.358082721406511	1	1	0	-Inf
chr7	6339547	6624672	0.498809994627193	118	0.0981784780124217	1.86899400202269	3546	0.915185220868772	4	2	2	-6.73417592177362
chr7	6629829	6823843	0.272327380410222	82	0.147412275445849	2.85136834444497	2226	1.9935659915736	7	5	2	-6.73809847041636
chr7	6824929	8078014	0.00162683187288226	104	0.076297254239461	0.862997486545884	2208	0.34893205086318	2	2	0	-6.73366078809503
chr7	8086564	11736422	0.498737114331646	191	0.103664115700613	1.89532498405327	4496	1.10635422166968	4	2	2	-6.74631256091615
chr7	11769292	20161772	0.000948178025460655	330	0.0643496101869692	0.924824954977736	8079	0.482790149180409	2	2	0	-6.81397189113222
chr7	20263698	25568319	0.498858891659937	528	0.0936633999233078	1.76705276741796	15875	0.806759674533944	4	2	2	-6.73435354117837
chr7	25689798	51348423	-4.75979945146476e-05	1393	0.0713116842711462	0.870955734253807	44414	0.396277708821463	2	2	0	-6.73326916491623
chr7	51359789	58091558	0.498867984974055	704	0.106033004579995	1.83645893090717	16999	0.855016565694234	4	2	2	-6.74941499187874
chr7	60958177	159195318	0.33506624446497	8764	0.110699777290752	1.318007407784	273790	0.563495574431751	3	2	1	-6.75311869390207
chr8	213654	7365703	0.00347524097651442	380	0.0463942874238701	0.436422035937559	5636	0.215166438303655	1	1	0	-6.73768219129771
chr8	7402357	8225790	0.49845582518609	60	0.148188645233942	0.604562248764842	809	0.314030915374566	2	1	1	-7.3313415331832
chr8	8273603	12185415	-0.000506956695882521	224	0.0128877457389033	0.438233088107862	5042	0.202472083820427	1	1	0	-6.73750101093548
chr8	12200623	12591630	0.22280944242095	53	0.161233113335922	0.613922532635453	529	0.288469098701497	1	1	0	-8.02154765003009
chr8	12626473	43500515	0.00277015064174629	1598	0.0249392572738278	0.437114386904876	44149	0.206550195090591	1	1	0	-6.75265463985683
chr8	45952307	145003393	0.325235134744543	4850	0.109398593391524	1.32787020134389	182855	0.580490837905258	3	2	1	-6.79191219507057
chr9	10368	33677434	-0.00116034636208245	1210	0.0309319963075962	0.432649089367548	28819	0.198813493315956	1	1	0	-6.746395220996
chr9	33771733	43253957	0.498803094095289	936	0.120549638504145	0.860158319301234	23818	0.361993002415815	2	1	1	-6.73825485487328
chr9	61562440	65659220	0.313082054845421	124	0.132949312653796	0.909574856908262	1692	0.402331124913657	2	1	1	-7.7629463993845
chr9	65693752	96727038	0.498863933219034	1569	0.108930493424472	0.879559689222366	51956	0.381445518207388	2	1	1	-6.74965776684253
chr9	96734675	98359193	0.249788623296964	193	0.108894059685952	1.72425460248011	8160	0.713148767194282	4	3	1	-6.7331745939832
chr9	98447306	138176464	0.49890226512238	3336	0.107151720771763	0.877561418536468	116116	0.367051655899325	2	1	1	-6.7477657409685
chr10	47588	39114427	0.498881842557164	2868	0.109452916608033	0.89819623498362	74325	0.403094262252392	2	1	1	-6.88047131037264
chr10	41859953	42249237	0.385188333637099	63	0.12657156669306	1.26552228056505	786	0.575693865744883	3	2	1	-6.8327284291513
chr10	42249281	75422261	0.498869788404779	1896	0.10659250845058	0.884410180385046	61830	0.368980706560817	2	1	1	-6.77452356947827
chr10	75471228	133787106	0.330439567814295	4072	0.111336501971832	1.32991152106787	156117	0.572436948516225	3	2	1	-6.77324662688007
chr11	198665	50553118	0.498906350285031	3644	0.104329956068855	0.868558621133863	107900	0.353926228488593	2	1	1	-6.73343954602453
chr11	54591998	124250452	0.498902320507658	4176	0.104427904297429	0.86405926282568	175595	0.349977735676135	2	1	1	-6.74698736603717
chr11	124261053	124274783	-0.00319841251747544	9	0	0.537076295282183	75	0.154048518155632	1	1	0	-Inf
chr11	124309939	135028117	0.498849998556995	436	0.104028118055641	0.857824771134789	18185	0.364427393064175	2	1	1	-6.74208455332653
chr12	22477	60158	0.195240130887533	18	0.0967004166911151	0.979469450918773	90	0.469039320068464	5	4	1	-6.79911129716847
chr12	107657	14093756	0.000603363436241289	1261	0.0735817905295638	0.431107026462215	33843	0.186315894041997	1	1	0	-6.75058995901765
chr12	14162140	34523014	0.498872609104257	1099	0.106567063903796	0.870825041274119	32671	0.360011015037531	2	1	1	-6.73328476778875
chr12	37323776	133056950	0.252573173057452	8316	0.107223395616587	1.74585855769391	372512	0.769186025673108	4	3	1	-6.73479559468697
chr13	18177561	114325598	0.498891579199975	4116	0.110814484051501	0.862170780052359	124055	0.371920291967906	2	1	1	-6.76360603702727
chr14	16098225	16099236	0.161913461759897	2	0	0.948420438452516	7	0.24377507197063	1	1	0	-Inf
chr14	18289828	19933937	0.319267211973583	143	0.136376534076018	0.845008735905249	2063	0.307710442343992	2	1	1	-7.64469343708659
chr14	19935544	106874913	0.498898484038068	5408	0.107664135096566	0.865479702687177	189868	0.366177707103796	2	1	1	-6.74183976098758
chr15	20039614	101980762	0.498896200805336	4933	0.110043401531228	0.87130581627715	201368	0.361885829651702	2	1	1	-6.73453758948102
chr16	11641	33734895	0.498891331534515	4077	0.105382900759806	0.877771551923286	125634	0.373952953197131	2	1	1	-6.74573830657796
chr16	33737045	34571817	0.498267730136757	27	0.137186389314339	0.860301233355974	766	0.314090166200675	2	1	1	-6.73371167389098
chr16	34573087	35414415	0.441755862445018	51	0.105063857332801	1.22421052271168	1103	0.498048812837625	2	1	1	-7.14106355444642
chr16	46386263	46401549	0.484543573079952	57	0.112641033847642	1.31265130954485	1008	0.368900511194717	4	2	2	-6.74963677211957
chr16	46437595	70044472	0.498864195038364	1290	0.105105366075576	0.879740285940286	60211	0.369539225178034	2	1	1	-6.747018321702
chr16	70123202	70680681	0.266697171194384	61	0.142300868438917	0.791141766123259	4217	0.38033834105563	3	2	1	-7.39046204789115
chr16	70692892	74319853	0.0025742582979606	162	0.0227556272643798	0.427065461560858	7137	0.185266017897221	1	1	0	-6.76104547723736
chr16	74332633	74423310	0.498491635709724	34	0.195689477636775	0.501602492069874	611	0.201279561430602	2	1	1	-7.11433669232465
chr16	74424459	90106232	-0.00137759644180074	1644	0.048730403908483	0.438462540354392	29913	0.210429209776597	1	1	0	-6.7484379444668
chr17	138189	23016487	0.498884043184201	3105	0.111200841248775	0.873247930958415	95585	0.360730532660106	2	1	1	-6.73494185503782
chr17	24421408	27008583	0.304416834521244	31	0.121434419665801	1.12682252254217	323	0.362378172477432	3	2	1	-7.00988650854992
chr17	27025282	34440066	0.498825282682057	524	0.104283719451875	0.874494855604432	28233	0.357829996468801	2	1	1	-6.73420198548773
chr17	34486423	83135542	0.32747186027009	7874	0.109366401457191	1.33147984508759	255446	0.572766860695223	3	2	1	-6.77210102914531
chr18	47858	110425	0.488955111949963	21	0.193150028043833	0.815687601412444	303	0.349929709057105	2	1	1	-6.73624639096023
chr18	112320	2719670	0.00223635525864185	148	0.0147156538704939	0.428286246794012	2992	0.212061222201351	1	1	0	-6.7547662462964
chr18	2728688	15350708	0.498848903901272	995	0.110771293262922	0.880913583200877	24506	0.385508546910289	2	1	1	-6.74160230158302
chr18	20944336	80250865	0.49887647254236	2375	0.10528995139585	0.876760543453028	76515	0.38220976838309	2	1	1	-6.749450940652
chr19	107381	24394239	0.498903052919691	5023	0.107192271614928	0.879301453879569	163640	0.362046216800393	2	1	1	-6.74675543404502
chr19	27392072	58599150	0.49891655224347	5794	0.105696015437078	0.866443300628955	179827	0.356902105870731	2	1	1	-6.73503177622023
chr20	87623	25509710	0.498878551354876	1593	0.106141973596199	0.874430344594828	46456	0.377865847556872	2	1	1	-6.73637773710448
chr20	25519869	26133007	0.294771981489062	45	0.148076488561306	0.860851861083096	985	0.374681945743229	3	2	1	-7.19495698852162
chr20	28560028	64327831	0.498890604179798	3965	0.117659815883838	0.877945147205146	105215	0.404904224071621	2	1	1	-6.7450100502796
chr21	5034010	9309604	0.498649986913622	154	0.130670580024082	0.741345165618263	1040	0.361246114135466	2	1	1	-7.19597519560467
chr21	9347963	13113074	0.385763747910668	674	0.149030492873272	0.673183852041868	3786	0.28973656001363	2	1	1	-8.45362092409506
chr21	13227652	23364943	0.00220447749896907	219	0.0665976557268636	0.248611836548019	4568	0.136344791771245	1	1	0	-17.4064602493074
chr21	23556656	46661749	0.368898818046458	1700	0.122718318465836	0.672835223122426	44601	0.292301669461547	2	1	1	-11.9012314891675
chr22	10679333	11066803	0.498698583605476	466	0.142061547004109	0.748482767893816	1712	0.309060889898299	2	1	1	-6.78733519293846
chr22	11067156	12797360	0.498631612465488	284	0.14619202048379	0.908309881343467	1504	0.379145234128788	2	1	1	-6.74675176629111
chr22	15350241	50808263	0.498894409031193	4595	0.103801274596442	0.910273476324874	133864	0.387855457547912	2	1	1	-7.01499837392919
chrX	284193	57961421	0.00199507719101089	1953	0.0593575370780615	0.444476014479721	73364	0.20781210273195	1	1	0	-7.09889361158148
chrX	63895417	65919534	-0.00117073128255107	38	0	0.433802825829427	1738	0.228869512491752	1	1	0	-Inf
chrX	65956333	67721755	0.0349284485966511	9	0.123051254000563	0.409170098142793	978	0.190637171491223	1	1	0	-6.88667437842177
chrX	67766243	75414734	-0.000704416001823416	226	0	0.440034098381234	12735	0.193063055474619	1	1	0	-Inf
chrX	75744380	77383717	0.0329912563585641	9	0.110239637961025	0.443515018370585	683	0.199710735543248	1	1	0	-6.79599220519162
chrX	77635955	88413146	0.00152686339254349	127	0	0.436876356915381	6237	0.198497789764788	1	1	0	-Inf
chrX	88459321	89552357	0.00642854773816393	9	0.0556666666666667	0.453988187817898	230	0.2179904137045	1	1	0	-6.76665412358136
chrX	89552481	101059173	0.000269909913863053	169	0	0.449713545224271	5955	0.213588756216004	1	1	0	-Inf
chrX	101063640	101276449	0.0426486534596502	9	0.133333333333333	0.441711329249181	738	0.206609046744685	1	1	0	-6.79454243530616
chrX	101302942	111686093	0.000479868538098671	183	0.00495278251539564	0.431307470555231	11796	0.186094932778318	1	1	0	-6.75032285437188
chrX	111711653	112437826	0.0189186714659805	9	0.077	0.424318088098386	596	0.201605983567249	1	1	0	-6.77540764540588
chrX	112454808	155939494	0.00111806682050669	1129	0.0609797470458877	0.444385837392891	46439	0.202486123158039	1	1	0	-7.02164284536884
chrX	155985262	155996516	0.363911407322566	14	0.15712717953763	0.407466953051373	45	0.185667830908705	3	2	1	-7.00977651462786
chrY	10796683	11722100	0.34731975436408	74	0.146614672776063	1.26175667237158	458	0.526555589828347	3	2	1	-6.74069606900692
chrY	26436900	56886905	0.477486480362238	205	0.122986333044506	0.986942362824384	630	0.341237565764518	2	1	1	-8.57912384162584
