chromosome	start.pos	end.pos	Bf	N.BAF	sd.BAF	depth.ratio	N.ratio	sd.ratio	CNt	A	B	LPP
chr1	65974	5166924	0.498858168698556	586	0.111976900483723	1.062682836977	14732	0.323026975861667	5	3	2	-6.96069997406442
chr1	5271855	7229717	0.199405524913066	139	0.142013099632057	0.644032879748273	4178	0.235655238292284	2	2	0	-6.8856350563897
chr1	7523648	20757874	0.498862081854113	1480	0.112281760728858	1.0337820956152	44030	0.35183117884065	5	3	2	-7.00084843186804
chr1	20773353	22644149	0.331241292200716	267	0.103706562661597	1.48465904053415	8174	0.494971102423228	7	5	2	-6.76630458763406
chr1	22681504	72274951	0.498884332203201	2592	0.104463711494065	1.05150233301891	114643	0.364470108854323	5	3	2	-7.00940919402732
chr1	72282161	124514261	0.359714420439738	1422	0.119710649694474	0.839364510955687	53847	0.289997256676077	4	3	1	-8.50664972423355
chr1	125094663	143280652	0.322703881052007	37	0.131444218520947	0.566486814383136	595	0.161153951412294	2	2	0	-8.38883518042948
chr1	143280657	248945614	0.498899396222879	5613	0.105572637050299	1.15950621976976	211191	0.379639829171001	6	3	3	-7.49075073982839
chr2	62021	80175818	0.183588116371834	2699	0.127390616864284	0.774800068123111	95527	0.2827169069347	3	3	0	-7.03525553933457
chr2	80179652	90315557	0.498761161687443	389	0.129622291891136	0.792602224492478	11655	0.282932750056547	3	2	1	-7.21460937930761
chr2	90380709	90401090	0.489536604434973	54	0.183365060147834	0.356154513425413	219	0.16438285574395	0	0	0	-6.74678409532984
chr2	91467353	91987666	0.498564667409129	52	0.125900836927579	0.781319492351945	783	0.469670629884932	4	2	2	-6.76535180335189
chr2	94190317	236394418	0.410075485714618	4465	0.119129504377929	0.795273977994314	168779	0.276103160320713	3	2	1	-8.63740270020192
chr2	236486800	238892734	0.280435375594249	162	0.111868260839013	1.09761830667037	4842	0.351761224658564	5	4	1	-6.7481509918679
chr2	238967792	242183396	0.420207140684879	249	0.119821717598652	0.768213048506566	7580	0.244854806792449	3	2	1	-6.75639687013087
chr3	51295	90234713	0.39642864468142	2946	0.120769516648864	0.781744697037089	115256	0.274705814587386	3	2	1	-7.37263033317985
chr3	91404517	198120733	0.392870142478021	3606	0.120697617394269	0.793825992352139	118441	0.285512386534205	3	2	1	-8.09743027160996
chr4	47230	48265755	0.498868942108528	1844	0.109333313147878	0.9414975027297	56186	0.331097046721625	4	2	2	-7.04244178169555
chr4	48292024	49157921	0.362396967458441	103	0.156025762149129	0.801893250275278	2381	0.380225615737442	3	2	1	-6.7793174792869
chr4	49158002	49711699	0.49851155712991	90	0.146577901296765	0.773541624113657	428	0.461269310588184	4	2	2	-6.77346953305181
chr4	51996206	103849496	0.498863283306342	1499	0.107474172331645	0.961022326659265	52904	0.330466762461407	4	2	2	-7.50688509750304
chr4	103860362	134952294	0.407523484027213	664	0.128161693305811	0.803772570717224	23211	0.288464089221841	3	2	1	-7.43516748932448
chr4	134952960	169757842	0.498840770952483	1064	0.113250992901975	1.0812696631575	33817	0.394362928841089	5	3	2	-7.00571658659669
chr4	169819310	190179746	0.413654175424857	658	0.129004860931886	0.77957210775729	16083	0.309770444617951	3	2	1	-6.84305548029278
chr5	94569	46381441	0.498868975185554	1846	0.101568504039876	1.41385519948323	55441	0.580599629160918	7	4	3	-7.00705196118939
chr5	49599598	49666481	0.480792491774889	75	0.164047235561882	0.404298125437147	339	0.136283877044731	0	0	0	-6.91581318681002
chr5	50370678	51403480	0.42457252669449	23	0.109891808093989	1.96483267697213	1183	0.679544324049612	12	7	5	-6.74166074168133
chr5	51572707	54692291	0.171319177603853	104	0.117114259251127	0.853115809089339	2254	0.321438248659919	4	4	0	-6.80600767479862
chr5	54711957	56232988	0.194475703103889	112	0.110122546398207	2.83229541252723	6643	1.65688157657888	18	15	3	-6.73605186692703
chr5	56238465	56646458	0.078412861018506	61	0.0570612316113617	8.38823420535295	1692	5.38915408062844	11	11	0	-6.75108521167999
chr5	56672769	57243028	0.202668260548589	76	0.101794147282899	3.0026994559279	2791	1.26031004937763	18	15	3	-6.7334595450854
chr5	57318837	97742853	0.164492360386002	1093	0.117990188871835	0.84358535847169	37422	0.309837780807141	4	4	0	-7.88817058413315
chr5	98179477	101206087	0.260110739255579	99	0.110983926177251	2.61122634820129	3447	1.06484124237335	14	11	3	-6.74686039314463
chr5	101213380	103223727	0.133714761347613	41	0.137979748425665	0.889028748513474	1297	0.336939764066111	4	4	0	-6.7722893967617
chr5	103321187	103830829	0.498551792639143	25	0.136105743204809	2.91681634186518	655	2.95988862594096	18	9	9	-6.73314820540701
chr5	103848206	108120583	0.13326898816973	133	0.0875723988473104	4.2930379197384	4009	3.03521274557008	20	18	2	-6.75155582298204
chr5	108132219	111981537	0.211286579671246	187	0.100160076868069	3.14803464719147	6903	1.25336587211412	18	15	3	-6.74278663482867
chr5	111982172	114432963	0.138817030773819	273	0.0835733633203117	4.70622678393761	9845	2.28024644081996	20	18	2	-6.76702571344517
chr5	114543137	116295107	0.499070054194689	65	0.0815720009939308	1.5805293263168	2318	0.609194391701354	8	4	4	-6.73818511103
chr5	116295318	117038700	0.139910224560235	77	0.102307866371707	4.44844139598955	2051	2.06559945025809	20	18	2	-6.74245057541098
chr5	117100833	120958892	0.0981450081194339	342	0.0740927654242981	6.65992961513642	11559	3.99020550116108	20	19	1	-6.80762132192838
chr5	121039816	169233313	0.172188995040059	1583	0.115102189776429	0.835203026384079	65834	0.298504874936404	4	4	0	-8.45626256358314
chr5	169247751	170831494	0.275857452675695	153	0.106155958604779	2.68625781478543	4371	1.2191349154534	16	12	4	-6.73337068918987
chr5	171171386	174415429	0.348118118961791	178	0.133725966681572	0.982773772465568	5342	0.366566487288759	4	3	1	-6.82731616005991
chr5	174418463	181288546	0.172017386963495	692	0.120877119909011	0.813442711999925	17926	0.28096110972471	3	3	0	-7.01913403130546
chr6	142899	31321301	0.498881152711764	2151	0.0987032489927493	1.36764855627906	63785	0.463433280437631	7	4	3	-6.91100795282294
chr6	31321403	31339770	0.0678049331110248	9	0.102104113531238	1.71621349148209	14	0.722212538349654	12	12	0	-6.73473257310045
chr6	31339822	60666355	0.498888281561042	2042	0.0964165267508708	1.40977753695335	79894	0.447817629137926	7	4	3	-7.01474891410683
chr6	62177194	170732013	0.278210695546269	3667	0.120319327877248	1.06175446737956	120539	0.372995676343761	5	4	1	-6.73603028228235
chr7	50462	14750070	0.366032615709097	1164	0.113285452601582	1.18912346410719	30354	0.416142553444414	6	4	2	-6.75519956452955
chr7	14877256	29731981	0.344170500323903	564	0.118482102781138	1.38081758440337	20011	0.487160877818597	7	5	2	-6.74403293443397
chr7	29732128	58100473	0.371491438725716	1272	0.114768098167678	1.2080920826573	41113	0.425365518621266	6	4	2	-6.73456398227028
chr7	60958059	152180207	0.384682888237646	4756	0.113230686331306	1.17490602360359	169310	0.411920490026648	6	4	2	-7.03370902852713
chr7	152187522	159260906	0.39750857930779	532	0.111248390401162	1.18131021938212	11034	0.42483735540755	6	4	2	-6.77290487839821
chr8	213553	43522608	0.257658975476718	2417	0.120438549496775	1.14813047322843	67227	0.408698048089952	6	5	1	-7.15972615189118
chr8	47071124	145003236	0.252256131508734	3197	0.119394179862378	1.16764418974481	116345	0.411790186262929	6	5	1	-7.17968137253244
chr9	117877	43242683	0.405249496288349	1714	0.129418644002562	0.771097867844869	43349	0.283328949156881	3	2	1	-6.83448802720518
chr9	61571795	138220869	0.387181869312518	3495	0.123219000302251	0.761865467839468	117822	0.266561968892848	3	2	1	-6.76090364199429
chr10	47476	39986522	0.498861205732319	1440	0.132896126946898	0.603582048771587	41570	0.241408610905301	2	1	1	-6.739598787645
chr10	41818570	42200974	0.44848427338454	57	0.146479433064089	0.55286297381921	356	0.26427055453273	2	1	1	-6.83387297850915
chr10	42210047	133689399	0.33198225917745	3575	0.121375304884527	0.88572519605328	130275	0.312993959140448	4	3	1	-7.08787125845987
chr11	197557	33618558	0.496489713903667	1801	0.115725448606782	0.790389649301706	54647	0.259478548471377	3	2	1	-7.61870991426434
chr11	33633321	43312307	0.270233708235868	291	0.120673813979083	1.14977867632622	7801	0.420923749587046	6	5	1	-6.83949631330231
chr11	43318879	50512735	0.424844823088632	334	0.105581201890241	0.768096958594357	15136	0.265880507476949	3	2	1	-6.77785275795157
chr11	54591999	66491445	0.398108457197685	898	0.116022126858587	0.781492463044075	39585	0.272307734173276	3	2	1	-6.82544898488275
chr11	66504671	68068676	0.205014785744438	257	0.0820359261452075	2.156960525644	14181	0.747820689681094	13	11	2	-6.73983421278868
chr11	68068727	68511361	0.459075439577068	34	0.116182769070448	0.932738250193183	1414	0.344297362074695	4	2	2	-6.80805609663387
chr11	68533422	71737766	0.0724180076733997	763	0.0723714943374801	5.93660497229525	27811	2.90618729511374	20	19	1	-6.84686161064739
chr11	71784435	79643238	0.414827059336914	424	0.117420720592536	0.829729131055226	17197	0.728453374326472	3	2	1	-6.81541712071068
chr11	79805942	108674005	0.411292519993382	789	0.10149965566497	1.12507024681028	29906	0.386281953755599	5	3	2	-7.13086910282095
chr11	108690013	135057684	0.232164170212279	943	0.136024017945601	0.611148537312744	35656	0.218240408815022	2	2	0	-6.76707661913675
chr12	12304	34309912	0.49887261630064	2083	0.108263599656992	0.959232199061471	59907	0.32978207728075	4	2	2	-7.23614453198263
chr12	37540858	133231553	0.498872547558958	4180	0.118790830770171	0.861109678705694	167622	0.317393899628384	4	2	2	-8.05992670045959
chr13	18177561	114353849	0.49888061259743	2745	0.117245527971342	0.863650139044113	86734	0.31949606383434	4	2	2	-7.93605553179047
chr14	16037128	16401976	0.256612603671038	3	0.137158059673259	0.886757810672323	34	0.481207879375333	5	4	1	-6.79002890438699
chr14	18330620	31503065	0.345905778586193	899	0.109948013755639	0.940270132600835	27889	0.296371427763364	4	3	1	-6.84214192383956
chr14	31549470	71862871	0.498865417080902	1645	0.102019531384648	1.24672852961668	61791	0.446058234340888	6	3	3	-6.82867553432562
chr14	71913052	74550167	0.359252002774775	271	0.106865047048678	1.59466798614381	10904	0.575256647325404	9	6	3	-6.74330211392462
chr14	74551383	106874644	0.498872081574688	2046	0.0986544768424129	1.23788559176258	68595	0.412194830536879	6	3	3	-6.78371569417684
chr15	17081956	17081962	0	1	NA	0.584	1	NA	NA	NA	NA	NA
chr15	19987698	101980754	0.403885324593322	4081	0.123678243218197	0.765920472398334	136746	0.26695297377717	3	2	1	-6.81700472844369
chr16	11602	25889850	0.386812841819099	2598	0.117523671284369	0.983053723353749	74812	0.338905451707521	5	3	2	-7.49889665100141
chr16	25911774	34268483	0.498827665162335	557	0.0996513515226959	1.11274085518452	26491	0.368028521551034	6	3	3	-6.99182557240839
chr16	34572124	36104247	0.429958019171853	86	0.107360058756235	0.818549846932465	1404	0.489036584058478	3	2	1	-6.80240066199647
chr16	46383753	46401545	0.495976043513612	70	0.0976885457301607	0.614353842654095	934	0.132529076312926	2	1	1	-6.73416173428985
chr16	46550410	52468659	0.00118960133952925	212	0.113207552712078	1.1619933014315	10058	0.400911447956442	6	6	0	-7.41541632548365
chr16	52645993	61082273	0.174259956098759	413	0.120760142774964	0.762775853543981	14779	0.268407313315983	3	3	0	-6.76356117699125
chr16	61500165	76878666	0.324679504945256	785	0.125546860022401	0.893323346051806	35486	0.311716018879117	4	3	1	-6.76444099707012
chr16	77165663	81755524	0.335469165502062	204	0.156417507603909	0.442565753961367	3894	0.186499243846733	1	1	0	-6.78863290697942
chr16	81828538	90102289	0.32204514900197	855	0.112721994072755	0.914268037378604	19879	0.303311942107845	4	3	1	-6.74084977064866
chr17	137637	21306742	0.498876115686806	2346	0.11392857731978	0.901368804342224	70334	0.296884030240866	4	2	2	-6.74328318401778
chr17	21306831	21322682	0.0625468853974859	11	0.0835791405033142	0.7891438542783	76	0.351172480988344	12	12	0	-6.81425028993524
chr17	21325915	22717047	0.388582422038691	194	0.137623965028722	0.922575543847465	1457	0.359550492450383	4	3	1	-6.8296219947565
chr17	24421526	26939418	0.469392730847327	19	0.189784519238767	0.508260106452828	149	0.25928423187072	1	1	0	-7.29510215955899
chr17	27025282	63856668	0.498875816331246	2322	0.117929678233848	0.895684277876794	108170	0.305208615107476	4	2	2	-6.78422270323562
chr17	63865257	65579802	0.441317904086976	160	0.132309825401588	1.24384480300155	6461	0.428849325136657	7	4	3	-6.78017256441954
chr17	65605028	83151013	0.498868152170648	1797	0.112286533588018	0.900053950282536	52558	0.306061583934427	4	2	2	-6.74403692474092
chr18	48266	3742572	0.331691824983356	286	0.12415895820367	0.919371740835349	5982	0.343429890802666	4	3	1	-6.73555795405502
chr18	3743633	15356775	0.284511496036272	588	0.127365360318641	1.10364976018164	16541	0.391753391624011	5	4	1	-6.8044871180082
chr18	21006644	80250865	0.337247095509794	1533	0.122343264988242	0.97098519798989	55872	0.348687435868492	4	3	1	-7.79454981190141
chr19	107381	24394098	0.49889069643898	3979	0.114255699328868	0.87000273610669	122225	0.291246256211688	4	2	2	-7.04627313162633
chr19	27392127	58563286	0.498893774423533	4482	0.108291158610311	0.88197348658587	137045	0.2841857240606	4	2	2	-6.93681712320683
chr20	96321	25773504	0.131548010804921	1076	0.100195321635985	1.09649664213935	37988	0.380032036149928	5	5	0	-6.85731081628576
chr20	25773519	26274736	0.367633340043488	31	0.135788529453643	1.15987784762686	421	0.390425074990181	6	4	2	-6.73860263108789
chr20	28513612	31185820	0.493464553161182	623	0.144302426714738	1.03445246283947	3030	0.407191125824303	5	3	2	-6.85794767173496
chr20	31237425	53181581	0.112683442070231	1401	0.0981186995198806	1.19811996390833	64219	0.413904364946353	6	6	0	-6.75262644212098
chr20	53255499	55102079	0.0497651000964017	174	0.0569466869490648	2.68028656849062	5251	1.14356170721314	17	17	0	-6.73885755148522
chr20	55170918	64190813	0.0966662723197135	684	0.086460400437429	1.38874898681171	22607	0.460519938417348	7	7	0	-6.75832073597404
chr21	5218065	13113074	0.498723700126922	618	0.133337234942496	0.831431828145003	3679	0.307174809011327	4	2	2	-7.10795827527251
chr21	13227652	46623390	0.400856346715554	1516	0.122500844882286	0.76606591744095	39907	0.278387492158235	3	2	1	-6.76564465246625
chr22	10685774	12789493	0.498707643314472	517	0.138283946446474	0.914187300910457	2374	0.3262698541137	4	2	2	-6.73346770845063
chr22	15489551	50808180	0.498883740099499	3071	0.113788216747387	0.906492918639078	97039	0.31390145821536	4	2	2	-6.73471295056046
chrX	262267	57985860	0.222979297154256	1498	0.141232796013149	0.63461191352967	61367	0.247211955151111	2	2	0	-7.76917734444315
chrX	64192810	156005413	0.223669576667533	1392	0.134062011259355	0.632490486506757	76056	0.227290658406497	2	2	0	-8.2602966617079
chrY	10796639	11743913	0.317681007276381	78	0.13086000023055	0.582506908786254	446	0.215326499403328	2	2	0	-6.90847320864212
chrY	56826657	56887102	0.405058073887942	177	0.130690995970792	0.768641756105423	532	0.315134060658216	3	2	1	-6.73400631130496
