chromosome	start.pos	end.pos	Bf	N.BAF	sd.BAF	depth.ratio	N.ratio	sd.ratio	CNt	A	B	LPP
chr1	191870	1955062	0.343975826505852	180	0.102761153284969	0.876056229832879	8835	0.425357686070905	3	2	1	-6.7741397896285
chr1	1991778	12938859	-0.000135339184807848	664	0.046445970543063	0.799297825635797	33634	0.417829069492853	3	3	0	-6.74088909688309
chr1	13006683	13260128	0.49888601482575	46	0.0991194175588117	0.802494210332677	394	0.416254636217158	4	2	2	-6.81012439859523
chr1	13260152	16490636	0.0022392801245068	349	0.028063656814071	0.778857435194073	9997	0.349285833614253	3	3	0	-6.76262086208269
chr1	16508139	16947843	0.498608483636737	206	0.164020631358521	0.95111280448362	2540	0.451242889798068	4	2	2	-6.75430573381897
chr1	16947856	21411766	-2.02635513011362e-05	312	0.0218632073380358	0.789115359166393	13893	0.364751299212281	3	3	0	-6.74797381079403
chr1	21424649	21481730	0.498668489868338	10	0.182823807105214	0.832146392478679	228	0.215808453460235	4	2	2	-6.78306932264196
chr1	21489734	36406277	0.00168744177896157	840	0.0480461054839094	0.807844063711224	52257	0.371068487575196	3	3	0	-6.73471941765553
chr1	36413985	42533008	-6.30703883439665e-05	262	0.033410616078817	0.537354959125444	12547	0.21733705595121	2	2	0	-6.73589216852191
chr1	42544802	124741523	0.000434375232820472	2077	0.0405337187431128	0.79451407910052	117771	0.344660517104484	3	3	0	-6.90206099548997
chr1	125094663	144104659	0.252324907908471	36	0.161011978258939	1.95685546364843	2023	1.38646741891494	7	5	2	-6.76541435136824
chr1	145518602	248022649	0.000883090464231934	5723	0.045416921838205	1.31893498753916	298944	0.631950062942205	5	5	0	-6.82384368767889
chr1	248084284	248945575	0.498534218306667	15	0.146545198618362	1.20594242105694	2445	0.347719747267071	4	2	2	-6.78357603834729
chr2	136124	90330004	0.498913609029942	3106	0.0925276572921958	1.08750365358023	165456	0.488833693409078	4	2	2	-6.74063315634911
chr2	90390604	90397800	0.133289238424121	14	0.10528485693062	3.88809905400514	61	3.34646817159483	15	13	2	-6.73303050755278
chr2	90398296	90398297	NA	0	NA	2.278	1	NA	NA	NA	NA	NA
chr2	90398673	92006088	0.498517213613772	82	0.145876256168786	1.06312948692916	1102	0.560631006078244	4	2	2	-6.73396814731339
chr2	94190317	97167955	0.498646865739814	153	0.144777193799691	1.05529985304178	10412	0.48870446135519	4	2	2	-6.73749371388326
chr2	97185594	214956856	0.49891436575913	3321	0.0949787645900641	1.07791457218735	188879	0.4592414625342	4	2	2	-6.73630610851134
chr2	214968691	242004138	0.000139434454698828	1063	0.0261450255717086	0.515900719412973	45687	0.209632776110952	2	2	0	-7.44921821309972
chr3	10368	90051177	0.325560811314548	2507	0.112255573233836	0.795860251812417	140081	0.326840670526353	3	2	1	-6.90895575296974
chr3	91404436	198056766	0.33205388520649	3111	0.109679054663789	0.806148584410131	144453	0.332844682017664	3	2	1	-6.75331153221308
chr4	46210	49711661	0.311646334488619	1579	0.115309595626921	0.803388364224629	64309	0.349145266413363	3	2	1	-6.77548928671339
chr4	51819220	190179679	0.333935373126999	3044	0.111828760163722	0.804929634074835	138940	0.329759415369904	3	2	1	-6.7749757023129
chr5	161693	666208	0.00038269620986553	43	0.0762492851663023	0.648823443487777	1666	0.234873601636797	2	2	0	-6.91033025642437
chr5	795926	1285922	0.452936118576946	70	0.102236436884875	1.47209096585844	3048	0.666864925106699	7	4	3	-6.8082947593943
chr5	1364903	2788487	0.0241828099742367	43	0.114499817444858	0.566629039197804	1139	0.246037042015778	2	2	0	-6.79065534668228
chr5	3077167	5408461	0.269864389794377	63	0.127226688679459	1.25313764719075	1689	0.890722899904063	4	3	1	-6.78575135755288
chr5	5436496	24608539	0.00150966383514706	286	0.0546745229489769	0.526723419933999	11404	0.225504548245475	2	2	0	-6.88320606418707
chr5	24922887	25572613	0.344515267434207	17	0.141693278930645	1.14379714719298	241	0.641399695400635	3	2	1	-6.8468020129931
chr5	26253617	27502224	0.000679443956714598	11	0	0.524258930635404	372	0.232414357949591	1	1	0	-Inf
chr5	27575589	34593260	0.498755661126314	236	0.114050129114156	1.27755728053962	10161	0.778828209430408	4	2	2	-6.9203387540912
chr5	34623464	34867198	0.00417953630975632	10	0.0287767267075323	0.570240629410804	480	0.256414644740515	2	2	0	-6.75197962662698
chr5	34911809	45847891	0.342974727437739	246	0.106249329690738	0.810873090923934	14938	0.317522665481874	3	2	1	-6.73796666492868
chr5	49601573	62381084	0.340950833601372	387	0.116139788657601	0.827095834305786	12995	0.340175290784962	3	2	1	-6.76129024235984
chr5	62398552	63818580	0.166332531731787	44	0.127563315953949	1.32761988812978	1560	0.643487116270741	5	4	1	-6.7751932284267
chr5	63929412	181281775	0.332136446033196	3273	0.11046884714602	0.794475408781499	162627	0.330321867237291	3	2	1	-6.99296148476058
chr6	160049	3202371	0.165165653025656	222	0.115309208772131	1.53996715412519	6966	0.900114859968666	6	5	1	-6.73917589211916
chr6	3205489	8369053	0.32860010095758	164	0.108068949808047	0.830771049307349	7712	0.404766378640621	3	2	1	-6.74520039456622
chr6	8381200	10493010	0.189682523668368	77	0.105870316536057	1.37519034692224	2496	0.824242152222781	5	4	1	-6.73928276664374
chr6	10574898	11929216	0.321302198886051	45	0.108028536259938	0.808941015014845	2825	0.328870455068561	3	2	1	-6.74050814821181
chr6	11929953	28812895	0.190603556054161	859	0.099008120951843	1.3021044889849	40358	0.660512689909368	5	4	1	-6.77052653839434
chr6	28899395	29397061	0.287290153610947	43	0.0638880007000068	0.751487023426396	1107	0.225941190447234	3	2	1	-7.06323456415542
chr6	29426650	31617442	0.188322400821123	779	0.101610545813331	1.35475148075627	16898	0.542520591092947	5	4	1	-6.74096872716137
chr6	31618965	33158438	0.32303772743088	447	0.0977508265686926	0.767702244112297	11144	0.266385828947449	3	2	1	-6.77850117488725
chr6	33159513	35248519	0.215349989961247	125	0.0888091088033858	1.30607369649827	13584	0.565203839739312	5	4	1	-6.75549657559053
chr6	35270377	39066419	0.324347702617798	276	0.104980067121114	0.808238736427273	12115	0.34451287764471	3	2	1	-6.73763560342515
chr6	39126367	43458877	0.156397952373594	306	0.092344299648048	1.55754900189073	22219	0.773869799434473	6	5	1	-6.74754073931999
chr6	43458947	45328881	0.255902718478157	86	0.110886760245808	1.06766330584024	6473	0.48025526022793	4	3	1	-6.73550726469329
chr6	45357254	60873526	0.498841533785564	318	0.109612542890651	0.525522457310142	13441	0.18927783793992	2	1	1	-6.93477801796311
chr6	61531726	170582356	0.498874725469019	2237	0.10175035981635	0.532567145183965	94404	0.215372001096083	2	1	1	-7.03546999460282
chr7	50462	58100632	0.386272018577309	3143	0.10624219028105	1.43540664389127	136599	0.725246127476922	5	3	2	-6.97379382664052
chr7	60958042	66977091	0.21336204261477	429	0.12789309082709	1.27657964644417	13333	0.606555226521613	5	4	1	-6.771382260173
chr7	66986751	100948959	0.000826753031149041	1373	0.0774343711777028	0.971051437967427	71492	0.447305917839825	4	4	0	-7.72591025109408
chr7	100951933	100974764	0.414394687010748	159	0.130407336456962	1.00947377392458	1054	0.23900591975875	5	3	2	-6.76068557006707
chr7	100987709	102480387	-2.35637464975902e-05	216	0.0516148625428218	1.03272015482839	9538	0.467006634853984	4	4	0	-6.74167737637271
chr7	102489612	102754477	0.0414059831584828	29	0.195457043017192	1.25933217878371	391	1.35229816865706	5	5	0	-6.76026989806762
chr7	102761543	142293053	-0.000735923189625953	1038	0.0242530843262869	0.963110074233444	65603	0.411483494116095	4	4	0	-8.19037389352195
chr7	142308976	142774011	0.423150215257742	76	0.183878317411366	0.955595318341256	1915	0.30049866273768	4	2	2	-6.88283597728057
chr7	142774347	152353791	0.000689493419865683	408	0.0647484576122415	0.892269391796806	22192	0.373146906755607	3	3	0	-7.08829473059137
chr7	152379803	152416418	0.426829383508625	86	0.123649767958857	0.958275427851632	291	0.518514187327605	7	4	3	-6.7707356578007
chr7	152483885	159260734	0.00131977892431268	309	0.0519252048090786	0.950221934755024	10257	0.513427135442587	4	4	0	-6.9803638107956
chr8	243622	12443916	0.39415611272852	806	0.100953486895425	1.24828305846088	19371	0.631071685645906	5	3	2	-6.8489982709517
chr8	12446209	12674550	0.498472318521572	79	0.150724672737287	1.44071863633386	875	0.74850319284637	6	3	3	-6.73651989204718
chr8	12680929	43192450	0.396717632113094	1486	0.100654480382001	1.29141570708952	74030	0.613708602436946	5	3	2	-6.83274215124085
chr8	46845988	144976801	0.396720903307783	3243	0.102250907099516	1.29148273802138	164600	0.609891103797787	5	3	2	-7.04427775804333
chr9	10416	25562037	0.00207645193463285	414	0.0260484185197437	0.53698618922361	18844	0.225082323791653	2	2	0	-6.7506134607871
chr9	25595809	39042396	-0.000161051693736702	424	0.0354231416613981	0.657816527225965	22093	0.280382020344876	2	2	0	-9.25367138186493
chr9	39062664	43242683	0.395426540154547	256	0.153023236843602	0.654482695852186	2230	0.311805834294853	2	1	1	-7.82033149379889
chr9	61902966	67800317	0.49854714054781	121	0.151311391019783	0.603872391774475	1575	0.348046694778493	2	1	1	-7.07087660238671
chr9	67838436	84671077	0.000421633113410869	314	0.026746936994941	0.533080779589274	14952	0.221534952843924	2	2	0	-6.77355003693583
chr9	84694948	131527633	0.337724815480801	1627	0.110012143867829	0.80862929684316	96485	0.339251349206916	3	2	1	-6.73596968750415
chr9	131529397	132114730	0.0816019052258661	148	0.0679997008932132	5.84367347191038	6153	3.95876213265428	12	11	1	-6.74117325356725
chr9	132130145	134527531	0.338575725413276	130	0.100020620712333	0.769283270294859	8779	0.339640983010824	3	2	1	-6.76915279821919
chr9	134658906	135623498	0.0890859279544804	351	0.0862725157624778	5.46638805679944	12039	4.03027052112394	20	18	2	-6.74262115216353
chr9	135694611	138214444	0.322108545761309	368	0.0948625421721184	0.787037152789118	15711	0.29830185411657	3	2	1	-6.75658671079079
chr10	47476	74854	0.395117925111721	20	0.147412516429237	0.887946442794043	119	0.444842684505574	5	3	2	-6.74830276939596
chr10	82636	38455661	4.16846439852403e-05	1324	0.0482621143416031	0.811552361447639	56069	0.36041328550797	3	3	0	-6.73313178870738
chr10	38527606	39131435	0.359910550623438	66	0.162181369162726	0.873214726448591	340	0.354339498395536	3	2	1	-6.76485467247037
chr10	41859953	42283185	0.495503952245324	52	0.145677595791307	1.20307928687485	462	0.548913321997084	4	2	2	-6.74319281032964
chr10	42734365	46118673	0.00239859491651023	111	0.0506696677847332	0.766738902276954	5333	0.318548706484576	3	3	0	-6.79658089589056
chr10	46131979	46783104	0.498659270681753	128	0.151492833753421	0.963170906478121	1734	0.418178216139277	4	2	2	-6.76280551766985
chr10	46814011	133787230	0.000432002284694782	2956	0.0462172514267479	0.796529684350872	141091	0.348261526967309	3	3	0	-6.8682692122079
chr11	193863	50422246	0.328257150975957	2344	0.103071904524382	0.802387922400927	93037	0.348747827132722	3	2	1	-6.76219514998104
chr11	54592062	100191133	0.338380586172716	1762	0.106737643890531	0.786114136760511	106416	0.31134898621907	3	2	1	-6.99547296733754
chr11	100356042	134924670	0.498862152916732	1025	0.101687678841643	0.511795519780343	47333	0.196345391268563	2	1	1	-8.02569568939467
chr12	12867	60104	0.237061919846207	23	0.105273988469238	1.74531379311699	135	1.22263955198336	8	6	2	-6.74294943196641
chr12	125976	34523014	0.49889516794044	1865	0.0911506314233656	1.07181460282924	81183	0.45307991669927	4	2	2	-6.74083240325073
chr12	37418138	133239285	0.498923236203886	4500	0.0904480151737183	1.07679445662957	245049	0.469952007015813	4	2	2	-6.7375516838239
chr13	18177561	104374493	0.340766041444264	1915	0.112027349316978	0.814526699492876	87218	0.34142124673059	3	2	1	-6.74430732427379
chr13	105229958	114300529	0.000846405015236418	301	0.0971746038445059	0.515648759782521	9352	0.210362686904611	2	2	0	-6.99633845262413
chr14	16057642	16401976	0.468548126154953	3	0.167248318377196	0.503038485097965	13	0.306049979159597	2	1	1	-6.76560542188293
chr14	18330620	19933832	0.298938137428758	94	0.137768050322901	0.493212678037383	1464	0.221088638327062	2	1	1	-7.95898707134214
chr14	19935544	106823737	0.498878441852919	2543	0.108249411668258	0.547447592889496	123932	0.237572550535534	2	1	1	-6.87493947497645
chr15	19882428	101954215	0.329247745282532	3243	0.1124219869422	0.799668659545049	167308	0.334511412317217	3	2	1	-6.81879064844965
chr16	34130	33048885	0.498902207355229	2484	0.0979178623789113	1.05384935445696	128902	0.481932083772475	4	2	2	-6.78878134643521
chr16	33337899	36104311	0.498536427383712	97	0.138831810808762	1.43481789649563	2976	0.926079464841401	6	3	3	-6.7620213357509
chr16	46386263	46401607	0.489156901568909	59	0.131724383722587	2.16645882175872	1470	0.555271037216377	8	4	4	-6.73709268098504
chr16	46563970	60667276	0.498854899715945	575	0.0948121793821237	1.13516112804208	36207	0.540753372179436	4	2	2	-6.80085575971164
chr16	60990621	77004916	0.323761994466819	1155	0.120632002749396	1.74613099268005	76509	0.914067524389093	6	4	2	-6.79882575005219
chr16	77180555	80550445	0.19237408164929	120	0.120080378076019	0.607710084455477	2573	0.293488572383518	2	2	0	-8.28104609139521
chr16	80604276	90095778	0.000104259812515661	670	0.0475223044445191	0.522179743699354	19841	0.215611823481749	2	2	0	-6.87714337108764
chr17	137603	22518390	0.334342843657433	2106	0.11329531418557	0.784986685581706	80708	0.320675573598097	3	2	1	-6.86813410633398
chr17	24421471	30970910	0.348630861432735	205	0.105838625209903	0.821477596218081	16598	0.335949351032412	3	2	1	-6.75133819690098
chr17	31209972	66798415	0.498906449703935	2535	0.0944538342475536	1.07873526491964	142336	0.475629236372993	4	2	2	-6.73362219001914
chr17	66798539	66799352	0.109911842087805	15	0.113860315424521	1.40241064027073	113	0.652654862320812	9	8	1	-6.73344376381043
chr17	66833133	83194874	0.498901378315301	1596	0.0937597788616205	1.07172773582229	71995	0.485469169752952	4	2	2	-6.73637017934087
chr18	48740	15350708	0.41212285788348	912	0.102469538898232	1.2483001966062	33302	0.575177269719247	5	3	2	-6.91179345759624
chr18	20942964	80250865	0.498895517336457	1891	0.0947475733817548	1.29403462849634	90389	0.620540748944931	5	3	2	-7.49433740425592
chr19	263280	876910	0.499080170985025	151	0.0786998915881232	1.05842551265202	4533	0.448402764366999	4	2	2	-6.73394515613258
chr19	877718	879511	0.489854514922027	28	0.13386281772118	2.25845199193898	138	1.11657052259898	8	4	4	-6.73647586135811
chr19	879534	3922127	0.49888114190455	751	0.0922392309999591	1.0839695945142	25667	0.564878769469362	4	2	2	-6.73315408592098
chr19	3948977	7166098	0.409400418730445	716	0.0949105192528391	1.33593169850599	28724	0.638054079715006	5	3	2	-6.7395514909021
chr19	7185565	7413249	0.34895791552578	64	0.107790976399947	1.76565354820078	1468	1.04560938181532	6	4	2	-6.74651137712565
chr19	7413463	8705274	0.223971379884624	345	0.0981469511200206	1.06490673796945	11865	0.500427746126069	4	3	1	-6.77565241188447
chr19	8711701	15367514	0.330368966440434	949	0.102221147696424	0.819641898043177	45036	0.336945907796329	3	2	1	-6.73754056508499
chr19	15373001	16059174	0.498814245070893	157	0.115980834875716	0.484780923861946	2963	0.169558471875764	2	1	1	-6.89866728916082
chr19	16062156	20772549	0.340989723376417	516	0.107831407784114	0.794777698937215	27455	0.326171131539724	3	2	1	-6.74679781936571
chr19	20983215	24394204	0.498844793655836	217	0.092814454686785	1.08546276763283	10932	0.376180174390608	4	2	2	-6.73334127078898
chr19	27392072	58586622	0.498914502810602	4027	0.0931219843108611	1.04356916832569	190974	0.440985176168072	4	2	2	-6.85183199069104
chr20	101505	26081229	0.326858367586295	855	0.112766748452465	0.795207231079052	38604	0.337504778958284	3	2	1	-6.78706388056433
chr20	28559257	29419636	0.498669182511561	250	0.138663697064279	0.679514994055353	883	0.254508955656645	2	1	1	-7.12324331953919
chr20	29427314	30815650	0.306675003389529	201	0.154739998591764	0.549941931290455	1063	0.245389081116827	2	1	1	-7.5521281745651
chr20	30820189	39725446	0.332928545554513	546	0.12201942333636	0.83029400323269	31754	0.37085463605404	3	2	1	-6.7545749230444
chr20	39962928	43527874	0.290538600492372	130	0.129168764904957	1.8187456171108	9017	1.01049654241906	7	5	2	-6.7371475863416
chr20	43535128	63690302	0.314969948953205	1849	0.112666402492719	1.55456317434526	77521	0.865014092783772	6	4	2	-6.77782725705006
chr20	63690500	63693732	0.105053721131304	14	0.0996166553442647	4.66473922754744	122	26.1835867097629	19	17	2	-6.7330324020187
chr20	63694337	64302708	0.311952049885731	91	0.120924725574174	1.69967030999093	5727	1.07909431125102	6	4	2	-6.75241740174358
chr21	5218123	13035101	0.498720856484875	638	0.133530258107548	0.748285003161648	3913	0.331826389923383	3	2	1	-7.79929114030488
chr21	13238671	20683831	0.456539712723389	201	0.117826373020239	0.91751973065117	5746	0.457397119496156	4	2	2	-7.34020075610023
chr21	20875187	33408522	0.000166262471343659	208	0.0856362502340185	0.537008641151398	10227	0.237235162288936	2	2	0	-6.7390462760542
chr21	33421399	35682626	0.416655886002618	134	0.0991606328520537	1.38739323187648	5905	0.644745776641797	5	3	2	-6.75214372460067
chr21	35798448	36114354	0.267175506306535	27	0.121552645318996	2.39700991269093	1378	1.57658007694321	11	8	3	-6.73782031474748
chr21	36116946	36995015	0.362079700356481	92	0.106934036671014	1.48066880294215	4573	0.67320073601073	6	4	2	-6.78570910537172
chr21	37023399	46008259	0.00220400864644454	419	0.0931339641956459	0.542693764492568	15325	0.311495878975508	2	2	0	-6.7341757523203
chr21	46020978	46226006	0.351525062738136	94	0.0987215394292904	1.46770016263144	1774	0.535491714516232	6	4	2	-6.75761208220837
chr21	46236750	46661856	0.00244004368256923	81	0.002	0.514943314996667	2091	0.182700798626168	2	2	0	-7.5328344779013
chr22	10685500	12816350	0.354734787341243	625	0.140970230754491	0.676245156398428	2672	0.324989340173371	3	2	1	-7.1217558177172
chr22	15346234	15922939	0.280166464381095	20	0.11357659136135	0.403967569406398	307	0.181933602175876	2	1	1	-9.18819713078117
chr22	16354735	16698096	0.143222642372194	78	0.112873155138187	2.00426190699063	1363	0.903597409797554	7	6	1	-6.73387133916691
chr22	16703388	17104918	0.0944252001847026	54	0.0684616349331644	3.6217063655244	2648	3.06530802464486	11	10	1	-6.73560913065218
chr22	17105693	17537871	0.0436655801596383	244	0.0432541059161737	5.45431110532923	7943	3.91108335140233	20	19	1	-6.74587150914274
chr22	17538827	18854911	0.17686464598324	164	0.104975602468249	2.56562779461395	7140	1.54669394220712	11	9	2	-6.74153983390853
chr22	18858449	20700300	0.249597616689065	337	0.106715152289985	2.10900305082377	16426	1.18104504808667	8	6	2	-6.73353537809224
chr22	20705085	21478181	0.11623451454544	292	0.0840020708947533	4.3024889100413	11138	3.15831599308456	17	15	2	-6.73340097667575
chr22	21488366	23828396	0.171021364654461	714	0.0953113926498987	3.00515948138084	23846	1.95376776046534	12	10	2	-6.73642811241262
chr22	23833396	23928398	0.000932177704440651	27	0	0.518099903961843	480	0.200896883301052	1	1	0	-Inf
chr22	23935805	24003856	0.498419565316267	19	0.213231198138662	0.623998818236856	205	0.280598862379425	2	1	1	-6.74371082227858
chr22	24003916	35421604	0.00184668154322387	460	0.0638342997321816	0.541600868625913	23937	0.329305195946906	2	2	0	-6.73373711393164
chr22	35495985	36169713	0.125569971099326	53	0.103973966123015	1.65157047556307	1552	1.79106553500773	8	7	1	-6.74218877092682
chr22	36191154	37734452	0.00169037210769873	149	0	0.534928798156292	5621	0.21653482006208	1	1	0	-Inf
chr22	37742372	38554104	0.172080134297219	207	0.0981023028118502	3.31012168731472	13243	2.04044004532028	12	10	2	-6.73490417912701
chr22	38594657	39155984	-0.00252462764669537	40	0	0.546438407953041	1910	0.256231800945972	1	1	0	-Inf
chr22	39181084	39296304	0.197347393250845	76	0.0893344592754391	3.19566788199785	997	2.34857995811807	10	8	2	-6.73390982543557
chr22	39300882	39650072	0.000687587897219233	29	0	0.521265786917627	1198	0.202571708756272	1	1	0	-Inf
chr22	39819069	41682933	0.16637470157963	492	0.101216633341729	3.32630800157346	26115	2.28684192697313	12	10	2	-6.73316978128181
chr22	41684184	42210251	-0.000461752437740659	91	0.0925359198316873	0.584451435679654	2434	0.239646120721197	2	2	0	-6.76625285286302
chr22	42255215	42306627	0.139339036319787	11	0.0968212974317306	3.73477246491324	200	3.56755585220019	14	12	2	-6.73382222756995
chr22	42313894	43806490	0.49902488965246	88	0.0921670148192381	1.10739648746337	5876	0.50111918484914	4	2	2	-6.73513211461866
chr22	43880664	50808384	0.000491537716925117	396	0.0270749747510048	0.529914394083183	14836	0.21898333961314	2	2	0	-6.76773890402884
chrX	278445	2779113	0.00243285830487194	272	0.104024472573964	0.555373879269987	4259	0.263746112621643	2	2	0	-6.74894238875907
chrX	9743512	57114779	0.49855472924683	21	0.161020332936706	1.04803274515061	37508	0.385530998620857	4	2	2	-6.9137200308538
chrX	71589783	155985886	0.376399143558837	34	0.172220426264762	1.04530662735718	51073	0.384336566828318	4	2	2	-7.39544418039859
chrY	10785299	11831598	0.340808354055238	76	0.177730315612501	1.06236278901575	486	0.613915886648719	3	2	1	-6.85317626842915
chrY	26436990	56885714	0.495896887593645	177	0.143094746170545	0.657227326890879	520	0.320463387716068	2	1	1	-10.2803961356654
